-0.06,-0.030001,0,-3.64215,1.70379,0
-0.06,-0.030001,0,-4.07674,1.32069,0
-0.06,-0.030001,0,-3.64198,1.70379,0
-0.06,-0.030001,0,-4.07691,1.32069,0
-0.06,-0.030001,0,-3.64198,1.70379,0
-0.06,-0.030001,0,-4.07657,1.32069,0
-0.06,-0.030001,0,-3.64215,1.70379,0
-0.06,-0.030001,0,-4.07657,1.32069,0
-0.06,-0.030001,0,-3.64215,1.70379,0
-0.06,-0.030001,0,-4.07639,1.32069,0
-0.06,-0.030001,0,-3.64233,1.70396,0
-0.06,-0.030001,0,-4.07639,1.32052,0
-0.064218,-0.034217,0,-4.2312,2.02563,0
-0.064267,-0.03426,0,-4.21794,2.03523,0
-0.064221,-0.03422,0,-4.22195,2.03645,0
-0.063772,-0.033762,0,-4.12002,2.15548,0
-0.063735,-0.033732,0,-4.11793,2.15845,0
-0.063737,-0.033737,0,-4.01234,2.28376,0
-0.063735,-0.033735,0,-4.0078,2.28987,0
-0.063736,-0.033736,0,-3.88528,2.43473,0
-0.063736,-0.033736,0,-3.8844,2.43561,0
-0.064948,-0.033735,0,-3.78736,2.55132,0
-0.06495,-0.033735,0,-3.78736,2.55132,0
-0.067592,-0.032893,0,-3.65018,2.72097,0
-0.067596,-0.032893,0,-3.65018,2.72097,0
-0.068513,-0.03076,0,-3.5603,2.84681,0
-0.068542,-0.030725,0,-3.56012,2.84681,0
-0.068603,-0.030004,0,-3.52906,2.90074,0
-0.068608,-0.030003,0,-3.52906,2.90074,0
-0.069072,-0.030001,0,-3.49083,2.96636,0
-0.069026,-0.030001,0,-3.49048,2.96689,0
-0.06915,-0.030001,0,-3.45942,3.02082,0
-0.068761,-0.030001,0,-3.45942,3.02151,0
-0.068727,-0.030001,0,-3.44109,3.0531,0
-0.068756,-0.030001,0,-3.45837,3.02448,0
-0.069139,-0.030001,0,-3.41613,3.09552,0
-0.068972,-0.030001,0,-3.42678,3.07876,0
-0.069163,-0.030001,0,-3.38891,3.14247,0
-0.069229,-0.030001,0,-3.40112,3.12379,0
-0.069163,-0.030001,0,-3.37582,3.16515,0
-0.069221,-0.030001,0,-3.39955,3.12693,0
-0.069173,-0.030001,0,-3.37774,3.16079,0
-0.069893,-0.030001,0,-3.36255,3.18732,0
-0.069925,-0.030001,0,-3.35854,3.19413,0
-0.069895,-0.030001,0,-3.36238,3.18784,0
-0.070212,-0.030001,0,-3.34702,3.21437,0
-0.069997,-0.030001,0,-3.34126,3.22554,0
-0.070165,-0.030001,0,-3.34667,3.21559,0
-0.070547,-0.030001,0,-3.30426,3.29326,0
-0.0705,-0.030001,0,-3.30443,3.29274,0
-0.071024,-0.030001,0,-3.27528,3.34667,0
-0.070549,-0.030001,0,-3.30373,3.29431,0
-0.070975,-0.030001,0,-3.27616,3.34475,0
-0.070596,-0.030001,0,-3.30286,3.29658,0
-0.070496,-0.030001,0,-3.25696,3.37931,0
-0.070415,-0.030001,0,-3.28785,3.32538,0
-0.070369,-0.030001,0,-3.28541,3.33096,0
-0.070412,-0.030001,0,-3.28803,3.32555,0
-0.070393,-0.030001,0,-3.28366,3.33358,0
-0.070499,-0.030001,0,-3.28645,3.32869,0
-0.071684,-0.030001,0,-3.23846,3.41718,0
-0.07173,-0.030001,0,-3.23828,3.41753,0
-0.071658,-0.030001,0,-3.18976,3.51213,0
-0.071615,-0.030001,0,-3.18976,3.5123,0
-0.071655,-0.030001,0,-3.18994,3.5123,0
-0.07078,-0.030001,0,-3.16149,3.5671,0
-0.070735,-0.030001,0,-3.16131,3.56745,0
-0.070759,-0.030001,0,-3.15765,3.57426,0
-0.070738,-0.030001,0,-3.16097,3.56798,0
-0.070756,-0.030001,0,-3.158,3.57356,0
-0.070741,-0.030001,0,-3.16062,3.56867,0
-0.071568,-0.030001,0,-3.1278,3.62941,0
-0.071613,-0.030001,0,-3.1278,3.62889,0
-0.072263,-0.030001,0,-3.12379,3.63622,0
-0.072309,-0.030001,0,-3.12309,3.63779,0
-0.072268,-0.030001,0,-3.12362,3.63639,0
-0.071697,-0.030001,0,-3.08941,3.70394,0
-0.071652,-0.030001,0,-3.08941,3.70394,0
-0.071595,-0.030001,0,-3.07405,3.73308,0
-0.07155,-0.030001,0,-3.07405,3.73291,0
-0.071675,-0.030001,0,-3.04909,3.78038,0
-0.071631,-0.030001,0,-3.04909,3.78038,0
-0.071314,-0.030001,0,-3.04106,3.79958,0
-0.071452,-0.030001,0,-3.03687,3.80412,0
-0.071582,-0.030001,0,-3.03094,3.81756,0
-0.071897,-0.030001,0,-3.02605,3.82471,0
-0.07446,-0.030001,0,-2.9784,3.91582,0
-0.074506,-0.030001,0,-2.9784,3.91582,0
-0.072232,-0.030001,0,-2.962,3.95125,0
-0.07219,-0.030001,0,-2.962,3.95125,0
-0.07238,-0.030001,0,-2.93564,4.00064,0
-0.072172,-0.030001,0,-2.95467,3.96504,0
-0.072633,-0.030001,0,-2.92098,4.02857,0
-0.072458,-0.030001,0,-2.94001,3.99314,0
-0.072983,-0.030001,0,-2.91016,4.04916,0
-0.072565,-0.030001,0,-2.93669,4.00012,0
-0.073276,-0.030001,0,-2.8941,4.08407,0
-0.073236,-0.030001,0,-2.89742,4.07674,0
-0.073269,-0.030001,0,-2.89428,4.08302,0
-0.073239,-0.030001,0,-2.89725,4.07726,0
-0.073088,-0.030001,0,-2.87421,4.12282,0
-0.072915,-0.030001,0,-2.87787,4.11618,0
-0.072795,-0.030001,0,-2.81853,4.23068,0
-0.072716,-0.030001,0,-2.82412,4.22282,0
-0.07315,-0.030001,0,-2.82953,4.21235,0
-0.073193,-0.030001,0,-2.82953,4.21218,0
-0.073862,-0.030001,0,-2.81591,4.23871,0
-0.073818,-0.030001,0,-2.81469,4.24132,0
-0.072897,-0.030001,0,-2.79183,4.28775,0
-0.072854,-0.030001,0,-2.79253,4.28618,0
-0.072439,-0.030001,0,-2.75727,4.35372,0
-0.072947,-0.030001,0,-2.77385,4.32213,0
-0.073298,-0.030001,0,-2.70893,4.44326,0
-0.073347,-0.030001,0,-2.70927,4.44221,0
-0.073301,-0.030001,0,-2.70875,4.44326,0
-0.073338,-0.030001,0,-2.7091,4.44256,0
-0.073305,-0.030001,0,-2.70875,4.44291,0
-0.073333,-0.030001,0,-2.70927,4.44308,0
-0.073361,-0.030001,0,-2.67856,4.5012,0
-0.073442,-0.030001,0,-2.68711,4.48637,0
-0.073334,-0.030001,0,-2.66931,4.5204,0
-0.073386,-0.030001,0,-2.66896,4.52215,0
-0.073592,-0.030001,0,-2.64854,4.5602,0
-0.073525,-0.030001,0,-2.66459,4.53053,0
-0.073319,-0.030001,0,-2.62253,4.60976,0
-0.073126,-0.030001,0,-2.60508,4.64362,0
-0.073081,-0.030001,0,-2.60455,4.64415,0
-0.073758,-0.030001,0,-2.58518,4.68132,0
-0.073738,-0.030001,0,-2.58885,4.67347,0
-0.073922,-0.030001,0,-2.6543,4.54955,0
-0.073754,-0.030001,0,-2.59129,4.66596,0
-0.0738,-0.030001,0,-2.59216,4.66369,0
-0.073756,-0.030001,0,-2.59129,4.66579,0
-0.073271,-0.03,0,-2.59984,4.68289,0
-0.073712,-0.03,0,-2.59146,4.66631,0
-0.073373,-0.03,0,-2.56354,4.74834,0
-0.073833,-0.03,0,-2.58169,4.68638,0
-0.073812,-0.03,0,-2.559,4.7548,0
-0.074245,-0.03,0,-2.54644,4.77522,0
-0.074211,-0.03,0,-2.54469,4.7822,0
-0.073894,-0.03,0,-2.53527,4.79704,0
-0.073941,-0.03,0,-2.51345,4.84259,0
-0.073665,-0.03,0,-2.49076,4.88413,0
-0.073681,-0.03,0,-2.48849,4.89059,0
-0.074162,-0.03,0,-2.49547,4.87575,0
-0.074131,-0.03,0,-2.51764,4.8747,0
-0.074158,-0.03,0,-2.49687,4.8754,0
-0.074424,-0.03,0,-2.47558,4.92602,0
-0.074435,-0.03,0,-2.47331,4.92078,0
-0.07446,-0.03,0,-2.44276,4.98867,0
-0.07448,-0.03,0,-2.49041,4.92846,0
-0.074463,-0.03,0,-2.44643,4.98257,0
-0.074478,-0.03,0,-2.48901,4.93056,0
-0.074465,-0.03,0,-2.44852,4.97925,0
-0.074652,-0.03,0,-2.44224,5.01852,0
-0.074617,-0.03,0,-2.40367,5.06687,0
-0.074435,-0.03,0,-2.40576,5.08798,0
-0.07442,-0.03,0,-2.39407,5.08781,0
-0.074435,-0.03,0,-2.40524,5.08763,0
-0.074422,-0.03,0,-2.39477,5.08781,0
-0.074432,-0.03,0,-2.40402,5.08781,0
-0.074284,-0.03,0,-2.34729,5.17857,0
-0.074283,-0.03,0,-2.34677,5.17926,0
-0.07426,-0.03,0,-2.32478,5.2208,0
-0.07426,-0.03,0,-2.32478,5.2208,0
-0.07426,-0.03,0,-2.32443,5.22133,0
-0.07426,-0.03,0,-2.32443,5.22133,0
-0.074043,-0.03,0,-2.32111,5.22709,0
-0.074041,-0.03,0,-2.32111,5.22709,0
-0.07397,-0.03,0,-2.3452,5.18415,0
-0.07397,-0.03,0,-2.3452,5.18398,0
-0.074082,-0.03,0,-2.32042,5.22848,0
-0.074085,-0.03,0,-2.31989,5.22918,0
-0.074404,-0.03,0,-2.29214,5.2798,0
-0.074408,-0.03,0,-2.29197,5.27997,0
-0.074445,-0.03,0,-2.28917,5.28521,0
-0.074444,-0.03,0,-2.28935,5.28503,0
-0.074661,-0.03,0,-2.31239,5.2421,0
-0.074665,-0.03,0,-2.31274,5.24175,0
-0.074872,-0.03,0,-2.33857,5.19253,0
-0.074874,-0.03,0,-2.33944,5.19201,0
-0.075033,-0.030032,0,-2.36003,5.15221,0
-0.075033,-0.030031,0,-2.36003,5.15204,0
-0.075035,-0.030029,0,-2.36021,5.15169,0
-0.075035,-0.030029,0,-2.36021,5.15186,0
-0.074755,-0.031717,0,-2.28848,5.29254,0
-0.074755,-0.03172,0,-2.28848,5.29254,0
-0.073692,-0.0311,0,-2.24083,5.37108,0
-0.073691,-0.0311,0,-2.24083,5.37108,0
-0.074393,-0.031908,0,-2.21971,5.40494,0
-0.074396,-0.031912,0,-2.21971,5.40494,0
-0.074475,-0.031504,0,-2.19789,5.43862,0
-0.074472,-0.0315,0,-2.19789,5.43897,0
-0.074583,-0.031504,0,-2.19405,5.44543,0
-0.07458,-0.031504,0,-2.19423,5.44543,0
-0.074569,-0.031503,0,-2.1944,5.4449,0
-0.074571,-0.031503,0,-2.1944,5.4449,0
-0.074645,-0.031526,0,-2.17241,5.47998,0
-0.074647,-0.031525,0,-2.17224,5.48033,0
-0.074648,-0.031754,0,-2.14798,5.51908,0
-0.074648,-0.031755,0,-2.14798,5.51908,0
-0.074649,-0.031756,0,-2.1478,5.5196,0
-0.074649,-0.031756,0,-2.1478,5.5196,0
-0.074649,-0.031755,0,-2.1478,5.51943,0
-0.074649,-0.031755,0,-2.1478,5.51943,0
-0.07477,-0.032416,0,-2.10312,5.59012,0
-0.07477,-0.03242,0,-2.10295,5.59012,0
-0.074846,-0.032222,0,-2.13698,5.5409,0
-0.074852,-0.032219,0,-2.13733,5.53968,0
-0.074536,-0.03199,0,-2.17032,5.48854,0
-0.074536,-0.031989,0,-2.17032,5.48854,0
-0.074534,-0.031987,0,-2.17049,5.48836,0
-0.074534,-0.031987,0,-2.17049,5.48836,0
-0.074535,-0.031988,0,-2.17032,5.48836,0
-0.074535,-0.031988,0,-2.17049,5.48836,0
-0.074535,-0.031988,0,-2.17049,5.48836,0
-0.074535,-0.031988,0,-2.17049,5.48836,0
-0.07488,-0.033119,0,-2.10661,5.58715,0
-0.074881,-0.03312,0,-2.10661,5.58715,0
-0.074881,-0.033122,0,-2.10661,5.58732,0
-0.074881,-0.033122,0,-2.10661,5.58732,0
-0.074881,-0.033121,0,-2.10661,5.58732,0
-0.074881,-0.033121,0,-2.10661,5.58732,0
-0.074881,-0.033121,0,-2.10661,5.58732,0
-0.074881,-0.033121,0,-2.10661,5.58732,0
-0.074881,-0.033121,0,-2.10661,5.58732,0
-0.074881,-0.033121,0,-2.10661,5.58732,0
-0.074881,-0.033121,0,-2.10661,5.58732,0
-0.074881,-0.033121,0,-2.10661,5.58732,0
-0.074881,-0.033121,0,-2.10661,5.58732,0
-0.074881,-0.033121,0,-2.10661,5.58732,0
-0.074809,-0.034305,0,-2.03732,5.68576,0
-0.074809,-0.034307,0,-2.03732,5.68576,0
-0.074809,-0.034308,0,-2.03715,5.68593,0
-0.074809,-0.034308,0,-2.03715,5.68593,0
-0.074809,-0.034307,0,-2.03715,5.68593,0
-0.074809,-0.034307,0,-2.03715,5.68593,0
-0.074809,-0.034307,0,-2.03697,5.68593,0
-0.074809,-0.034307,0,-2.03697,5.68593,0
-0.074809,-0.034307,0,-2.03697,5.68593,0
-0.074809,-0.034307,0,-2.03715,5.68593,0
-0.074809,-0.034307,0,-2.03697,5.68593,0
-0.074809,-0.034307,0,-2.03715,5.68593,0
-0.074809,-0.034307,0,-2.03715,5.68593,0
-0.074809,-0.034307,0,-2.03715,5.68593,0
-0.074809,-0.034307,0,-2.03715,5.68593,0
-0.074726,-0.035473,0,-1.95372,5.79153,0
-0.074726,-0.035477,0,-1.95372,5.79153,0
-0.075228,-0.03485,0,-2.00329,5.73515,0
-0.075232,-0.034843,0,-2.00346,5.73515,0
-0.075792,-0.034176,0,-2.03959,5.69012,0
-0.075796,-0.03417,0,-2.03959,5.69012,0
-0.075092,-0.034872,0,-1.99718,5.74772,0
-0.075092,-0.034875,0,-1.99718,5.74772,0
-0.074888,-0.036029,0,-1.91864,5.84266,0
-0.074888,-0.036033,0,-1.91864,5.84284,0
-0.074936,-0.035996,0,-1.91951,5.84179,0
-0.074933,-0.035997,0,-1.91951,5.84179,0
-0.074931,-0.035999,0,-1.91934,5.84232,0
-0.074931,-0.035999,0,-1.91934,5.84232,0
-0.074932,-0.035998,0,-1.91951,5.84214,0
-0.074932,-0.035998,0,-1.91951,5.84214,0
-0.074932,-0.035998,0,-1.91934,5.84214,0
-0.074932,-0.035998,0,-1.91951,5.84214,0
-0.074932,-0.035998,0,-1.91934,5.84214,0
-0.075337,-0.036021,0,-1.8586,5.90759,0
-0.075341,-0.036021,0,-1.8586,5.90776,0
-0.075332,-0.036026,0,-1.85389,5.9144,0
-0.075333,-0.036026,0,-1.85389,5.91422,0
-0.075334,-0.036024,0,-1.85424,5.91405,0
-0.075334,-0.036024,0,-1.85424,5.91405,0
-0.075333,-0.036025,0,-1.85424,5.91422,0
-0.075333,-0.036025,0,-1.85424,5.91422,0
-0.075333,-0.036024,0,-1.85424,5.91422,0
-0.075333,-0.036024,0,-1.85424,5.91422,0
-0.075333,-0.036024,0,-1.85424,5.91422,0
-0.075333,-0.036024,0,-1.85424,5.91422,0
-0.075333,-0.036024,0,-1.85424,5.91422,0
-0.075333,-0.036024,0,-1.85441,5.91422,0
-0.075333,-0.036024,0,-1.85441,5.91422,0
-0.075334,-0.036024,0,-1.85441,5.91422,0
-0.075334,-0.036024,0,-1.85424,5.91422,0
-0.075471,-0.036834,0,-1.7661,6.01196,0
-0.075471,-0.036835,0,-1.76592,6.01196,0
-0.075471,-0.036838,0,-1.76592,6.01214,0
-0.075015,-0.036471,0,-1.79839,5.97845,0
-0.075012,-0.036469,0,-1.79839,5.97845,0
-0.075187,-0.036018,0,-1.8483,5.92644,0
-0.075191,-0.036017,0,-1.8483,5.92627,0
-0.076118,-0.036001,0,-1.84324,5.9315,0
-0.076121,-0.036001,0,-1.84307,5.9315,0
-0.076072,-0.036066,0,-1.78495,5.99765,0
-0.076066,-0.03606,0,-1.78477,5.9987,0
-0.075544,-0.03681,0,-1.72718,6.06415,0
-0.075543,-0.036813,0,-1.72718,6.06415,0
-0.075504,-0.036854,0,-1.72753,6.0638,0
-0.075505,-0.036852,0,-1.72753,6.0638,0
-0.074693,-0.038031,0,-1.70239,6.08963,0
-0.07469,-0.038035,0,-1.70239,6.08963,0
-0.07554,-0.03766,0,-1.74201,6.0542,0
-0.075545,-0.037658,0,-1.74219,6.0542,0
-0.076186,-0.037506,0,-1.68512,6.10918,0
-0.076187,-0.037506,0,-1.68512,6.10918,0
-0.076193,-0.037504,0,-1.68494,6.10935,0
-0.076188,-0.037504,0,-1.68494,6.10935,0
-0.07619,-0.037505,0,-1.68494,6.10935,0
-0.076191,-0.037505,0,-1.68494,6.10935,0
-0.07619,-0.037505,0,-1.68494,6.10935,0
-0.07619,-0.037505,0,-1.68494,6.10935,0
-0.07619,-0.037505,0,-1.68494,6.10935,0
-0.07619,-0.037505,0,-1.68494,6.10935,0
-0.07619,-0.037505,0,-1.68494,6.10935,0
-0.07619,-0.037505,0,-1.68494,6.10935,0
-0.07619,-0.037505,0,-1.68494,6.10935,0
-0.07619,-0.037505,0,-1.68494,6.10935,0
-0.07619,-0.037505,0,-1.68494,6.10935,0
-0.075819,-0.037036,0,-1.62001,6.17497,0
-0.075819,-0.037035,0,-1.61984,6.17497,0
-0.075817,-0.037034,0,-1.61984,6.1755,0
-0.075817,-0.037034,0,-1.61984,6.1755,0
-0.075818,-0.037035,0,-1.61984,6.17515,0
-0.075818,-0.037035,0,-1.61984,6.17515,0
-0.075818,-0.037035,0,-1.61984,6.17515,0
-0.075818,-0.037035,0,-1.61984,6.17515,0
-0.075818,-0.037035,0,-1.61984,6.17515,0
-0.075818,-0.037035,0,-1.61984,6.17515,0
-0.075818,-0.037035,0,-1.61984,6.17515,0
-0.075818,-0.037035,0,-1.61984,6.17515,0
-0.075818,-0.037035,0,-1.61984,6.17515,0
-0.075818,-0.037035,0,-1.61984,6.17515,0
-0.075818,-0.037035,0,-1.61984,6.17515,0
-0.075818,-0.037035,0,-1.61984,6.17515,0
-0.075534,-0.03829,0,-1.53292,6.26486,0
-0.075534,-0.038295,0,-1.53275,6.26486,0
-0.075489,-0.038297,0,-1.53257,6.26521,0
-0.075491,-0.038297,0,-1.53257,6.26521,0
-0.075493,-0.038296,0,-1.53257,6.26521,0
-0.075493,-0.038296,0,-1.53257,6.26521,0
-0.075491,-0.038296,0,-1.5324,6.26521,0
-0.075491,-0.038296,0,-1.53257,6.26521,0
-0.075492,-0.038296,0,-1.53257,6.26521,0
-0.075492,-0.038296,0,-1.53222,6.26521,0
-0.075492,-0.038296,0,-1.53257,6.26521,0
-0.075492,-0.038296,0,-1.53257,6.26521,0
-0.075492,-0.038296,0,-1.53257,6.26521,0
-0.075492,-0.038296,0,-1.5324,6.26521,0
-0.074941,-0.040146,0,-1.39906,6.38668,0
-0.074941,-0.040148,0,-1.39906,6.38668,0
-0.075663,-0.040609,0,-1.42942,6.3633,0
-0.075668,-0.04061,0,-1.4296,6.3633,0
-0.075871,-0.040487,0,-1.46573,6.33537,0
-0.075873,-0.040483,0,-1.46608,6.33485,0
-0.076215,-0.039893,0,-1.50936,6.30116,0
-0.076216,-0.039889,0,-1.50936,6.30116,0
-0.076495,-0.039353,0,-1.41302,6.38092,0
-0.076496,-0.039349,0,-1.41284,6.3811,0
-0.075967,-0.039567,0,-1.36677,6.42211,0
-0.075966,-0.039567,0,-1.36677,6.42211,0
-0.075963,-0.039569,0,-1.36677,6.42246,0
-0.075963,-0.039569,0,-1.36677,6.42246,0
-0.075965,-0.039568,0,-1.36659,6.42246,0
-0.075965,-0.039568,0,-1.36659,6.42246,0
-0.075964,-0.039568,0,-1.36642,6.42246,0
-0.075964,-0.039568,0,-1.36642,6.42246,0
-0.075922,-0.03961,0,-1.36589,6.42299,0
-0.075925,-0.039605,0,-1.36607,6.42299,0
-0.075896,-0.040491,0,-1.2877,6.48896,0
-0.075896,-0.040492,0,-1.2877,6.48896,0
-0.075898,-0.040502,0,-1.28753,6.48913,0
-0.075897,-0.040495,0,-1.28735,6.48913,0
-0.075897,-0.040498,0,-1.28735,6.48913,0
-0.075897,-0.040498,0,-1.28735,6.48913,0
-0.075897,-0.040496,0,-1.28735,6.48913,0
-0.075897,-0.040496,0,-1.28718,6.48913,0
-0.07516,-0.041267,0,-1.26117,6.50955,0
-0.075159,-0.041269,0,-1.26117,6.50955,0
-0.075157,-0.041271,0,-1.26117,6.50973,0
-0.075157,-0.041271,0,-1.26117,6.50973,0
-0.075798,-0.041776,0,-1.17094,6.57413,0
-0.0758,-0.041777,0,-1.17094,6.57431,0
-0.075801,-0.041778,0,-1.17077,6.57448,0
-0.075801,-0.041778,0,-1.17077,6.57448,0
-0.0758,-0.041777,0,-1.17077,6.57448,0
-0.0758,-0.041777,0,-1.17077,6.57448,0
-0.075801,-0.041777,0,-1.17077,6.57448,0
-0.075801,-0.041777,0,-1.17077,6.57448,0
-0.075801,-0.041777,0,-1.17077,6.57448,0
-0.075801,-0.041777,0,-1.17077,6.57448,0
-0.075801,-0.041777,0,-1.17077,6.57448,0
-0.075801,-0.041777,0,-1.17077,6.57448,0
-0.075801,-0.041777,0,-1.17077,6.57448,0
-0.075801,-0.041777,0,-1.17077,6.57448,0
-0.075801,-0.041777,0,-1.17077,6.57448,0
-0.075801,-0.041777,0,-1.17077,6.57448,0
-0.075801,-0.041777,0,-1.17077,6.57448,0
-0.07559,-0.042311,0,-1.09223,6.6312,0
-0.07559,-0.042312,0,-1.09223,6.63138,0
-0.075586,-0.042322,0,-1.09188,6.63208,0
-0.075588,-0.042319,0,-1.09205,6.63155,0
-0.075588,-0.042319,0,-1.09205,6.63155,0
-0.074909,-0.042822,0,-1.05645,6.65616,0
-0.074905,-0.042824,0,-1.05645,6.65616,0
-0.076147,-0.043423,0,-1.09572,6.63051,0
-0.07615,-0.043423,0,-1.09589,6.63051,0
-0.076538,-0.043225,0,-1.05366,6.65808,0
-0.076539,-0.043222,0,-1.05366,6.65808,0
-0.076508,-0.04316,0,-1.04598,6.66349,0
-0.076509,-0.043162,0,-1.04598,6.66314,0
-0.075904,-0.04294,0,-1.00653,6.69037,0
-0.075903,-0.04294,0,-1.00653,6.69037,0
-0.075899,-0.042938,0,-1.00636,6.69072,0
-0.075899,-0.042938,0,-1.00636,6.69072,0
-0.075901,-0.042939,0,-1.00636,6.69072,0
-0.075901,-0.042939,0,-1.00636,6.69072,0
-0.075172,-0.04294,0,-0.977384,6.71062,0
-0.075169,-0.04294,0,-0.977384,6.71062,0
-0.076398,-0.044037,0,-0.90984,6.75547,0
-0.076401,-0.044039,0,-0.90984,6.75565,0
-0.075642,-0.044908,0,-0.890118,6.76856,0
-0.075641,-0.044909,0,-0.890118,6.76856,0
-0.075635,-0.044918,0,-0.890118,6.76874,0
-0.075639,-0.044912,0,-0.890118,6.76874,0
-0.075638,-0.044914,0,-0.890118,6.76874,0
-0.075638,-0.044914,0,-0.889943,6.76874,0
-0.075638,-0.044914,0,-0.890118,6.76874,0
-0.076467,-0.045139,0,-0.826588,6.80661,0
-0.07647,-0.045139,0,-0.826588,6.80661,0
-0.076471,-0.04514,0,-0.826588,6.80678,0
-0.076471,-0.04514,0,-0.826588,6.80678,0
-0.07647,-0.04514,0,-0.826588,6.80678,0
-0.07647,-0.04514,0,-0.826588,6.80678,0
-0.07647,-0.04514,0,-0.826588,6.80678,0
-0.07647,-0.04514,0,-0.826588,6.80678,0
-0.07647,-0.04514,0,-0.826588,6.80678,0
-0.07647,-0.04514,0,-0.826588,6.80678,0
-0.076422,-0.045145,0,-0.826413,6.80696,0
-0.076423,-0.045145,0,-0.826413,6.80696,0
-0.075549,-0.045253,0,-0.834966,6.80137,0
-0.075542,-0.045253,0,-0.834966,6.80137,0
-0.076314,-0.045343,0,-0.761662,6.84448,0
-0.076358,-0.045342,0,-0.761313,6.84483,0
-0.076358,-0.045342,0,-0.761313,6.84483,0
-0.075509,-0.04518,0,-0.729024,6.8649,0
-0.075508,-0.04518,0,-0.729024,6.8649,0
-0.075496,-0.045178,0,-0.728849,6.86508,0
-0.075504,-0.045179,0,-0.728849,6.86508,0
-0.0755,-0.045179,0,-0.729024,6.86508,0
-0.07587,-0.04533,0,-0.616276,6.93437,0
-0.075874,-0.045331,0,-0.615752,6.93489,0
-0.076035,-0.045548,0,-0.535642,6.98638,0
-0.076036,-0.045553,0,-0.535292,6.98673,0
-0.076273,-0.045788,0,-0.578228,6.9588,0
-0.076317,-0.045795,0,-0.580322,6.95741,0
-0.076317,-0.045795,0,-0.580322,6.95741,0
-0.076097,-0.046024,0,-0.646295,6.91499,0
-0.076058,-0.046055,0,-0.653626,6.91098,0
-0.07606,-0.046061,0,-0.679282,6.88672,0
-0.07606,-0.046061,0,-0.679631,6.88655,0
-0.076174,-0.046061,0,-0.632856,6.91395,0
-0.076178,-0.046061,0,-0.632856,6.91465,0
-0.076178,-0.046114,0,-0.582067,6.94554,0
-0.076171,-0.046114,0,-0.581893,6.94589,0
-0.076143,-0.046141,0,-0.51557,6.98673,0
-0.076143,-0.046142,0,-0.515396,6.9869,0
-0.076143,-0.046143,0,-0.464781,7.01849,0
-0.076143,-0.046143,0,-0.464781,7.01884,0
-0.076143,-0.046143,0,-0.463909,7.01989,0
-0.076143,-0.046143,0,-0.464607,7.01919,0
-0.076143,-0.046143,0,-0.464083,7.01971,0
-0.076143,-0.046143,0,-0.464083,7.01971,0
-0.076143,-0.046143,0,-0.441394,7.03403,0
-0.076143,-0.046143,0,-0.441394,7.03403,0
-0.076143,-0.046143,0,-0.380307,7.07277,0
-0.076143,-0.046143,0,-0.374722,7.07626,0
-0.076143,-0.046143,0,-0.322188,7.10314,0
-0.076143,-0.046143,0,-0.322013,7.10332,0
-0.076143,-0.046143,0,-0.291994,7.12269,0
-0.076143,-0.046143,0,-0.28222,7.12094,0
-0.076143,-0.046143,0,-0.28222,7.12094,0
-0.076143,-0.046143,0,-0.28222,7.12059,0
-0.076143,-0.046143,0,-0.28222,7.12059,0
-0.076143,-0.046143,0,-0.28222,7.12059,0
-0.076143,-0.046143,0,-0.189543,7.17191,0
-0.076143,-0.046143,0,-0.187797,7.17261,0
-0.076143,-0.046143,0,-0.189194,7.17226,0
-0.076143,-0.046143,0,-0.176104,7.17208,0
-0.076143,-0.046143,0,-0.176104,7.17208,0
-0.076143,-0.046143,0,-0.175755,7.17243,0
-0.076143,-0.046143,0,-0.169821,7.16894,0
-0.076143,-0.046143,0,-0.175406,7.17173,0
-0.076143,-0.046143,0,-0.0668461,7.23038,0
-0.076162,-0.046162,0,-0.0631809,7.23736,0
-0.076146,-0.046145,0,-0.0368264,7.24748,0
-0.07616,-0.04616,0,-0.0607375,7.22933,0
-0.076148,-0.046147,0,-0.053058,7.22688,0
-0.076159,-0.046158,0,-0.0692896,7.21362,0
-0.076152,-0.04615,0,-0.0588176,7.21257,0
-0.076158,-0.046158,0,0.0102974,7.25638,0
-0.076168,-0.046168,0,0.0207694,7.2569,0
-0.076159,-0.046159,0,0.0846485,7.2967,0
-0.076159,-0.046159,0,0.0849975,7.29687,0
-0.076297,-0.046159,0,0.0558505,7.27558,0
-0.076229,-0.046207,0,0.047822,7.25778,0
-0.076262,-0.046263,0,0.0144862,7.23491,0
-0.076224,-0.046223,0,-0.00907571,7.20751,0
-0.076408,-0.046415,0,0.0303687,7.23282,0
-0.076243,-0.046239,0,-0.00959931,7.19617,0
-0.076386,-0.046391,0,0.0272271,7.21886,0
-0.076279,-0.046275,0,0.00261799,7.19495,0
-0.076376,-0.046378,0,0.0235619,7.2042,0
-0.076327,-0.046326,0,0.00488692,7.18727,0
-0.076512,-0.046518,0,0.0200713,7.19145,0
-0.076515,-0.04652,0,0.0204204,7.19145,0
-0.076751,-0.046721,0,0.071384,7.22828,0
-0.076769,-0.046739,0,0.0764454,7.23264,0
-0.077126,-0.047135,0,0.159349,7.28413,0
-0.077169,-0.04717,0,0.159698,7.28448,0
-0.077138,-0.047136,0,0.13823,7.26162,0
-0.077167,-0.047167,0,0.145037,7.26563,0
-0.077142,-0.047141,0,0.137357,7.25341,0
-0.077163,-0.047163,0,0.19984,7.29722,0
-0.077144,-0.047144,0,0.199142,7.29059,0
-0.077144,-0.047144,0,0.199142,7.29059,0
-0.077144,-0.047143,0,0.22794,7.31206,0
-0.077144,-0.047143,0,0.23527,7.31223,0
-0.077144,-0.047143,0,0.267384,7.333,0
-0.077144,-0.047143,0,0.267559,7.33318,0
-0.077277,-0.047249,0,0.363378,7.40543,0
-0.077246,-0.047244,0,0.382751,7.41259,0
-0.07733,-0.047333,0,0.405964,7.42899,0
-0.077264,-0.047259,0,0.38502,7.41468,0
-0.077325,-0.047326,0,0.376642,7.40037,0
-0.077272,-0.04727,0,0.353953,7.38292,0
-0.077322,-0.047323,0,0.355349,7.37663,0
-0.077278,-0.047278,0,0.339641,7.36354,0
-0.077277,-0.047276,0,0.339292,7.36337,0
-0.077869,-0.047879,0,0.398284,7.40822,0
-0.077912,-0.047909,0,0.398982,7.40892,0
-0.077879,-0.047878,0,0.443139,7.43493,0
-0.077905,-0.047906,0,0.438601,7.43144,0
-0.077882,-0.047881,0,0.486772,7.45936,0
-0.077882,-0.047881,0,0.486772,7.45936,0
-0.077881,-0.04788,0,0.487121,7.46006,0
-0.077881,-0.04788,0,0.486947,7.45954,0
-0.077979,-0.047982,0,0.56252,7.5112,0
-0.077903,-0.0479,0,0.572817,7.51731,0
-0.077972,-0.047974,0,0.612087,7.54209,0
-0.077911,-0.047909,0,0.59219,7.52638,0
-0.07791,-0.047909,0,0.59219,7.52621,0
-0.07791,-0.047909,0,0.573166,7.5119,0
-0.07791,-0.047909,0,0.572992,7.5119,0
-0.07802,-0.047909,0,0.548033,7.49305,0
-0.078022,-0.047909,0,0.547859,7.49287,0
-0.078519,-0.048231,0,0.593586,7.52813,0
-0.078559,-0.048262,0,0.594808,7.529,0
-0.078392,-0.048369,0,0.585209,7.51731,0
-0.078407,-0.048408,0,0.582242,7.51888,0
-0.078407,-0.048409,0,0.582242,7.51888,0
-0.078409,-0.048409,0,0.569326,7.5091,0
-0.078409,-0.048409,0,0.569326,7.5091,0
-0.078409,-0.048409,0,0.569152,7.50876,0
-0.078409,-0.048409,0,0.569152,7.50876,0
-0.078409,-0.048409,0,0.569152,7.50876,0
-0.078409,-0.048409,0,0.569152,7.50876,0
-0.078762,-0.048409,0,0.629366,7.55413,0
-0.078767,-0.048409,0,0.62954,7.55431,0
-0.078746,-0.048434,0,0.634951,7.55954,0
-0.078746,-0.048433,0,0.634427,7.55937,0
-0.078748,-0.048432,0,0.634253,7.55885,0
-0.078748,-0.048432,0,0.634253,7.55902,0
-0.078747,-0.048433,0,0.634253,7.55937,0
-0.078747,-0.048433,0,0.634253,7.55937,0
-0.078747,-0.048433,0,0.634253,7.5592,0
-0.078747,-0.048433,0,0.634253,7.5592,0
-0.078747,-0.048433,0,0.634253,7.55902,0
-0.078747,-0.048433,0,0.634253,7.55902,0
-0.078747,-0.048433,0,0.634253,7.55902,0
-0.078747,-0.048433,0,0.634253,7.55902,0
-0.078747,-0.048433,0,0.634253,7.55902,0
-0.078748,-0.048433,0,0.634253,7.55902,0
-0.078818,-0.048566,0,0.686787,7.59899,0
-0.078818,-0.048571,0,0.687136,7.59969,0
-0.078839,-0.04868,0,0.733911,7.63529,0
-0.078839,-0.048681,0,0.733911,7.63529,0
-0.078841,-0.048682,0,0.73426,7.63582,0
-0.078841,-0.048682,0,0.734085,7.63582,0
-0.07884,-0.048681,0,0.73426,7.63547,0
-0.07884,-0.048681,0,0.73426,7.63547,0
-0.07941,-0.04876,0,0.762534,7.65676,0
-0.079414,-0.04876,0,0.762534,7.65676,0
-0.079163,-0.049291,0,0.687834,7.59899,0
-0.079161,-0.049293,0,0.68766,7.59881,0
-0.079206,-0.049291,0,0.688881,7.60004,0
-0.079205,-0.049291,0,0.688881,7.60004,0
-0.079203,-0.049292,0,0.688707,7.59951,0
-0.079203,-0.049292,0,0.688707,7.59951,0
-0.079474,-0.049251,0,0.717854,7.62098,0
-0.079476,-0.049251,0,0.718028,7.62115,0
-0.079851,-0.049358,0,0.764105,7.65571,0
-0.079855,-0.049358,0,0.764105,7.65571,0
-0.079615,-0.049605,0,0.796045,7.6798,0
-0.079612,-0.049605,0,0.796045,7.6798,0
-0.079629,-0.049148,0,0.832871,7.70737,0
-0.079628,-0.049144,0,0.832871,7.70737,0
-0.079619,-0.049063,0,0.865683,7.73198,0
-0.079622,-0.04906,0,0.865683,7.73216,0
-0.079672,-0.049054,0,0.866731,7.73355,0
-0.07967,-0.049054,0,0.866731,7.73338,0
-0.07962,-0.048982,0,0.860447,7.72797,0
-0.079624,-0.048987,0,0.860622,7.72849,0
-0.079627,-0.048992,0,0.860971,7.72867,0
-0.079627,-0.048992,0,0.860971,7.72867,0
-0.079625,-0.04899,0,0.860796,7.72849,0
-0.079625,-0.04899,0,0.860796,7.72849,0
-0.080176,-0.04913,0,0.907397,7.76427,0
-0.080177,-0.04913,0,0.907397,7.76427,0
-0.080179,-0.049131,0,0.907571,7.76445,0
-0.080179,-0.049131,0,0.907571,7.76445,0
-0.080177,-0.049131,0,0.907571,7.76445,0
-0.080177,-0.049131,0,0.907571,7.76445,0
-0.080178,-0.049131,0,0.907571,7.76445,0
-0.080178,-0.049131,0,0.907571,7.76445,0
-0.080178,-0.049131,0,0.907397,7.76445,0
-0.080178,-0.049131,0,0.907397,7.76445,0
-0.080178,-0.049131,0,0.907397,7.76445,0
-0.080178,-0.049131,0,0.907397,7.76445,0
-0.080178,-0.049131,0,0.907397,7.76445,0
-0.080178,-0.049131,0,0.907397,7.76445,0
-0.080178,-0.049131,0,0.907397,7.76445,0
-0.080178,-0.049131,0,0.907397,7.76445,0
-0.081029,-0.049469,0,0.989776,7.82902,0
-0.081032,-0.04947,0,0.989776,7.82902,0
-0.081035,-0.049471,0,0.989951,7.8292,0
-0.081035,-0.049471,0,0.989951,7.8292,0
-0.081033,-0.049471,0,0.989951,7.8292,0
-0.081033,-0.049471,0,0.989951,7.8292,0
-0.081034,-0.049471,0,0.990125,7.8292,0
-0.081034,-0.049471,0,0.990125,7.8292,0
-0.081034,-0.049471,0,0.990125,7.8292,0
-0.081034,-0.049471,0,0.990125,7.8292,0
-0.081034,-0.049471,0,0.9903,7.8292,0
-0.081034,-0.049471,0,0.9903,7.8292,0
-0.081034,-0.049471,0,0.990125,7.8292,0
-0.081034,-0.049471,0,0.990125,7.8292,0
-0.081506,-0.04954,0,1.05889,7.88348,0
-0.081508,-0.049539,0,1.05889,7.88348,0
-0.081511,-0.049539,0,1.05889,7.884,0
-0.081511,-0.049539,0,1.05889,7.884,0
-0.081509,-0.049539,0,1.05872,7.88365,0
-0.081509,-0.049539,0,1.05872,7.88365,0
-0.08151,-0.049539,0,1.05872,7.88365,0
-0.08151,-0.049539,0,1.05872,7.88365,0
-0.081509,-0.049539,0,1.05872,7.88365,0
-0.081509,-0.049539,0,1.05872,7.88365,0
-0.081509,-0.049539,0,1.05854,7.88365,0
-0.081509,-0.049539,0,1.05872,7.88365,0
-0.081509,-0.049539,0,1.05854,7.88365,0
-0.081509,-0.049539,0,1.05872,7.88365,0
-0.081509,-0.049539,0,1.05854,7.88365,0
-0.081509,-0.049539,0,1.05854,7.88365,0
-0.081509,-0.049539,0,1.05872,7.88365,0
-0.081649,-0.048822,0,1.12731,7.93828,0
-0.081649,-0.04882,0,1.12731,7.93828,0
-0.081649,-0.04882,0,1.12748,7.93846,0
-0.081649,-0.04882,0,1.12748,7.93846,0
-0.081649,-0.048821,0,1.12748,7.93846,0
-0.081649,-0.048821,0,1.12748,7.93846,0
-0.081649,-0.048821,0,1.12748,7.93846,0
-0.081649,-0.048821,0,1.12748,7.93846,0
-0.081649,-0.048821,0,1.12731,7.93846,0
-0.081649,-0.048821,0,1.12748,7.93846,0
-0.081649,-0.048821,0,1.12748,7.93846,0
-0.081649,-0.048821,0,1.12748,7.93846,0
-0.081649,-0.048821,0,1.12748,7.93846,0
-0.081649,-0.048821,0,1.12748,7.93846,0
-0.081649,-0.048821,0,1.12766,7.93846,0
-0.081649,-0.048821,0,1.12748,7.93846,0
-0.081901,-0.04868,0,1.18386,7.98593,0
-0.081905,-0.048679,0,1.18421,7.98628,0
-0.081889,-0.048697,0,1.22941,8.0252,0
-0.081893,-0.048698,0,1.22993,8.02572,0
-0.08226,-0.04851,0,1.27165,8.06133,0
-0.08226,-0.048506,0,1.27165,8.06133,0
-0.081913,-0.048215,0,1.22417,8.01996,0
-0.081913,-0.048212,0,1.22417,8.01996,0
-0.081243,-0.048013,0,1.17181,7.97371,0
-0.081239,-0.048013,0,1.17181,7.97371,0
-0.081719,-0.048997,0,1.21684,8.01298,0
-0.081721,-0.049004,0,1.21684,8.01316,0
-0.082197,-0.049577,0,1.24913,8.04038,0
-0.082198,-0.049578,0,1.24913,8.04038,0
-0.082199,-0.04958,0,1.24913,8.04038,0
-0.082199,-0.04958,0,1.24913,8.04038,0
-0.082198,-0.049579,0,1.24913,8.04021,0
-0.082198,-0.049579,0,1.24913,8.04021,0
-0.082199,-0.049579,0,1.24913,8.04021,0
-0.082199,-0.049579,0,1.24913,8.04021,0
-0.082199,-0.049579,0,1.24913,8.04021,0
-0.082199,-0.049579,0,1.24913,8.04021,0
-0.082517,-0.049376,0,1.33046,8.10705,0
-0.08252,-0.049373,0,1.33046,8.1074,0
-0.082527,-0.04865,0,1.37724,8.14685,0
-0.082527,-0.048648,0,1.37706,8.14685,0
-0.082678,-0.049608,0,1.34443,8.11805,0
-0.082678,-0.049609,0,1.34443,8.11805,0
-0.082679,-0.049612,0,1.34443,8.11805,0
-0.082679,-0.049611,0,1.34425,8.11805,0
-0.082679,-0.049611,0,1.34425,8.11788,0
-0.082679,-0.049611,0,1.34425,8.11788,0
-0.082679,-0.049611,0,1.34425,8.11788,0
-0.082679,-0.049611,0,1.34425,8.11788,0
-0.082709,-0.04955,0,1.35036,8.12241,0
-0.082707,-0.049556,0,1.34984,8.12224,0
-0.082597,-0.049111,0,1.38562,8.15226,0
-0.082597,-0.04911,0,1.38579,8.15243,0
-0.082604,-0.048845,0,1.42192,8.18315,0
-0.082604,-0.048844,0,1.42192,8.18315,0
-0.082607,-0.048817,0,1.42209,8.18367,0
-0.082605,-0.048841,0,1.42192,8.1835,0
-0.082605,-0.048835,0,1.42209,8.18333,0
-0.082605,-0.048835,0,1.42209,8.18333,0
-0.082605,-0.048837,0,1.42209,8.18333,0
-0.082605,-0.048837,0,1.42209,8.18333,0
-0.082605,-0.048836,0,1.42209,8.18315,0
-0.082605,-0.048836,0,1.42209,8.18315,0
-0.083198,-0.04876,0,1.4933,8.24563,0
-0.0832,-0.04876,0,1.4933,8.24563,0
-0.083205,-0.048089,0,1.53118,8.27967,0
-0.083205,-0.048086,0,1.53118,8.27967,0
-0.083204,-0.048128,0,1.53065,8.27897,0
-0.083204,-0.048125,0,1.53065,8.27897,0
-0.082976,-0.048593,0,1.50168,8.25192,0
-0.082976,-0.048595,0,1.50168,8.25192,0
-0.082974,-0.048598,0,1.50168,8.25157,0
-0.082974,-0.048598,0,1.50168,8.25157,0
-0.083251,-0.048994,0,1.53222,8.27897,0
-0.083254,-0.049001,0,1.5324,8.27914,0
-0.083385,-0.049653,0,1.57132,8.3137,0
-0.083385,-0.049654,0,1.57132,8.3137,0
-0.083386,-0.049656,0,1.57149,8.31405,0
-0.083386,-0.049656,0,1.57149,8.31405,0
-0.083386,-0.049655,0,1.57149,8.31405,0
-0.083386,-0.049655,0,1.57149,8.31405,0
-0.083386,-0.049656,0,1.57149,8.31405,0
-0.083386,-0.049656,0,1.57149,8.31405,0
-0.083386,-0.049656,0,1.57149,8.31405,0
-0.083386,-0.049656,0,1.57149,8.31405,0
-0.084094,-0.049989,0,1.62909,8.36344,0
-0.084097,-0.04999,0,1.62909,8.36362,0
-0.084222,-0.050231,0,1.67569,8.40341,0
-0.084222,-0.050231,0,1.67569,8.40341,0
-0.084227,-0.050238,0,1.67656,8.40498,0
-0.084227,-0.050238,0,1.67639,8.40481,0
-0.084226,-0.050236,0,1.67639,8.40463,0
-0.084226,-0.050236,0,1.67639,8.40463,0
-0.084226,-0.050237,0,1.67639,8.40481,0
-0.084226,-0.050237,0,1.67639,8.40481,0
-0.084226,-0.050237,0,1.67639,8.40481,0
-0.084226,-0.050237,0,1.67639,8.40481,0
-0.084226,-0.050236,0,1.67639,8.40481,0
-0.084226,-0.050236,0,1.67639,8.40481,0
-0.084226,-0.050236,0,1.67639,8.40481,0
-0.084226,-0.050236,0,1.67639,8.40481,0
-0.08449,-0.049175,0,1.72421,8.44565,0
-0.08449,-0.049174,0,1.72421,8.44565,0
-0.084491,-0.049169,0,1.72421,8.44565,0
-0.084491,-0.049172,0,1.72421,8.44565,0
-0.084491,-0.049172,0,1.72421,8.44565,0
-0.084491,-0.049171,0,1.72439,8.44565,0
-0.084491,-0.049171,0,1.72421,8.44565,0
-0.084491,-0.049171,0,1.72421,8.44565,0
-0.084491,-0.049171,0,1.72421,8.44565,0
-0.084491,-0.049171,0,1.72439,8.44565,0
-0.084491,-0.049171,0,1.72439,8.44565,0
-0.084491,-0.049171,0,1.72439,8.44565,0
-0.084491,-0.049171,0,1.72439,8.44565,0
-0.084491,-0.049171,0,1.72439,8.44565,0
-0.084491,-0.049171,0,1.72439,8.44565,0
-0.084491,-0.049171,0,1.72421,8.44565,0
-0.085101,-0.048739,0,1.78565,8.5022,0
-0.085102,-0.048738,0,1.78565,8.50237,0
-0.085108,-0.048735,0,1.78565,8.50255,0
-0.085104,-0.048737,0,1.78565,8.50255,0
-0.085106,-0.048737,0,1.78582,8.50255,0
-0.085106,-0.048737,0,1.78582,8.50255,0
-0.085105,-0.048737,0,1.78565,8.50255,0
-0.085105,-0.048737,0,1.78565,8.50255,0
-0.084788,-0.048863,0,1.81636,8.53222,0
-0.084787,-0.048863,0,1.81654,8.53239,0
-0.084784,-0.048864,0,1.81671,8.53274,0
-0.084784,-0.048864,0,1.81671,8.53274,0
-0.084786,-0.048864,0,1.81671,8.53257,0
-0.084786,-0.048864,0,1.81671,8.53257,0
-0.084792,-0.048513,0,1.89159,8.60343,0
-0.084792,-0.04851,0,1.89159,8.6036,0
-0.084419,-0.046687,0,1.89822,8.61023,0
-0.084419,-0.046684,0,1.89839,8.61023,0
-0.084404,-0.046532,0,1.83486,8.54251,0
-0.084403,-0.046528,0,1.83452,8.54129,0
-0.084562,-0.048311,0,1.79699,8.5008,0
-0.084562,-0.048314,0,1.79699,8.5008,0
-0.085358,-0.049229,0,1.90852,8.60971,0
-0.085361,-0.049231,0,1.90852,8.60971,0
-0.085358,-0.049187,0,1.90939,8.61058,0
-0.085358,-0.049193,0,1.90939,8.61041,0
-0.085138,-0.049141,0,1.94168,8.64078,0
-0.085137,-0.049141,0,1.94168,8.64095,0
-0.085135,-0.049142,0,1.94168,8.64147,0
-0.085135,-0.049142,0,1.94168,8.64147,0
-0.085093,-0.049262,0,1.97327,8.67027,0
-0.085091,-0.049266,0,1.97397,8.67097,0
-0.085378,-0.049349,0,2.06403,8.7544,0
-0.085379,-0.04935,0,2.06403,8.75457,0
-0.085382,-0.049351,0,2.0642,8.75492,0
-0.085382,-0.049351,0,2.0642,8.75492,0
-0.08538,-0.04935,0,2.0642,8.75457,0
-0.08538,-0.04935,0,2.0642,8.75457,0
-0.085381,-0.049351,0,2.0642,8.75457,0
-0.085381,-0.049351,0,2.0642,8.75457,0
-0.08538,-0.049351,0,2.0642,8.75457,0
-0.08538,-0.049351,0,2.0642,8.75457,0
-0.08538,-0.049351,0,2.0642,8.7544,0
-0.08538,-0.049351,0,2.0642,8.7544,0
-0.08538,-0.049351,0,2.0642,8.7544,0
-0.08538,-0.049351,0,2.06403,8.7544,0
-0.08538,-0.049351,0,2.0642,8.7544,0
-0.08538,-0.049351,0,2.06403,8.7544,0
-0.08538,-0.049351,0,2.06403,8.7544,0
-0.085802,-0.049271,0,2.12319,8.80972,0
-0.085804,-0.049271,0,2.12319,8.80972,0
-0.085837,-0.049271,0,2.12424,8.81077,0
-0.086058,-0.047943,0,2.15932,8.84446,0
-0.086058,-0.047941,0,2.15932,8.84446,0
-0.085877,-0.048875,0,2.10993,8.79227,0
-0.085877,-0.048878,0,2.10993,8.79227,0
-0.085484,-0.048518,0,2.05076,8.73398,0
-0.085481,-0.048515,0,2.05076,8.7338,0
-0.085911,-0.048096,0,2.09614,8.77901,0
-0.085913,-0.048093,0,2.09614,8.77918,0
-0.086318,-0.047764,0,2.12354,8.80798,0
-0.086322,-0.047761,0,2.12354,8.80798,0
-0.086576,-0.048118,0,2.16962,8.85807,0
-0.086576,-0.04812,0,2.16962,8.85807,0
-0.086577,-0.048121,0,2.16962,8.85807,0
-0.086577,-0.048121,0,2.16962,8.85807,0
-0.086578,-0.04812,0,2.16962,8.85807,0
-0.086578,-0.04812,0,2.16962,8.85807,0
-0.087109,-0.04783,0,2.23175,8.92457,0
-0.087114,-0.047828,0,2.23193,8.92474,0
-0.086538,-0.047811,0,2.30418,9.00503,0
-0.086533,-0.047814,0,2.30453,9.0052,0
-0.086514,-0.047854,0,2.30349,9.00398,0
-0.086514,-0.047852,0,2.30349,9.00398,0
-0.086518,-0.047848,0,2.30366,9.00468,0
-0.086516,-0.04785,0,2.30349,9.00433,0
-0.086516,-0.04785,0,2.30366,9.00433,0
-0.086517,-0.047849,0,2.30349,9.00433,0
-0.086517,-0.047849,0,2.30349,9.00433,0
-0.086569,-0.04799,0,2.34729,9.05163,0
-0.086569,-0.047993,0,2.34729,9.0518,0
-0.086569,-0.048019,0,2.34817,9.05267,0
-0.086505,-0.049015,0,2.37871,9.08566,0
-0.086505,-0.049018,0,2.37871,9.08566,0
-0.085739,-0.048847,0,2.28237,8.98932,0
-0.085735,-0.048847,0,2.28219,8.98897,0
-0.086369,-0.049384,0,2.21081,8.91898,0
-0.086371,-0.049385,0,2.21063,8.91881,0
-0.087198,-0.050712,0,2.30994,9.01532,0
-0.087199,-0.050716,0,2.30994,9.01532,0
-0.087037,-0.049208,0,2.36649,9.06716,0
-0.087037,-0.049207,0,2.36649,9.06716,0
-0.087036,-0.0492,0,2.36649,9.06733,0
-0.087381,-0.047692,0,2.36684,9.06786,0
-0.087381,-0.047689,0,2.36684,9.06786,0
-0.087484,-0.047517,0,2.42164,9.12982,0
-0.087483,-0.047513,0,2.42164,9.12982,0
-0.087473,-0.047467,0,2.42269,9.13121,0
-0.087473,-0.047468,0,2.42269,9.13121,0
-0.087474,-0.047471,0,2.42252,9.13104,0
-0.087474,-0.047471,0,2.42252,9.13104,0
-0.087474,-0.047469,0,2.42252,9.13121,0
-0.087474,-0.047469,0,2.42252,9.13121,0
-0.087474,-0.04747,0,2.42234,9.13121,0
-0.087474,-0.04747,0,2.42234,9.13121,0
-0.087474,-0.04747,0,2.42234,9.13121,0
-0.087474,-0.04747,0,2.42234,9.13121,0
-0.087474,-0.04747,0,2.42217,9.13121,0
-0.087474,-0.04747,0,2.42217,9.13121,0
-0.088135,-0.046622,0,2.49024,9.20975,0
-0.088136,-0.046619,0,2.49024,9.20993,0
-0.088087,-0.046583,0,2.49111,9.2115,0
-0.088088,-0.046584,0,2.49111,9.21132,0
-0.088091,-0.046586,0,2.49111,9.21098,0
-0.088091,-0.046586,0,2.49111,9.21098,0
-0.08809,-0.046585,0,2.49111,9.21132,0
-0.08809,-0.046585,0,2.49111,9.21132,0
-0.088092,-0.046585,0,2.49111,9.21132,0
-0.088092,-0.046585,0,2.49111,9.21132,0
-0.088092,-0.046585,0,2.49111,9.21132,0
-0.088092,-0.046585,0,2.49111,9.21132,0
-0.087884,-0.04615,0,2.55307,9.28917,0
-0.087884,-0.046149,0,2.55307,9.28917,0
-0.087882,-0.046146,0,2.55307,9.28969,0
-0.087882,-0.046146,0,2.55307,9.28969,0
-0.087883,-0.046148,0,2.55289,9.28951,0
-0.087883,-0.046148,0,2.55289,9.28951,0
-0.087883,-0.046147,0,2.55289,9.28951,0
-0.087883,-0.046147,0,2.55289,9.28951,0
-0.087884,-0.046147,0,2.55289,9.28951,0
-0.087884,-0.046147,0,2.55289,9.28951,0
-0.087884,-0.046147,0,2.55289,9.28951,0
-0.087884,-0.046147,0,2.55289,9.28951,0
-0.087884,-0.046147,0,2.55307,9.28951,0
-0.087884,-0.046147,0,2.55289,9.28951,0
-0.087884,-0.046147,0,2.55307,9.28951,0
-0.087884,-0.046147,0,2.55289,9.28951,0
-0.087884,-0.046147,0,2.55289,9.28951,0
-0.087692,-0.045872,0,2.62323,9.37922,0
-0.08769,-0.045868,0,2.62358,9.37957,0
-0.087732,-0.045908,0,2.62375,9.37975,0
-0.087731,-0.045907,0,2.62375,9.37975,0
-0.087729,-0.045905,0,2.62375,9.37957,0
-0.087729,-0.045905,0,2.62375,9.37957,0
-0.087731,-0.045906,0,2.62393,9.37957,0
-0.087731,-0.045906,0,2.62393,9.37957,0
-0.08773,-0.045906,0,2.62393,9.37957,0
-0.08773,-0.045906,0,2.62393,9.37957,0
-0.08773,-0.045906,0,2.62393,9.37957,0
-0.087731,-0.045906,0,2.62393,9.37957,0
-0.087731,-0.045906,0,2.6241,9.37957,0
-0.087731,-0.045906,0,2.62393,9.37957,0
-0.087925,-0.044596,0,2.68501,9.45864,0
-0.087925,-0.044592,0,2.68501,9.45864,0
-0.087329,-0.041245,0,2.66808,9.43438,0
-0.087329,-0.041244,0,2.66808,9.43438,0
-0.087329,-0.041236,0,2.66791,9.43438,0
-0.087329,-0.041242,0,2.66791,9.43438,0
-0.087329,-0.041239,0,2.66791,9.43438,0
-0.087627,-0.042076,0,2.71399,9.51676,0
-0.087628,-0.042078,0,2.71399,9.51693,0
-0.087629,-0.042079,0,2.71399,9.51728,0
-0.087629,-0.042079,0,2.71399,9.51728,0
-0.087628,-0.042078,0,2.71399,9.51728,0
-0.087628,-0.042078,0,2.71399,9.51728,0
-0.087628,-0.042078,0,2.71399,9.51728,0
-0.087628,-0.042078,0,2.71399,9.51728,0
-0.087628,-0.042078,0,2.71399,9.51728,0
-0.087628,-0.042078,0,2.71416,9.51728,0
-0.087628,-0.042078,0,2.71399,9.51728,0
-0.087628,-0.042078,0,2.71416,9.51728,0
-0.087628,-0.042078,0,2.71416,9.51728,0
-0.087628,-0.042078,0,2.71416,9.51728,0
-0.087628,-0.042078,0,2.71416,9.51728,0
-0.087628,-0.042078,0,2.71416,9.51728,0
-0.087628,-0.042078,0,2.71416,9.51728,0
-0.08785,-0.043892,0,2.77769,9.62584,0
-0.08785,-0.043895,0,2.77769,9.62584,0
-0.087805,-0.043863,0,2.77717,9.62514,0
-0.087806,-0.043864,0,2.77717,9.62514,0
-0.087808,-0.043866,0,2.77734,9.62549,0
-0.087808,-0.043866,0,2.77734,9.62549,0
-0.087806,-0.043865,0,2.77717,9.62549,0
-0.087806,-0.043865,0,2.77717,9.62549,0
-0.087807,-0.043865,0,2.77717,9.62549,0
-0.087807,-0.043865,0,2.77717,9.62549,0
-0.08792,-0.04403,0,2.81417,9.67977,0
-0.087925,-0.044029,0,2.81452,9.68029,0
-0.087921,-0.043989,0,2.81539,9.68186,0
-0.087922,-0.043991,0,2.81539,9.68169,0
-0.087923,-0.043993,0,2.81539,9.68117,0
-0.087923,-0.043993,0,2.81539,9.68117,0
-0.087933,-0.043951,0,2.81574,9.68204,0
-0.087933,-0.043952,0,2.81574,9.68186,0
-0.087932,-0.043955,0,2.81557,9.68152,0
-0.087932,-0.043954,0,2.81557,9.68152,0
-0.087933,-0.043954,0,2.81557,9.68152,0
-0.087933,-0.043954,0,2.81574,9.68152,0
-0.088168,-0.042289,0,2.87299,9.76721,0
-0.088168,-0.042285,0,2.87299,9.76721,0
-0.08967,-0.045478,0,2.90528,9.82289,0
-0.08967,-0.045482,0,2.90528,9.82289,0
-0.087536,-0.042698,0,2.86251,9.7618,0
-0.087535,-0.042694,0,2.86251,9.7618,0
-0.08854,-0.04143,0,2.90981,9.8379,0
-0.088541,-0.041427,0,2.90981,9.8379,0
-0.087695,-0.038553,0,2.92255,9.86181,0
-0.087695,-0.038548,0,2.92255,9.86181,0
-0.088196,-0.039628,0,2.95659,9.9379,0
-0.088198,-0.039628,0,2.95659,9.9379,0
-0.0882,-0.03963,0,2.95659,9.93808,0
-0.0882,-0.03963,0,2.95659,9.93808,0
-0.088198,-0.039629,0,2.95659,9.93808,0
-0.088198,-0.039629,0,2.95659,9.93808,0
-0.088199,-0.039629,0,2.95659,9.93808,0
-0.088199,-0.039629,0,2.95659,9.93808,0
-0.088198,-0.039629,0,2.95659,9.93808,0
-0.088198,-0.039629,0,2.95659,9.93808,0
-0.088198,-0.039629,0,2.95659,9.93808,0
-0.088198,-0.039629,0,2.95659,9.93808,0
-0.088558,-0.041061,0,2.99917,10.0276,0
-0.088558,-0.041062,0,2.99917,10.0276,0
-0.088559,-0.041064,0,2.99917,10.0278,0
-0.088559,-0.041064,0,2.99917,10.0278,0
-0.088559,-0.041062,0,2.99917,10.0278,0
-0.088558,-0.041062,0,2.99917,10.0278,0
-0.088558,-0.041063,0,2.99917,10.0278,0
-0.08815,-0.04126,0,2.9784,9.98869,0
-0.088149,-0.04126,0,2.97823,9.98869,0
-0.088146,-0.041262,0,2.97823,9.98834,0
-0.088147,-0.041262,0,2.97823,9.98834,0
-0.088148,-0.041261,0,2.97823,9.98852,0
-0.088148,-0.041261,0,2.97823,9.98852,0
-0.088437,-0.041722,0,3.01645,10.0576,0
-0.08844,-0.041727,0,3.01663,10.058,0
-0.089072,-0.041528,0,3.04909,10.1152,0
-0.089075,-0.041528,0,3.04909,10.1154,0
-0.09045,-0.045644,0,3.04316,10.1042,0
-0.09045,-0.045648,0,3.04316,10.1042,0
-0.08863,-0.043667,0,3.08155,10.1597,0
-0.088628,-0.043666,0,3.08155,10.1597,0
-0.088622,-0.043658,0,3.08155,10.1597,0
-0.088626,-0.043663,0,3.08155,10.1597,0
-0.088625,-0.043661,0,3.08173,10.1597,0
-0.088625,-0.043661,0,3.08155,10.1597,0
-0.088625,-0.043661,0,3.0819,10.1597,0
-0.088625,-0.043661,0,3.08155,10.1597,0
-0.088625,-0.043661,0,3.08173,10.1597,0
-0.088625,-0.043661,0,3.08173,10.1597,0
-0.088625,-0.043661,0,3.08173,10.1597,0
-0.088625,-0.043661,0,3.08173,10.1597,0
-0.089133,-0.042206,0,3.13863,10.2468,0
-0.089133,-0.042205,0,3.13863,10.2468,0
-0.089134,-0.042203,0,3.1388,10.2468,0
-0.089134,-0.042203,0,3.1388,10.247,0
-0.089134,-0.042204,0,3.13863,10.247,0
-0.089134,-0.042204,0,3.13863,10.247,0
-0.089741,-0.040855,0,3.14456,10.2576,0
-0.089741,-0.040851,0,3.14456,10.2576,0
-0.089742,-0.040851,0,3.14456,10.2576,0
-0.089742,-0.040851,0,3.14456,10.2576,0
-0.089374,-0.042511,0,3.17214,10.3138,0
-0.089374,-0.042512,0,3.17214,10.3138,0
-0.089373,-0.042513,0,3.17214,10.3138,0
-0.089373,-0.042513,0,3.17214,10.3138,0
-0.089373,-0.042512,0,3.17214,10.3138,0
-0.089373,-0.042512,0,3.17214,10.3138,0
-0.089373,-0.042512,0,3.17214,10.3138,0
-0.089373,-0.042512,0,3.17214,10.3138,0
-0.089373,-0.042512,0,3.17214,10.3138,0
-0.089373,-0.042512,0,3.17214,10.3138,0
-0.089373,-0.042512,0,3.17214,10.3138,0
-0.089373,-0.042512,0,3.17214,10.3138,0
-0.089373,-0.042512,0,3.17231,10.3138,0
-0.089373,-0.042512,0,3.17231,10.3138,0
-0.089541,-0.041795,0,3.24317,10.4353,0
-0.089541,-0.041795,0,3.24317,10.4355,0
-0.089842,-0.042703,0,3.20425,10.3645,0
-0.089842,-0.042706,0,3.20408,10.3645,0
-0.089844,-0.042706,0,3.20408,10.3643,0
-0.089844,-0.042706,0,3.20408,10.3643,0
-0.089843,-0.042706,0,3.20408,10.3643,0
-0.089843,-0.042706,0,3.20408,10.3643,0
-0.089843,-0.042706,0,3.20425,10.3643,0
-0.089843,-0.042706,0,3.20425,10.3643,0
-0.089843,-0.042706,0,3.20425,10.3643,0
-0.089843,-0.042706,0,3.20425,10.3643,0
-0.090162,-0.043477,0,3.25382,10.45,0
-0.090164,-0.04348,0,3.25382,10.45,0
-0.089485,-0.042619,0,3.27389,10.4826,0
-0.089484,-0.042617,0,3.27389,10.4826,0
-0.089483,-0.042615,0,3.27371,10.4826,0
-0.089483,-0.042616,0,3.27371,10.4826,0
-0.089715,-0.043491,0,3.24998,10.4425,0
-0.089715,-0.043492,0,3.24998,10.4425,0
-0.089717,-0.043497,0,3.24998,10.4423,0
-0.090037,-0.043008,0,3.30461,10.5294,0
-0.09004,-0.043004,0,3.30478,10.5297,0
-0.090032,-0.042768,0,3.34597,10.5989,0
-0.090032,-0.042765,0,3.34597,10.5989,0
-0.090032,-0.042757,0,3.34632,10.6003,0
-0.090032,-0.042762,0,3.34615,10.599,0
-0.090032,-0.04276,0,3.34632,10.599,0
-0.090032,-0.04276,0,3.34632,10.599,0
-0.090032,-0.042761,0,3.34632,10.599,0
-0.090032,-0.042761,0,3.34632,10.599,0
-0.090404,-0.043475,0,3.31281,10.5416,0
-0.090407,-0.04348,0,3.31281,10.5416,0
-0.090934,-0.043368,0,3.35278,10.6078,0
-0.090936,-0.043364,0,3.35278,10.6078,0
-0.090494,-0.04248,0,3.38158,10.6572,0
-0.090494,-0.042479,0,3.38158,10.6572,0
-0.090491,-0.042475,0,3.38158,10.6572,0
-0.090489,-0.042514,0,3.38105,10.6559,0
-0.090489,-0.042509,0,3.38105,10.6559,0
-0.090486,-0.042548,0,3.38018,10.6545,0
-0.090486,-0.042545,0,3.38018,10.6545,0
-0.090487,-0.042544,0,3.38035,10.6551,0
-0.090487,-0.042544,0,3.38018,10.6551,0
-0.090487,-0.042545,0,3.38018,10.6547,0
-0.090487,-0.042545,0,3.38018,10.6547,0
-0.090834,-0.043334,0,3.42119,10.7278,0
-0.090834,-0.043335,0,3.42119,10.7278,0
-0.090835,-0.043336,0,3.42137,10.728,0
-0.090835,-0.043336,0,3.42137,10.728,0
-0.090469,-0.043672,0,3.38978,10.6751,0
-0.090465,-0.043674,0,3.38978,10.6751,0
-0.09042,-0.043636,0,3.38873,10.6734,0
-0.090424,-0.04364,0,3.38891,10.6736,0
-0.090634,-0.043976,0,3.44476,10.7614,0
-0.090631,-0.043977,0,3.44476,10.7614,0
-0.090711,-0.045707,0,3.48106,10.8191,0
-0.090711,-0.045708,0,3.48106,10.8191,0
-0.090711,-0.045716,0,3.48106,10.8193,0
-0.090711,-0.04571,0,3.48106,10.8193,0
-0.090711,-0.045713,0,3.48106,10.8193,0
-0.090711,-0.045712,0,3.48106,10.8193,0
-0.090711,-0.045712,0,3.48106,10.8193,0
-0.090711,-0.045712,0,3.48106,10.8193,0
-0.090711,-0.045712,0,3.48106,10.8193,0
-0.090594,-0.046071,0,3.44249,10.7669,0
-0.090593,-0.046073,0,3.44249,10.7669,0
-0.090589,-0.046077,0,3.44214,10.7659,0
-0.090807,-0.046426,0,3.49188,10.831,0
-0.090809,-0.04643,0,3.49188,10.8313,0
-0.090698,-0.046411,0,3.53516,10.8874,0
-0.0907,-0.046415,0,3.53516,10.8874,0
-0.090706,-0.046382,0,3.53935,10.8943,0
-0.090706,-0.046382,0,3.53935,10.894,0
-0.090704,-0.04639,0,3.53866,10.8924,0
-0.090685,-0.046842,0,3.50864,10.8542,0
-0.090683,-0.046846,0,3.50864,10.854,0
-0.090668,-0.046875,0,3.50829,10.8533,0
-0.090889,-0.048177,0,3.48141,10.8196,0
-0.09089,-0.04818,0,3.48141,10.8196,0
-0.091112,-0.048667,0,3.54424,10.8902,0
-0.091112,-0.048669,0,3.54424,10.8902,0
-0.090893,-0.047783,0,3.59625,10.9472,0
-0.090893,-0.047782,0,3.59625,10.9474,0
-0.090892,-0.047776,0,3.59643,10.9478,0
-0.090893,-0.04778,0,3.59643,10.9478,0
-0.090893,-0.047779,0,3.5966,10.9478,0
-0.090894,-0.047779,0,3.59643,10.9478,0
-0.091385,-0.04719,0,3.64739,11.0069,0
-0.091385,-0.047189,0,3.64739,11.0069,0
-0.091388,-0.047187,0,3.64756,11.0074,0
-0.091388,-0.047187,0,3.64756,11.0074,0
-0.091387,-0.047189,0,3.64756,11.0074,0
-0.091387,-0.047189,0,3.64756,11.0074,0
-0.091387,-0.047188,0,3.64756,11.0073,0
-0.091387,-0.047188,0,3.64756,11.0073,0
-0.091404,-0.047165,0,3.64303,11.0005,0
-0.091403,-0.047166,0,3.64337,11.0008,0
-0.091401,-0.047168,0,3.64337,11.0013,0
-0.091402,-0.047168,0,3.64337,11.0012,0
-0.091403,-0.047166,0,3.64337,11.0008,0
-0.091402,-0.047166,0,3.64337,11.0006,0
-0.091669,-0.046825,0,3.67898,11.0453,0
-0.09167,-0.046823,0,3.67915,11.0455,0
-0.091672,-0.046821,0,3.67915,11.046,0
-0.091672,-0.046821,0,3.67915,11.046,0
-0.091671,-0.046822,0,3.67915,11.0457,0
-0.091671,-0.046822,0,3.67915,11.0457,0
-0.091672,-0.046822,0,3.67915,11.0457,0
-0.091672,-0.046822,0,3.67915,11.0457,0
-0.091672,-0.046822,0,3.67915,11.0457,0
-0.091672,-0.046822,0,3.67915,11.0457,0
-0.091673,-0.046822,0,3.67915,11.0457,0
-0.091673,-0.046822,0,3.67915,11.0457,0
-0.091673,-0.046822,0,3.67915,11.0457,0
-0.091673,-0.046822,0,3.67915,11.0457,0
-0.091674,-0.046822,0,3.67915,11.0457,0
-0.091674,-0.046822,0,3.67915,11.0457,0
-0.091674,-0.046822,0,3.67915,11.0457,0
-0.091984,-0.046751,0,3.7453,11.131,0
-0.091986,-0.04675,0,3.74548,11.1315,0
-0.091837,-0.046611,0,3.78841,11.189,0
-0.091837,-0.046608,0,3.78841,11.189,0
-0.092089,-0.047861,0,3.7659,11.1589,0
-0.092089,-0.047864,0,3.7659,11.1589,0
-0.091283,-0.044288,0,3.64076,11.006,0
-0.091283,-0.044279,0,3.64076,11.006,0
-0.092294,-0.045321,0,3.72418,11.1382,0
-0.092298,-0.045325,0,3.72418,11.1382,0
-0.092436,-0.045687,0,3.76345,11.1968,0
-0.092436,-0.04569,0,3.76345,11.1973,0
-0.091955,-0.054405,0,3.87847,11.3677,0
-0.091955,-0.054406,0,3.87847,11.3677,0
-0.091955,-0.054408,0,3.87847,11.3677,0
-0.091955,-0.054408,0,3.87847,11.3677,0
-0.092823,-0.054298,0,3.92106,11.397,0
-0.092829,-0.054299,0,3.92106,11.397,0
-0.093309,-0.053621,0,3.94689,11.416,0
-0.093309,-0.053619,0,3.94689,11.416,0
-0.093311,-0.053618,0,3.94689,11.4158,0
-0.093311,-0.053618,0,3.94689,11.4158,0
-0.093311,-0.053619,0,3.94689,11.4158,0
-0.093311,-0.053619,0,3.94689,11.4158,0
-0.093311,-0.053619,0,3.94671,11.4158,0
-0.093311,-0.053619,0,3.94671,11.4158,0
-0.093311,-0.053619,0,3.94671,11.4157,0
-0.093555,-0.054314,0,3.99523,11.4541,0
-0.093555,-0.054315,0,3.99523,11.4541,0
-0.09331,-0.055985,0,4.02054,11.4736,0
-0.09331,-0.055989,0,4.02054,11.4736,0
-0.093721,-0.057544,0,4.09507,11.523,0
-0.093721,-0.057545,0,4.09507,11.523,0
-0.093722,-0.057551,0,4.09507,11.523,0
-0.093353,-0.057051,0,4.16767,11.5666,0
-0.093352,-0.05705,0,4.16767,11.5666,0
-0.093349,-0.057047,0,4.16802,11.5672,0
-0.093351,-0.057049,0,4.16785,11.5672,0
-0.093351,-0.057049,0,4.16785,11.5672,0
-0.09335,-0.057048,0,4.16785,11.5672,0
-0.09335,-0.057048,0,4.16785,11.5672,0
-0.09335,-0.057048,0,4.16785,11.5672,0
-0.09335,-0.057048,0,4.16785,11.5672,0
-0.09335,-0.057048,0,4.16767,11.5672,0
-0.09335,-0.057048,0,4.16785,11.5672,0
-0.09353,-0.057218,0,4.21288,11.5951,0
-0.093533,-0.057221,0,4.21322,11.5954,0
-0.093772,-0.057366,0,4.25372,11.6209,0
-0.093776,-0.057361,0,4.25389,11.6211,0
-0.093824,-0.05681,0,4.38392,11.7024,0
-0.093823,-0.056807,0,4.38392,11.7026,0
-0.093624,-0.057345,0,4.34744,11.6783,0
-0.093624,-0.057347,0,4.34744,11.6783,0
-0.09368,-0.05856,0,4.26,11.6228,0
-0.093679,-0.058564,0,4.25983,11.6228,0
-0.093702,-0.0586,0,4.26105,11.6239,0
-0.093699,-0.058597,0,4.26105,11.6237,0
-0.094117,-0.059086,0,4.34936,11.6742,0
-0.094121,-0.05909,0,4.34971,11.6743,0
-0.094149,-0.059894,0,4.4663,11.7407,0
-0.094149,-0.059898,0,4.4663,11.7407,0
-0.094194,-0.059941,0,4.46525,11.7401,0
-0.094192,-0.059939,0,4.46542,11.7401,0
-0.09419,-0.059938,0,4.46542,11.7403,0
-0.09419,-0.059938,0,4.46542,11.7403,0
-0.094446,-0.060832,0,4.41202,11.711,0
-0.094446,-0.060833,0,4.41202,11.711,0
-0.094479,-0.06142,0,4.46333,11.737,0
-0.094479,-0.061422,0,4.46333,11.737,0
-0.09448,-0.061451,0,4.4642,11.7375,0
-0.09448,-0.061425,0,4.46316,11.7375,0
-0.09448,-0.061432,0,4.46316,11.7375,0
-0.09448,-0.061431,0,4.46316,11.7375,0
-0.09448,-0.061429,0,4.46298,11.7375,0
-0.094332,-0.060835,0,4.50295,11.7571,0
-0.094332,-0.06083,0,4.50312,11.7571,0
-0.094871,-0.061043,0,4.56491,11.789,0
-0.094876,-0.061044,0,4.56508,11.789,0
-0.095497,-0.061119,0,4.62757,11.8222,0
-0.0955,-0.061123,0,4.62757,11.8223,0
-0.094697,-0.060723,0,4.71379,11.8702,0
-0.09469,-0.060722,0,4.71396,11.8703,0
-0.094629,-0.06076,0,4.66282,11.8419,0
-0.094628,-0.060764,0,4.66282,11.8419,0
-0.094613,-0.060769,0,4.61099,11.8129,0
-0.094613,-0.060769,0,4.61099,11.8129,0
-0.094617,-0.060774,0,4.61064,11.8129,0
-0.094617,-0.060774,0,4.61064,11.8129,0
-0.094616,-0.060772,0,4.61064,11.8129,0
-0.094616,-0.060772,0,4.61064,11.8129,0
-0.094616,-0.060774,0,4.61046,11.8129,0
-0.094616,-0.060774,0,4.61046,11.8129,0
-0.094616,-0.060774,0,4.61046,11.8129,0
-0.094616,-0.060774,0,4.61046,11.8129,0
-0.094616,-0.060774,0,4.61064,11.8129,0
-0.094616,-0.060774,0,4.61046,11.8129,0
-0.094616,-0.060774,0,4.61046,11.8129,0
-0.094616,-0.060774,0,4.61046,11.8129,0
-0.094616,-0.060774,0,4.61046,11.8129,0
-0.094616,-0.060774,0,4.61046,11.8129,0
-0.094616,-0.060774,0,4.61046,11.8129,0
-0.094616,-0.060774,0,4.61046,11.8129,0
-0.094616,-0.060774,0,4.61046,11.8129,0
-0.094616,-0.060774,0,4.61046,11.8129,0
-0.094616,-0.060774,0,4.61046,11.8129,0
-0.095778,-0.060496,0,4.69494,11.8586,0
-0.095781,-0.060495,0,4.69511,11.8586,0
-0.095266,-0.060141,0,4.7747,11.9061,0
-0.095266,-0.06014,0,4.7747,11.9061,0
-0.095257,-0.060136,0,4.77487,11.9065,0
-0.095263,-0.060139,0,4.7747,11.9065,0
-0.09526,-0.060138,0,4.77487,11.9065,0
-0.09526,-0.060138,0,4.77487,11.9065,0
-0.095189,-0.06029,0,4.84451,11.9482,0
-0.095189,-0.060293,0,4.84468,11.9483,0
-0.095192,-0.060321,0,4.84695,11.9497,0
-0.095806,-0.06103,0,4.95098,12.0115,0
-0.095807,-0.061031,0,4.95098,12.0115,0
-0.095811,-0.061032,0,4.95115,12.0121,0
-0.095811,-0.061032,0,4.95115,12.0121,0
-0.095809,-0.061031,0,4.95115,12.0117,0
-0.095809,-0.061031,0,4.95115,12.0117,0
-0.09581,-0.061031,0,4.95115,12.0117,0
-0.09581,-0.061031,0,4.95115,12.0117,0
-0.09581,-0.061031,0,4.95115,12.0117,0
-0.09581,-0.061031,0,4.95115,12.0117,0
-0.095729,-0.061621,0,4.90438,11.984,0
-0.095729,-0.061622,0,4.90438,11.984,0
-0.095728,-0.061624,0,4.9042,11.9834,0
-0.095728,-0.061624,0,4.90438,11.9834,0
-0.095728,-0.061622,0,4.9042,11.9838,0
-0.095724,-0.061624,0,4.90717,11.9855,0
-0.095724,-0.061624,0,4.90717,11.9855,0
-0.095726,-0.061622,0,4.9063,11.9845,0
-0.095726,-0.061622,0,4.9063,11.9845,0
-0.095726,-0.061623,0,4.9063,11.9852,0
-0.095726,-0.061623,0,4.9063,11.9852,0
-0.095502,-0.061734,0,4.95865,12.0141,0
-0.095497,-0.061736,0,4.95918,12.0145,0
-0.095388,-0.061989,0,5.01224,12.0442,0
-0.095388,-0.061991,0,5.01224,12.0442,0
-0.09539,-0.061993,0,5.01241,12.0445,0
-0.09539,-0.061993,0,5.01241,12.0445,0
-0.095838,-0.062514,0,5.09339,12.089,0
-0.095838,-0.062516,0,5.09339,12.089,0
-0.096474,-0.062807,0,5.05674,12.0693,0
-0.096475,-0.062807,0,5.05674,12.0693,0
-0.096479,-0.062808,0,5.05674,12.069,0
-0.096479,-0.062808,0,5.05674,12.069,0
-0.096477,-0.062808,0,5.05674,12.0691,0
-0.096477,-0.062808,0,5.05674,12.0691,0
-0.096478,-0.062808,0,5.05674,12.0691,0
-0.096478,-0.062808,0,5.05674,12.0691,0
-0.096478,-0.062808,0,5.05674,12.0691,0
-0.096478,-0.062808,0,5.05674,12.0691,0
-0.096478,-0.062808,0,5.05674,12.0691,0
-0.096478,-0.062808,0,5.05674,12.0691,0
-0.096716,-0.06249,0,5.10439,12.0951,0
-0.096719,-0.062485,0,5.10456,12.0953,0
-0.096909,-0.062142,0,5.17403,12.1351,0
-0.09691,-0.062139,0,5.1742,12.1353,0
-0.096938,-0.062117,0,5.18031,12.1398,0
-0.096937,-0.062118,0,5.18031,12.1396,0
-0.096936,-0.06212,0,5.17996,12.1395,0
-0.096936,-0.06212,0,5.17996,12.1395,0
-0.096937,-0.06212,0,5.18014,12.1396,0
-0.096937,-0.06212,0,5.18014,12.1396,0
-0.096937,-0.06212,0,5.18014,12.1396,0
-0.096937,-0.06212,0,5.18014,12.1396,0
-0.096937,-0.06212,0,5.18014,12.1396,0
-0.096937,-0.06212,0,5.18014,12.1396,0
-0.096937,-0.06212,0,5.18014,12.1396,0
-0.096937,-0.06212,0,5.18014,12.1396,0
-0.096763,-0.061331,0,5.26496,12.1908,0
-0.096763,-0.061329,0,5.26496,12.1908,0
-0.096761,-0.061321,0,5.26513,12.191,0
-0.096254,-0.061133,0,5.30667,12.2173,0
-0.096253,-0.061133,0,5.30667,12.2173,0
-0.096251,-0.061132,0,5.30685,12.2175,0
-0.096253,-0.061133,0,5.30667,12.2175,0
-0.096253,-0.061133,0,5.30667,12.2175,0
-0.096253,-0.061134,0,5.3065,12.2175,0
-0.096253,-0.061134,0,5.3065,12.2175,0
-0.096253,-0.061135,0,5.3065,12.2175,0
-0.096253,-0.061135,0,5.3065,12.2175,0
-0.096425,-0.06146,0,5.35816,12.2499,0
-0.096429,-0.061462,0,5.35834,12.2501,0
-0.096477,-0.061497,0,5.35991,12.2513,0
-0.096476,-0.061496,0,5.35991,12.2513,0
-0.096474,-0.061494,0,5.35973,12.2506,0
-0.096474,-0.061494,0,5.35973,12.2506,0
-0.096476,-0.061495,0,5.35973,12.2512,0
-0.096476,-0.061495,0,5.35973,12.2512,0
-0.096477,-0.061496,0,5.35991,12.251,0
-0.096477,-0.061496,0,5.35991,12.251,0
-0.096477,-0.061497,0,5.35991,12.251,0
-0.096477,-0.061497,0,5.35991,12.251,0
-0.096477,-0.061497,0,5.35991,12.251,0
-0.096477,-0.061497,0,5.35991,12.251,0
-0.096477,-0.061497,0,5.35991,12.251,0
-0.096477,-0.061497,0,5.35991,12.251,0
-0.096693,-0.062108,0,5.45712,12.3116,0
-0.096694,-0.062109,0,5.4573,12.3116,0
-0.096696,-0.062111,0,5.4573,12.3121,0
-0.096696,-0.062111,0,5.4573,12.3121,0
-0.096385,-0.062663,0,5.49499,12.3349,0
-0.096383,-0.062664,0,5.49517,12.3349,0
-0.096383,-0.062664,0,5.49499,12.3351,0
-0.096383,-0.062664,0,5.49499,12.3351,0
-0.096383,-0.062664,0,5.49499,12.3351,0
-0.096383,-0.062664,0,5.49499,12.3351,0
-0.096383,-0.062664,0,5.49499,12.3351,0
-0.096383,-0.062664,0,5.49499,12.3351,0
-0.096383,-0.062664,0,5.49499,12.3351,0
-0.096383,-0.062664,0,5.49499,12.3351,0
-0.096917,-0.06316,0,5.54072,12.3618,0
-0.096919,-0.06316,0,5.54072,12.3618,0
-0.096922,-0.063164,0,5.5409,12.362,0
-0.096922,-0.063163,0,5.5409,12.362,0
-0.096921,-0.063163,0,5.5409,12.362,0
-0.096921,-0.063163,0,5.5409,12.362,0
-0.096921,-0.063163,0,5.5409,12.362,0
-0.096922,-0.063163,0,5.54072,12.362,0
-0.096922,-0.063163,0,5.54072,12.362,0
-0.096922,-0.063163,0,5.54072,12.362,0
-0.096922,-0.063163,0,5.54072,12.362,0
-0.096922,-0.063163,0,5.54072,12.362,0
-0.096922,-0.063163,0,5.5409,12.362,0
-0.096922,-0.063163,0,5.5409,12.362,0
-0.098013,-0.063539,0,5.62083,12.4084,0
-0.098014,-0.063539,0,5.62083,12.4084,0
-0.098016,-0.06354,0,5.62083,12.4086,0
-0.098016,-0.06354,0,5.62083,12.4086,0
-0.097306,-0.06346,0,5.65365,12.4283,0
-0.097305,-0.06346,0,5.65365,12.4283,0
-0.097301,-0.063461,0,5.65365,12.4283,0
-0.097304,-0.063461,0,5.65382,12.4283,0
-0.097303,-0.063461,0,5.65382,12.4283,0
-0.097303,-0.063461,0,5.65382,12.4283,0
-0.097304,-0.063461,0,5.65382,12.4283,0
-0.097305,-0.063461,0,5.65382,12.4283,0
-0.097488,-0.063304,0,5.74039,12.4789,0
-0.097489,-0.063302,0,5.74109,12.4795,0
-0.097798,-0.063052,0,5.81264,12.5227,0
-0.097799,-0.063051,0,5.81282,12.5227,0
-0.0978,-0.063051,0,5.81264,12.5231,0
-0.0978,-0.063051,0,5.81264,12.5231,0
-0.097799,-0.063051,0,5.81264,12.5231,0
-0.097799,-0.063051,0,5.81264,12.5231,0
-0.097631,-0.062866,0,5.85017,12.5463,0
-0.09763,-0.062865,0,5.85034,12.5465,0
-0.097629,-0.062864,0,5.85034,12.547,0
-0.097629,-0.062864,0,5.85034,12.547,0
-0.09763,-0.062865,0,5.85034,12.5466,0
-0.09763,-0.062865,0,5.85034,12.5466,0
-0.09809,-0.062514,0,5.91283,12.5861,0
-0.098092,-0.062513,0,5.913,12.5861,0
-0.098094,-0.062511,0,5.913,12.5868,0
-0.098094,-0.062511,0,5.913,12.5866,0
-0.098093,-0.062513,0,5.913,12.5863,0
-0.098093,-0.062513,0,5.913,12.5863,0
-0.098082,-0.062179,0,5.86029,12.5512,0
-0.098082,-0.06217,0,5.86029,12.5512,0
-0.098039,-0.062153,0,5.85418,12.5465,0
-0.098042,-0.062154,0,5.85506,12.5468,0
-0.098052,-0.06227,0,5.80392,12.5123,0
-0.098053,-0.062272,0,5.80374,12.5119,0
-0.098056,-0.062275,0,5.80339,12.5116,0
-0.098056,-0.062275,0,5.80339,12.5116,0
-0.098055,-0.062274,0,5.80339,12.5119,0
-0.098055,-0.062274,0,5.80339,12.5119,0
-0.098056,-0.062274,0,5.80357,12.5119,0
-0.098056,-0.062274,0,5.80357,12.5119,0
-0.098057,-0.062274,0,5.80357,12.5119,0
-0.098057,-0.062274,0,5.80357,12.5119,0
-0.098058,-0.062274,0,5.80357,12.5119,0
-0.098058,-0.062274,0,5.80357,12.5119,0
-0.098059,-0.062274,0,5.80357,12.5119,0
-0.098059,-0.062274,0,5.80357,12.5119,0
-0.098059,-0.062274,0,5.80357,12.5119,0
-0.098059,-0.062274,0,5.80357,12.5119,0
-0.098059,-0.062274,0,5.80357,12.5119,0
-0.098059,-0.062274,0,5.80357,12.5119,0
-0.098059,-0.062274,0,5.80357,12.5121,0
-0.098059,-0.062274,0,5.80357,12.5121,0
-0.098568,-0.062559,0,5.88124,12.5643,0
-0.098572,-0.062561,0,5.88141,12.5645,0
-0.098656,-0.063154,0,5.97828,12.6301,0
-0.098656,-0.063155,0,5.97845,12.6301,0
-0.098656,-0.063157,0,5.97845,12.6306,0
-0.098656,-0.063157,0,5.97845,12.6306,0
-0.098656,-0.063155,0,5.97845,12.6301,0
-0.098656,-0.063155,0,5.97845,12.6301,0
-0.097655,-0.063315,0,6.00638,12.6484,0
-0.097652,-0.063315,0,6.00638,12.6486,0
-0.098815,-0.06348,0,6.06327,12.6837,0
-0.098818,-0.06348,0,6.06327,12.6837,0
-0.098848,-0.06348,0,6.06327,12.6837,0
-0.09883,-0.06348,0,6.06327,12.6837,0
-0.098822,-0.06348,0,6.0631,12.6837,0
-0.098837,-0.06348,0,6.0631,12.6837,0
-0.098834,-0.06348,0,6.0631,12.6837,0
-0.098826,-0.06348,0,6.0631,12.6837,0
-0.098831,-0.06348,0,6.06292,12.6837,0
-0.098834,-0.06348,0,6.06292,12.6837,0
-0.09883,-0.06348,0,6.06292,12.6837,0
-0.09883,-0.06348,0,6.06292,12.6837,0
-0.098833,-0.06348,0,6.06292,12.6837,0
-0.098833,-0.06348,0,6.06292,12.6837,0
-0.099262,-0.063332,0,6.12942,12.7271,0
-0.099267,-0.063332,0,6.12977,12.7273,0
-0.09834,-0.063837,0,6.22053,12.7886,0
-0.098337,-0.063838,0,6.22053,12.7886,0
-0.098414,-0.064037,0,6.16904,12.7563,0
-0.098414,-0.06404,0,6.16887,12.7563,0
-0.098523,-0.064367,0,6.12803,12.7308,0
-0.098524,-0.064368,0,6.12803,12.7308,0
-0.098526,-0.06437,0,6.12803,12.7304,0
-0.098526,-0.06437,0,6.12803,12.7304,0
-0.099137,-0.06487,0,6.16223,12.7509,0
-0.09914,-0.064872,0,6.16241,12.7509,0
-0.100159,-0.064256,0,6.17358,12.7577,0
-0.10016,-0.064256,0,6.17358,12.7577,0
-0.100162,-0.064255,0,6.17358,12.7575,0
-0.100162,-0.064255,0,6.17358,12.7575,0
-0.099308,-0.06289,0,6.21041,12.7821,0
-0.099307,-0.062885,0,6.21041,12.7821,0
-0.099274,-0.062416,0,6.31635,12.8561,0
-0.099273,-0.062414,0,6.31635,12.8563,0
-0.099269,-0.062388,0,6.31704,12.8566,0
-0.099317,-0.062397,0,6.31844,12.8578,0
-0.099315,-0.062397,0,6.31844,12.8578,0
-0.099312,-0.062397,0,6.31827,12.8573,0
-0.099312,-0.062397,0,6.31827,12.8573,0
-0.099314,-0.062398,0,6.31827,12.8577,0
-0.099314,-0.062398,0,6.31827,12.8577,0
-0.099313,-0.062398,0,6.31827,12.8577,0
-0.099313,-0.062398,0,6.31827,12.8577,0
-0.099313,-0.062398,0,6.31809,12.8577,0
-0.099313,-0.062398,0,6.31809,12.8577,0
-0.099313,-0.062398,0,6.31827,12.8577,0
-0.099313,-0.062398,0,6.31827,12.8577,0
-0.099352,-0.062239,0,6.36539,12.8919,0
-0.099351,-0.062233,0,6.36539,12.892,0
-0.099436,-0.062072,0,6.40501,12.9212,0
-0.099436,-0.06207,0,6.40518,12.9212,0
-0.099437,-0.062066,0,6.40518,12.9217,0
-0.099437,-0.062066,0,6.40518,12.9217,0
-0.099437,-0.062069,0,6.40501,12.9214,0
-0.099437,-0.062069,0,6.40501,12.9214,0
-0.099437,-0.062068,0,6.40518,12.9214,0
-0.099437,-0.062068,0,6.40518,12.9214,0
-0.100329,-0.062194,0,6.42176,12.9339,0
-0.100333,-0.062194,0,6.42176,12.9339,0
-0.099785,-0.062722,0,6.51008,13.0032,0
-0.099782,-0.062726,0,6.51043,13.0032,0
-0.098911,-0.063524,0,6.57186,13.0481,0
-0.098907,-0.063526,0,6.57186,13.0481,0
-0.098995,-0.063854,0,6.48791,12.9926,0
-0.098997,-0.063857,0,6.48756,12.9922,0
-0.099357,-0.063952,0,6.42089,12.9486,0
-0.099359,-0.063945,0,6.42072,12.9486,0
-0.099406,-0.063941,0,6.41984,12.9479,0
-0.099401,-0.063942,0,6.42002,12.9481,0
-0.100217,-0.064173,0,6.46662,12.9791,0
-0.100219,-0.064173,0,6.46662,12.9791,0
-0.100223,-0.064174,0,6.46679,12.9791,0
-0.100223,-0.064174,0,6.46679,12.9791,0
-0.100221,-0.064174,0,6.46662,12.9791,0
-0.100222,-0.064175,0,6.46662,12.9791,0
-0.100223,-0.064176,0,6.46662,12.9791,0
-0.100223,-0.064176,0,6.46662,12.9791,0
-0.10034,-0.063746,0,6.51008,13.0083,0
-0.10034,-0.063745,0,6.51008,13.0085,0
-0.100339,-0.063742,0,6.51008,13.0088,0
-0.100339,-0.063743,0,6.51008,13.0088,0
-0.100834,-0.063365,0,6.61654,13.0839,0
-0.100837,-0.063363,0,6.61654,13.084,0
-0.100854,-0.063204,0,6.62265,13.0886,0
-0.100854,-0.063204,0,6.62248,13.0884,0
-0.100852,-0.063217,0,6.6223,13.088,0
-0.100852,-0.063216,0,6.6223,13.088,0
-0.100853,-0.063213,0,6.62248,13.0884,0
-0.100853,-0.063213,0,6.62248,13.0884,0
-0.100853,-0.063215,0,6.62265,13.0884,0
-0.100853,-0.063215,0,6.62265,13.0884,0
-0.100853,-0.063215,0,6.62283,13.0884,0
-0.100853,-0.063215,0,6.62283,13.0884,0
-0.100853,-0.063216,0,6.62283,13.0884,0
-0.100853,-0.063216,0,6.62283,13.0884,0
-0.100936,-0.062195,0,6.69822,13.1453,0
-0.100936,-0.062194,0,6.6984,13.1453,0
-0.100937,-0.062191,0,6.69822,13.1455,0
-0.099709,-0.062039,0,6.68758,13.1371,0
-0.099708,-0.062039,0,6.68758,13.1371,0
-0.099705,-0.062039,0,6.6874,13.1371,0
-0.099705,-0.062039,0,6.6874,13.1371,0
-0.099707,-0.062039,0,6.68758,13.1371,0
-0.099706,-0.062039,0,6.68758,13.1371,0
-0.099706,-0.062039,0,6.68758,13.1371,0
-0.099706,-0.062039,0,6.68758,13.1371,0
-0.100351,-0.062265,0,6.7532,13.1875,0
-0.100354,-0.062265,0,6.75338,13.1875,0
-0.101416,-0.062376,0,6.81935,13.2395,0
-0.101419,-0.062376,0,6.81935,13.2395,0
-0.100302,-0.062544,0,6.85269,13.2669,0
-0.1003,-0.062544,0,6.85251,13.2669,0
-0.100347,-0.062586,0,6.85356,13.268,0
-0.100346,-0.062585,0,6.85356,13.268,0
-0.100343,-0.062583,0,6.85338,13.2675,0
-0.100343,-0.062583,0,6.85338,13.2675,0
-0.100345,-0.062584,0,6.85338,13.2678,0
-0.100345,-0.062584,0,6.85338,13.2678,0
-0.101314,-0.062561,0,6.8677,13.279,0
-0.101316,-0.062561,0,6.8677,13.279,0
-0.101319,-0.062561,0,6.8677,13.279,0
-0.101319,-0.062561,0,6.8677,13.279,0
-0.101317,-0.062561,0,6.8677,13.279,0
-0.101317,-0.062561,0,6.8677,13.279,0
-0.101318,-0.062561,0,6.8677,13.279,0
-0.101318,-0.062561,0,6.8677,13.279,0
-0.101317,-0.062561,0,6.8677,13.279,0
-0.101317,-0.062561,0,6.8677,13.279,0
-0.101312,-0.062725,0,6.94798,13.3441,0
-0.10131,-0.062727,0,6.94833,13.3441,0
-0.101321,-0.062689,0,6.95008,13.3458,0
-0.10132,-0.06269,0,6.95008,13.3457,0
-0.101319,-0.062692,0,6.9499,13.3453,0
-0.101319,-0.062692,0,6.9499,13.3453,0
-0.10132,-0.062691,0,6.9499,13.3457,0
-0.10132,-0.062691,0,6.9499,13.3457,0
-0.101594,-0.062798,0,6.99772,13.3841,0
-0.101596,-0.062798,0,6.9979,13.3841,0
-0.101601,-0.0628,0,6.99807,13.3849,0
-0.101599,-0.0628,0,6.9979,13.3844,0
-0.101599,-0.0628,0,6.9979,13.3844,0
-0.101716,-0.06282,0,7.04485,13.4226,0
-0.101719,-0.062822,0,7.04502,13.423,0
-0.101768,-0.062777,0,7.04624,13.4242,0
-0.101767,-0.06278,0,7.04624,13.4242,0
-0.101763,-0.062782,0,7.04607,13.4237,0
-0.101764,-0.062782,0,7.04607,13.4237,0
-0.101766,-0.06278,0,7.04624,13.4242,0
-0.101765,-0.06278,0,7.04607,13.4242,0
-0.101764,-0.062781,0,7.04624,13.4242,0
-0.101764,-0.062781,0,7.04607,13.4239,0
-0.101765,-0.062781,0,7.04607,13.4239,0
-0.101765,-0.062781,0,7.04624,13.4239,0
-0.101765,-0.062781,0,7.04624,13.4239,0
-0.101765,-0.062781,0,7.04624,13.4239,0
-0.101765,-0.062781,0,7.04624,13.4239,0
-0.101765,-0.062781,0,7.04624,13.4239,0
-0.102036,-0.062336,0,7.12583,13.489,0
-0.102037,-0.062332,0,7.126,13.489,0
-0.10199,-0.062129,0,7.18988,13.5438,0
-0.101985,-0.062126,0,7.19006,13.5439,0
-0.101938,-0.06213,0,7.18919,13.5432,0
-0.101939,-0.062129,0,7.18919,13.5432,0
-0.101943,-0.062128,0,7.18919,13.5434,0
-0.101943,-0.062128,0,7.18919,13.5434,0
-0.101941,-0.062129,0,7.18919,13.5434,0
-0.101942,-0.062129,0,7.18919,13.5434,0
-0.101751,-0.061377,0,7.14503,13.5052,0
-0.10175,-0.061375,0,7.1452,13.5052,0
-0.10175,-0.061373,0,7.14503,13.505,0
-0.10175,-0.061373,0,7.14503,13.505,0
-0.10175,-0.061374,0,7.1452,13.505,0
-0.10175,-0.061374,0,7.14503,13.505,0
-0.10175,-0.061374,0,7.14503,13.505,0
-0.10175,-0.061374,0,7.1452,13.505,0
-0.10175,-0.061374,0,7.1452,13.505,0
-0.10175,-0.061374,0,7.14503,13.505,0
-0.10175,-0.061374,0,7.14503,13.505,0
-0.10175,-0.061374,0,7.14503,13.505,0
-0.10175,-0.061374,0,7.14503,13.505,0
-0.10175,-0.061374,0,7.1452,13.505,0
-0.10175,-0.061374,0,7.1452,13.505,0
-0.10175,-0.061374,0,7.1452,13.505,0
-0.10175,-0.061374,0,7.1452,13.505,0
-0.10248,-0.060282,0,7.22636,13.5787,0
-0.102481,-0.06028,0,7.22636,13.5787,0
-0.10277,-0.059674,0,7.2953,13.6495,0
-0.10277,-0.059672,0,7.2953,13.6495,0
-0.102771,-0.059669,0,7.29548,13.6495,0
-0.102771,-0.059669,0,7.29548,13.6495,0
-0.102772,-0.059672,0,7.2953,13.6495,0
-0.102772,-0.059672,0,7.2953,13.6495,0
-0.102773,-0.059671,0,7.2953,13.6495,0
-0.102773,-0.059671,0,7.2953,13.6495,0
-0.102231,-0.059508,0,7.2597,13.6108,0
-0.10223,-0.059508,0,7.2597,13.6106,0
-0.102198,-0.059503,0,7.25917,13.6103,0
-0.102209,-0.059506,0,7.25917,13.6103,0
-0.102208,-0.059506,0,7.25917,13.6103,0
-0.102442,-0.060353,0,7.30839,13.663,0
-0.102442,-0.060355,0,7.30839,13.663,0
-0.102444,-0.060358,0,7.30839,13.6633,0
-0.102444,-0.060358,0,7.30839,13.6633,0
-0.102444,-0.060357,0,7.30839,13.6633,0
-0.102444,-0.060357,0,7.30839,13.6633,0
-0.102444,-0.060357,0,7.30839,13.6633,0
-0.102444,-0.060357,0,7.30839,13.6633,0
-0.102444,-0.060357,0,7.30839,13.6633,0
-0.102715,-0.060708,0,7.3803,13.7361,0
-0.102722,-0.060716,0,7.38082,13.7366,0
-0.102728,-0.060759,0,7.38274,13.7385,0
-0.102727,-0.060758,0,7.38257,13.7385,0
-0.102726,-0.060752,0,7.38239,13.7375,0
-0.102727,-0.060755,0,7.38257,13.7384,0
-0.102727,-0.060755,0,7.38257,13.7384,0
-0.102727,-0.060754,0,7.38257,13.7377,0
-0.102727,-0.060754,0,7.38274,13.7377,0
-0.102685,-0.060793,0,7.38204,13.7366,0
-0.102687,-0.060792,0,7.38204,13.7366,0
-0.102693,-0.060787,0,7.38222,13.7371,0
-0.10269,-0.06079,0,7.38222,13.7371,0
-0.103193,-0.060902,0,7.44749,13.8022,0
-0.103194,-0.060902,0,7.44767,13.8022,0
-0.103198,-0.0609,0,7.44767,13.8029,0
-0.103198,-0.0609,0,7.44767,13.8029,0
-0.103195,-0.060901,0,7.44749,13.8024,0
-0.103196,-0.060901,0,7.44767,13.8024,0
-0.103196,-0.060901,0,7.44767,13.8024,0
-0.103196,-0.060901,0,7.44767,13.8026,0
-0.103196,-0.060901,0,7.44767,13.8026,0
-0.103196,-0.060901,0,7.44767,13.8026,0
-0.103196,-0.060901,0,7.44767,13.8026,0
-0.103196,-0.060901,0,7.44784,13.8026,0
-0.103196,-0.060901,0,7.44767,13.8026,0
-0.103196,-0.060901,0,7.44784,13.8026,0
-0.103688,-0.061082,0,7.53528,13.8918,0
-0.103689,-0.061082,0,7.53546,13.8919,0
-0.103691,-0.061083,0,7.53546,13.8923,0
-0.103691,-0.061083,0,7.53546,13.8923,0
-0.10369,-0.061083,0,7.53546,13.8923,0
-0.10369,-0.061083,0,7.53546,13.8923,0
-0.103691,-0.061083,0,7.53528,13.8921,0
-0.103691,-0.061083,0,7.53528,13.8921,0
-0.103708,-0.061043,0,7.54052,13.8988,0
-0.103707,-0.061045,0,7.54017,13.8981,0
-0.103701,-0.06099,0,7.54261,13.9007,0
-0.103701,-0.060992,0,7.54227,13.9005,0
-0.103702,-0.060996,0,7.54209,13.9007,0
-0.103702,-0.060996,0,7.54209,13.9007,0
-0.104012,-0.060889,0,7.62849,13.9902,0
-0.104016,-0.060888,0,7.62883,13.9906,0
-0.104029,-0.061256,0,7.68852,14.0546,0
-0.104029,-0.061257,0,7.68852,14.0546,0
-0.104028,-0.06126,0,7.6887,14.055,0
-0.104028,-0.06126,0,7.6887,14.055,0
-0.104028,-0.061258,0,7.6887,14.055,0
-0.104028,-0.061258,0,7.6887,14.055,0
-0.104028,-0.061259,0,7.6887,14.055,0
-0.104028,-0.061259,0,7.6887,14.055,0
-0.104028,-0.061259,0,7.6887,14.055,0
-0.104028,-0.06126,0,7.6887,14.055,0
-0.104028,-0.06126,0,7.6887,14.055,0
-0.104028,-0.06126,0,7.6887,14.055,0
-0.104028,-0.061261,0,7.6887,14.055,0
-0.104028,-0.061261,0,7.68852,14.055,0
-0.104152,-0.060669,0,7.72954,14.0977,0
-0.104153,-0.060668,0,7.72954,14.0977,0
-0.103973,-0.062056,0,7.77631,14.1492,0
-0.103972,-0.062059,0,7.77631,14.1492,0
-0.103941,-0.061277,0,7.68207,14.0576,0
-0.103942,-0.061273,0,7.68207,14.0574,0
-0.104242,-0.060329,0,7.6147,13.9876,0
-0.104242,-0.060328,0,7.6147,13.9876,0
-0.104687,-0.060003,0,7.71069,14.096,0
-0.104689,-0.060001,0,7.71086,14.0962,0
-0.104817,-0.06025,0,7.76706,14.1628,0
-0.104817,-0.060254,0,7.76706,14.163,0
-0.104531,-0.059631,0,7.8175,14.2223,0
-0.10453,-0.059628,0,7.8175,14.2223,0
-0.104046,-0.05846,0,7.7545,14.1455,0
-0.104046,-0.05846,0,7.7545,14.1455,0
-0.104044,-0.058451,0,7.7545,14.1454,0
-0.104045,-0.058453,0,7.7545,14.1454,0
-0.104045,-0.058455,0,7.75467,14.1454,0
-0.104045,-0.058454,0,7.75467,14.1454,0
-0.104045,-0.058454,0,7.75467,14.1454,0
-0.104045,-0.058455,0,7.75467,14.1454,0
-0.104045,-0.058455,0,7.75467,14.1454,0
-0.104045,-0.058456,0,7.75467,14.1454,0
-0.104045,-0.058456,0,7.75467,14.1454,0
-0.104088,-0.058499,0,7.75555,14.1468,0
-0.104088,-0.058497,0,7.75555,14.1468,0
-0.104085,-0.058496,0,7.75537,14.1462,0
-0.104085,-0.058497,0,7.75537,14.1464,0
-0.104086,-0.058498,0,7.7552,14.1466,0
-0.104086,-0.058498,0,7.75537,14.1466,0
-0.104984,-0.0591,0,7.8388,14.2548,0
-0.104986,-0.0591,0,7.8388,14.2548,0
-0.105123,-0.059795,0,7.8854,14.3157,0
-0.105123,-0.059797,0,7.88557,14.3157,0
-0.105124,-0.059799,0,7.88557,14.3162,0
-0.105124,-0.059799,0,7.88557,14.3162,0
-0.105111,-0.059838,0,7.8847,14.315,0
-0.105111,-0.059836,0,7.8847,14.315,0
-0.105112,-0.059835,0,7.88487,14.3157,0
-0.105112,-0.059835,0,7.88487,14.3157,0
-0.105112,-0.059836,0,7.88487,14.3152,0
-0.105112,-0.059836,0,7.88487,14.3152,0
-0.105112,-0.059836,0,7.8847,14.3152,0
-0.105112,-0.059836,0,7.8847,14.3152,0
-0.105112,-0.059836,0,7.88487,14.3154,0
-0.105112,-0.059836,0,7.88487,14.3154,0
-0.105112,-0.059836,0,7.88487,14.3154,0
-0.105112,-0.059836,0,7.88487,14.3154,0
-0.105112,-0.059836,0,7.88487,14.3154,0
-0.105112,-0.059836,0,7.88487,14.3154,0
-0.105112,-0.059836,0,7.88487,14.3154,0
-0.105112,-0.059836,0,7.88487,14.3154,0
-0.105112,-0.059836,0,7.88505,14.3154,0
-0.105112,-0.059836,0,7.88505,14.3154,0
-0.105112,-0.059836,0,7.88505,14.3154,0
-0.105112,-0.059836,0,7.88505,14.3154,0
-0.105112,-0.059836,0,7.88505,14.3155,0
-0.105112,-0.059836,0,7.88505,14.3155,0
-0.10555,-0.05986,0,7.98349,14.4363,0
-0.105555,-0.059861,0,7.98383,14.437,0
-0.105698,-0.060007,0,8.0622,14.5339,0
-0.105698,-0.060007,0,8.0622,14.5339,0
-0.105699,-0.060002,0,8.06272,14.5355,0
-0.105699,-0.060003,0,8.06272,14.5349,0
-0.105699,-0.060003,0,8.06272,14.5348,0
-0.105699,-0.060003,0,8.06272,14.5348,0
-0.105699,-0.060003,0,8.06272,14.5349,0
-0.105699,-0.060003,0,8.06272,14.5349,0
-0.105699,-0.060003,0,8.06255,14.5349,0
-0.105699,-0.060003,0,8.06255,14.5349,0
-0.105699,-0.060003,0,8.06255,14.5349,0
-0.105699,-0.060003,0,8.06255,14.5349,0
-0.105699,-0.060003,0,8.06255,14.5349,0
-0.105699,-0.060003,0,8.06255,14.5349,0
-0.105756,-0.059963,0,8.10129,14.5834,0
-0.105756,-0.059964,0,8.10129,14.5836,0
-0.105759,-0.059965,0,8.10164,14.584,0
-0.105759,-0.059965,0,8.10164,14.584,0
-0.105539,-0.059504,0,8.14179,14.6349,0
-0.105538,-0.059501,0,8.14179,14.6349,0
-0.106356,-0.059311,0,8.09885,14.5787,0
-0.106359,-0.059311,0,8.09885,14.5787,0
-0.105611,-0.058727,0,8.06011,14.5248,0
-0.10561,-0.058726,0,8.06011,14.5248,0
-0.105607,-0.058723,0,8.05993,14.5246,0
-0.105607,-0.058724,0,8.05993,14.5246,0
-0.105861,-0.059242,0,8.10705,14.5904,0
-0.105862,-0.059243,0,8.10705,14.5906,0
-0.105865,-0.059246,0,8.10723,14.5911,0
-0.105865,-0.059246,0,8.10723,14.5911,0
-0.105863,-0.059245,0,8.10705,14.5908,0
-0.105863,-0.059245,0,8.10705,14.5908,0
-0.105864,-0.059246,0,8.10705,14.5908,0
-0.105864,-0.059246,0,8.10705,14.5908,0
-0.105864,-0.059247,0,8.10705,14.5908,0
-0.105864,-0.059247,0,8.10688,14.5908,0
-0.105864,-0.059248,0,8.10705,14.5908,0
-0.106131,-0.059989,0,8.18699,14.699,0
-0.106131,-0.05999,0,8.18699,14.6992,0
-0.105838,-0.059449,0,8.14179,14.6405,0
-0.105836,-0.059445,0,8.14179,14.6405,0
-0.105835,-0.059443,0,8.14161,14.64,0
-0.105835,-0.059443,0,8.14161,14.64,0
-0.105835,-0.059445,0,8.14179,14.6403,0
-0.105835,-0.059445,0,8.14161,14.6403,0
-0.105835,-0.059444,0,8.14161,14.6403,0
-0.105835,-0.059444,0,8.14161,14.6403,0
-0.105835,-0.059444,0,8.14179,14.6403,0
-0.105835,-0.059444,0,8.14179,14.6403,0
-0.105971,-0.058839,0,8.19205,14.7075,0
-0.105971,-0.058838,0,8.19205,14.7075,0
-0.105972,-0.058837,0,8.19188,14.7079,0
-0.105972,-0.058837,0,8.19188,14.7079,0
-0.106275,-0.059197,0,8.23603,14.7695,0
-0.106279,-0.059201,0,8.23638,14.7698,0
-0.106458,-0.058928,0,8.27496,14.8238,0
-0.106458,-0.058924,0,8.27496,14.8238,0
-0.106502,-0.058965,0,8.27216,14.8199,0
-0.106499,-0.058962,0,8.27251,14.8201,0
-0.106474,-0.05894,0,8.3322,14.9058,0
-0.106474,-0.058944,0,8.3322,14.9058,0
-0.106349,-0.060071,0,8.3788,14.973,0
-0.106349,-0.060074,0,8.3788,14.973,0
-0.105989,-0.058411,0,8.30113,14.8725,0
-0.105989,-0.058408,0,8.30113,14.8725,0
-0.106045,-0.058296,0,8.26047,14.8142,0
-0.106044,-0.058294,0,8.26029,14.8133,0
-0.106084,-0.058334,0,8.25907,14.8112,0
-0.106083,-0.058333,0,8.25907,14.8112,0
-0.106659,-0.059333,0,8.29852,14.8699,0
-0.106661,-0.059337,0,8.29852,14.8699,0
-0.106669,-0.059363,0,8.29852,14.87,0
-0.106346,-0.059039,0,8.34459,14.9351,0
-0.106346,-0.059038,0,8.34459,14.9351,0
-0.106344,-0.059036,0,8.34459,14.9353,0
-0.106345,-0.059038,0,8.34459,14.9353,0
-0.106345,-0.059038,0,8.34459,14.9353,0
-0.106345,-0.059038,0,8.34459,14.9353,0
-0.106314,-0.058865,0,8.40743,15.0233,0
-0.106314,-0.058862,0,8.4076,15.0238,0
-0.106532,-0.0594,0,8.45682,15.0936,0
-0.106532,-0.059401,0,8.45664,15.0936,0
-0.106535,-0.059405,0,8.45664,15.0936,0
-0.106534,-0.059403,0,8.45664,15.0936,0
-0.106534,-0.059403,0,8.45664,15.0936,0
-0.106534,-0.059403,0,8.45664,15.0936,0
-0.106534,-0.059403,0,8.45664,15.0936,0
-0.106534,-0.059403,0,8.45664,15.0936,0
-0.106534,-0.059403,0,8.45664,15.0936,0
-0.106534,-0.059403,0,8.45664,15.0936,0
-0.106534,-0.059403,0,8.45664,15.0936,0
-0.106534,-0.059403,0,8.45647,15.0936,0
-0.106534,-0.059403,0,8.45664,15.0934,0
-0.106534,-0.059403,0,8.45664,15.0934,0
-0.106682,-0.060301,0,8.51023,15.1673,0
-0.106682,-0.060302,0,8.51023,15.1673,0
-0.106683,-0.060304,0,8.51023,15.1676,0
-0.106683,-0.060304,0,8.51023,15.1676,0
-0.106683,-0.060303,0,8.51023,15.1676,0
-0.106683,-0.060303,0,8.51023,15.1676,0
-0.106683,-0.060303,0,8.51023,15.1676,0
-0.106683,-0.060303,0,8.51023,15.1676,0
-0.106683,-0.060303,0,8.5104,15.1676,0
-0.106441,-0.058538,0,8.46345,15.1069,0
-0.106441,-0.058534,0,8.46328,15.1069,0
-0.106593,-0.058303,0,8.5186,15.188,0
-0.106594,-0.0583,0,8.5193,15.1889,0
-0.106809,-0.058693,0,8.57236,15.2681,0
-0.10681,-0.058694,0,8.57236,15.2683,0
-0.106811,-0.058695,0,8.57236,15.2688,0
-0.106811,-0.058695,0,8.57236,15.2687,0
-0.1068,-0.058654,0,8.57323,15.2701,0
-0.106801,-0.058656,0,8.57323,15.2701,0
-0.106803,-0.058657,0,8.57306,15.2697,0
-0.106803,-0.058657,0,8.57306,15.2697,0
-0.106802,-0.058656,0,8.57306,15.2699,0
-0.106802,-0.058656,0,8.57306,15.2699,0
-0.106802,-0.058656,0,8.57306,15.2699,0
-0.106802,-0.058656,0,8.57306,15.2699,0
-0.10698,-0.058334,0,8.642,15.3725,0
-0.106983,-0.058329,0,8.64235,15.3729,0
-0.106192,-0.057469,0,8.70361,15.4676,0
-0.106189,-0.057466,0,8.70361,15.4676,0
-0.106306,-0.056138,0,8.60657,15.3153,0
-0.106306,-0.056129,0,8.60657,15.3153,0
-0.106347,-0.056168,0,8.605,15.3123,0
-0.106342,-0.056164,0,8.60517,15.3126,0
-0.106476,-0.058055,0,8.6413,15.3776,0
-0.106476,-0.058059,0,8.64147,15.3776,0
-0.107805,-0.061197,0,8.59836,15.3118,0
-0.107805,-0.061201,0,8.59836,15.3118,0
-0.107758,-0.061163,0,8.60063,15.3153,0
-0.107763,-0.061167,0,8.60028,15.3147,0
-0.106935,-0.058772,0,8.70588,15.4504,0
-0.106935,-0.058771,0,8.70588,15.4504,0
-0.108041,-0.059918,0,8.71094,15.4584,0
-0.108045,-0.059921,0,8.71094,15.4584,0
-0.107001,-0.060855,0,8.72804,15.4832,0
-0.107,-0.060859,0,8.72804,15.4832,0
-0.106955,-0.060823,0,8.72961,15.4858,0
-0.106958,-0.060826,0,8.72961,15.4858,0
-0.107056,-0.05894,0,8.75335,15.5156,0
-0.107056,-0.058937,0,8.75335,15.5156,0
-0.106414,-0.057317,0,8.79855,15.5821,0
-0.106414,-0.057315,0,8.79855,15.5821,0
-0.106568,-0.057211,0,8.83643,15.6413,0
-0.106572,-0.05721,0,8.83643,15.6418,0
-0.106101,-0.059422,0,8.91497,15.7708,0
-0.106101,-0.059426,0,8.91497,15.7708,0
-0.106432,-0.059274,0,8.80117,15.624,0
-0.106434,-0.05927,0,8.801,15.624,0
-0.108039,-0.061255,0,8.69523,15.4809,0
-0.108041,-0.06126,0,8.69506,15.4809,0
-0.106617,-0.057758,0,8.89559,15.7375,0
-0.106617,-0.057756,0,8.89559,15.7375,0
-0.106616,-0.05775,0,8.89559,15.7375,0
-0.106616,-0.057754,0,8.89559,15.7375,0
-0.106616,-0.057753,0,8.89559,15.7375,0
-0.106616,-0.057753,0,8.89542,15.7375,0
-0.106616,-0.057753,0,8.89559,15.7375,0
-0.107096,-0.058236,0,8.92945,15.7903,0
-0.1071,-0.05824,0,8.92963,15.7903,0
-0.10719,-0.060725,0,8.96069,15.8382,0
-0.10719,-0.060728,0,8.96069,15.8382,0
-0.108504,-0.062299,0,8.96698,15.8458,0
-0.108504,-0.062304,0,8.96698,15.8458,0
-0.111856,-0.066992,0,8.98059,15.8619,0
-0.111856,-0.066998,0,8.98059,15.8619,0
-0.10768,-0.061896,0,8.97239,15.854,0
-0.10768,-0.061893,0,8.97239,15.854,0
-0.107815,-0.059791,0,9.01585,15.9043,0
-0.107815,-0.059787,0,9.01567,15.9043,0
-0.107848,-0.059702,0,9.02039,15.9116,0
-0.107845,-0.059708,0,9.01969,15.9111,0
-0.107799,-0.059682,0,9.02021,15.912,0
-0.107804,-0.059684,0,9.02021,15.9118,0
-0.107781,-0.05823,0,9.07554,15.9902,0
-0.107781,-0.058227,0,9.07554,15.9902,0
-0.107774,-0.058268,0,9.07676,15.9923,0
-0.107775,-0.058266,0,9.07676,15.9921,0
-0.107776,-0.058264,0,9.07658,15.9918,0
-0.107776,-0.058264,0,9.07658,15.9918,0
-0.107763,-0.061158,0,9.07868,15.9952,0
-0.107763,-0.061161,0,9.07868,15.9952,0
-0.108767,-0.064177,0,9.15739,16.0925,0
-0.108767,-0.064178,0,9.15739,16.0925,0
-0.108768,-0.064187,0,9.15739,16.0925,0
-0.108768,-0.064183,0,9.15722,16.0925,0
-0.107824,-0.062181,0,9.14151,16.0766,0
-0.107824,-0.062177,0,9.14151,16.0766,0
-0.107728,-0.059631,0,9.21796,16.1628,0
-0.107728,-0.05963,0,9.21796,16.1628,0
-0.107728,-0.059619,0,9.21796,16.1628,0
-0.107767,-0.059659,0,9.21865,16.1642,0
-0.107765,-0.059658,0,9.21865,16.1642,0
-0.107764,-0.059656,0,9.21848,16.1635,0
-0.107764,-0.059656,0,9.21848,16.1635,0
-0.108249,-0.062817,0,9.26578,16.2298,0
-0.108249,-0.062818,0,9.26578,16.2298,0
-0.108249,-0.062823,0,9.26578,16.2298,0
-0.108249,-0.062821,0,9.26578,16.2298,0
-0.108249,-0.062821,0,9.26578,16.2298,0
-0.108249,-0.062821,0,9.26578,16.2298,0
-0.108249,-0.062821,0,9.26578,16.2298,0
-0.108249,-0.062821,0,9.26578,16.2298,0
-0.108249,-0.062821,0,9.26578,16.2298,0
-0.108249,-0.062821,0,9.26578,16.2296,0
-0.108624,-0.063434,0,9.315,16.2832,0
-0.108624,-0.063436,0,9.315,16.2832,0
-0.108625,-0.063438,0,9.31482,16.2836,0
-0.108625,-0.063438,0,9.31482,16.2836,0
-0.108625,-0.063437,0,9.315,16.2836,0
-0.108625,-0.063437,0,9.31482,16.2836,0
-0.108625,-0.063438,0,9.31482,16.2836,0
-0.108625,-0.063438,0,9.315,16.2836,0
-0.108625,-0.063438,0,9.31482,16.2836,0
-0.108625,-0.063439,0,9.31482,16.2836,0
-0.108625,-0.063439,0,9.315,16.2836,0
-0.108625,-0.063439,0,9.31482,16.2836,0
-0.108625,-0.063439,0,9.31482,16.2836,0
-0.108625,-0.063439,0,9.31482,16.2836,0
-0.108625,-0.063439,0,9.31482,16.2836,0
-0.108625,-0.063439,0,9.31482,16.2836,0
-0.108625,-0.063439,0,9.31482,16.2836,0
-0.109111,-0.065034,0,9.3993,16.3728,0
-0.109111,-0.065038,0,9.3993,16.3728,0
-0.108671,-0.063211,0,9.42059,16.3932,0
-0.108671,-0.063209,0,9.42059,16.3932,0
-0.10867,-0.063208,0,9.42059,16.3932,0
-0.10867,-0.063208,0,9.42059,16.3932,0
-0.10867,-0.063209,0,9.42059,16.3932,0
-0.10867,-0.063209,0,9.42059,16.3932,0
-0.109289,-0.064063,0,9.46579,16.4419,0
-0.109293,-0.064066,0,9.46579,16.4419,0
-0.10931,-0.064092,0,9.46597,16.4422,0
-0.109308,-0.064051,0,9.46789,16.4448,0
-0.109308,-0.064053,0,9.46789,16.4445,0
-0.109309,-0.064055,0,9.46789,16.4443,0
-0.109309,-0.064054,0,9.46789,16.4443,0
-0.109309,-0.064053,0,9.46771,16.4445,0
-0.109309,-0.064054,0,9.46771,16.4447,0
-0.109309,-0.064054,0,9.46771,16.4447,0
-0.109309,-0.064054,0,9.46771,16.4447,0
-0.109309,-0.064054,0,9.46771,16.4447,0
-0.109309,-0.064054,0,9.46771,16.4447,0
-0.109309,-0.064054,0,9.46789,16.4447,0
-0.109417,-0.06427,0,9.52897,16.5073,0
-0.109417,-0.064271,0,9.52915,16.5075,0
-0.109418,-0.064273,0,9.52932,16.508,0
-0.109418,-0.064273,0,9.52932,16.508,0
-0.109418,-0.064272,0,9.52915,16.5075,0
-0.109418,-0.064272,0,9.52915,16.5075,0
-0.109418,-0.064272,0,9.52915,16.5077,0
-0.109418,-0.064272,0,9.52915,16.5077,0
-0.109418,-0.064272,0,9.52915,16.5077,0
-0.109418,-0.064272,0,9.52915,16.5077,0
-0.109418,-0.064272,0,9.52915,16.5077,0
-0.109418,-0.064272,0,9.52915,16.5077,0
-0.109418,-0.064272,0,9.52897,16.5077,0
-0.109418,-0.064272,0,9.52915,16.5077,0
-0.109418,-0.064272,0,9.52915,16.5077,0
-0.109418,-0.064272,0,9.52915,16.5077,0
-0.109418,-0.064272,0,9.52915,16.5077,0
-0.109886,-0.065752,0,9.63684,16.6189,0
-0.109887,-0.065758,0,9.63684,16.6189,0
-0.109932,-0.0658,0,9.63596,16.618,0
-0.10993,-0.065797,0,9.63596,16.618,0
-0.109929,-0.065797,0,9.63614,16.6183,0
-0.109929,-0.065797,0,9.63614,16.6183,0
-0.109394,-0.066922,0,9.59634,16.5812,0
-0.109393,-0.066926,0,9.59634,16.5812,0
-0.109438,-0.066966,0,9.59809,16.5827,0
-0.109436,-0.066964,0,9.59791,16.5824,0
-0.109434,-0.066962,0,9.59774,16.5818,0
-0.109434,-0.066962,0,9.59774,16.582,0
-0.109436,-0.066964,0,9.59774,16.5822,0
-0.109436,-0.066964,0,9.59757,16.5822,0
-0.109436,-0.066964,0,9.59774,16.5822,0
-0.109436,-0.066964,0,9.59757,16.5822,0
-0.109436,-0.066964,0,9.59757,16.5822,0
-0.109436,-0.066964,0,9.59757,16.5822,0
-0.109812,-0.067461,0,9.65673,16.6309,0
-0.109815,-0.067464,0,9.65708,16.6311,0
-0.109854,-0.067505,0,9.66127,16.6354,0
-0.109852,-0.067504,0,9.66127,16.6353,0
-0.110256,-0.068989,0,9.73684,16.6965,0
-0.110256,-0.068993,0,9.73684,16.6965,0
-0.110595,-0.068908,0,9.80509,16.7466,0
-0.110595,-0.068907,0,9.80509,16.7466,0
-0.110601,-0.068903,0,9.80543,16.7475,0
-0.110598,-0.068905,0,9.80526,16.7471,0
-0.110599,-0.068905,0,9.80526,16.747,0
-0.110599,-0.068905,0,9.80543,16.747,0
-0.1106,-0.068906,0,9.80543,16.747,0
-0.1106,-0.068906,0,9.80543,16.747,0
-0.110601,-0.068907,0,9.80543,16.747,0
-0.110601,-0.068907,0,9.80543,16.747,0
-0.110602,-0.068907,0,9.80526,16.747,0
-0.110602,-0.068907,0,9.80543,16.747,0
-0.110292,-0.068906,0,9.88205,16.8051,0
-0.110288,-0.068904,0,9.88205,16.8051,0
-0.109137,-0.068403,0,9.97613,16.8759,0
-0.109135,-0.0684,0,9.97613,16.8759,0
-0.11043,-0.068014,0,9.91871,16.8337,0
-0.110436,-0.068013,0,9.91871,16.8337,0
-0.110161,-0.067464,0,9.8002,16.7368,0
-0.11016,-0.067462,0,9.8002,16.7367,0
-0.111183,-0.066853,0,9.8742,16.7986,0
-0.111186,-0.066852,0,9.8742,16.7986,0
-0.110441,-0.066663,0,9.91644,16.8386,0
-0.110437,-0.066662,0,9.91644,16.8386,0
-0.110392,-0.066629,0,9.91731,16.8396,0
-0.110397,-0.066633,0,9.91731,16.8396,0
-0.110394,-0.066675,0,9.91661,16.8389,0
-0.110394,-0.06667,0,9.91661,16.8389,0
-0.110667,-0.067428,0,9.98712,16.9032,0
-0.110668,-0.067429,0,9.98712,16.9032,0
-0.110668,-0.06743,0,9.98695,16.9033,0
-0.110668,-0.06743,0,9.98695,16.9033,0
-0.110668,-0.067429,0,9.98695,16.9033,0
-0.110668,-0.067429,0,9.98695,16.9033,0
-0.110668,-0.067429,0,9.98695,16.9033,0
-0.110668,-0.067429,0,9.98695,16.9033,0
-0.110668,-0.067429,0,9.98695,16.9033,0
-0.110668,-0.067429,0,9.98695,16.9033,0
-0.110668,-0.067429,0,9.98695,16.9033,0
-0.110668,-0.067429,0,9.98695,16.9033,0
-0.110668,-0.067429,0,9.98695,16.9033,0
-0.110668,-0.067429,0,9.98695,16.9033,0
-0.110668,-0.067429,0,9.98712,16.9033,0
-0.110147,-0.068958,0,9.93372,16.8569,0
-0.110146,-0.068962,0,9.93372,16.8569,0
-0.110878,-0.069568,0,10.029,16.9276,0
-0.110878,-0.069569,0,10.029,16.9276,0
-0.112231,-0.070636,0,10.0903,16.9732,0
-0.112236,-0.070637,0,10.0903,16.9732,0
-0.109859,-0.069325,0,10.0552,16.947,0
-0.109855,-0.069325,0,10.0552,16.947,0
-0.110824,-0.068275,0,10.1103,16.9864,0
-0.110825,-0.068272,0,10.1103,16.9864,0
-0.110827,-0.06827,0,10.1103,16.9864,0
-0.110827,-0.06827,0,10.1103,16.9864,0
-0.110911,-0.068779,0,10.0569,16.9421,0
-0.110911,-0.068781,0,10.0569,16.9421,0
-0.110914,-0.06881,0,10.0568,16.9419,0
-0.111713,-0.069255,0,10.1318,17.0014,0
-0.111715,-0.069256,0,10.132,17.0014,0
-0.111104,-0.06865,0,10.1953,17.0526,0
-0.111101,-0.068648,0,10.1953,17.0526,0
-0.1111,-0.068647,0,10.1955,17.0531,0
-0.1111,-0.068647,0,10.1955,17.0531,0
-0.111102,-0.068648,0,10.1955,17.0527,0
-0.111136,-0.068696,0,10.259,17.1051,0
-0.111135,-0.068694,0,10.2592,17.1051,0
-0.111132,-0.068689,0,10.2594,17.1053,0
-0.111453,-0.069618,0,10.3454,17.176,0
-0.111454,-0.069622,0,10.3456,17.1761,0
-0.111015,-0.069278,0,10.2693,17.1166,0
-0.111015,-0.069277,0,10.2693,17.1166,0
-0.111002,-0.069273,0,10.2688,17.1156,0
-0.111012,-0.069277,0,10.2692,17.1161,0
-0.111006,-0.069275,0,10.269,17.1163,0
-0.111009,-0.069276,0,10.269,17.1163,0
-0.111008,-0.069276,0,10.269,17.1163,0
-0.111008,-0.069276,0,10.2688,17.1163,0
-0.111008,-0.069276,0,10.269,17.1163,0
-0.111008,-0.069276,0,10.269,17.1163,0
-0.111008,-0.069276,0,10.269,17.1163,0
-0.111008,-0.069276,0,10.269,17.1163,0
-0.111008,-0.069276,0,10.269,17.1163,0
-0.111008,-0.069276,0,10.269,17.1163,0
-0.111817,-0.06957,0,10.3475,17.1777,0
-0.111821,-0.06957,0,10.3477,17.1777,0
-0.111865,-0.06961,0,10.3489,17.1791,0
-0.111862,-0.069607,0,10.3489,17.1791,0
-0.111902,-0.069644,0,10.351,17.1815,0
-0.111901,-0.069643,0,10.351,17.1814,0
-0.1119,-0.069642,0,10.3508,17.181,0
-0.1119,-0.069642,0,10.3508,17.181,0
-0.111901,-0.069643,0,10.351,17.1814,0
-0.111901,-0.069643,0,10.351,17.1814,0
-0.112514,-0.070731,0,10.4226,17.2386,0
-0.112516,-0.070736,0,10.4226,17.2386,0
-0.112502,-0.070774,0,10.4243,17.2402,0
-0.112503,-0.070773,0,10.4242,17.2402,0
-0.112506,-0.070768,0,10.4238,17.2393,0
-0.112503,-0.070771,0,10.4242,17.2393,0
-0.112504,-0.070771,0,10.424,17.2397,0
-0.112363,-0.070998,0,10.4786,17.2807,0
-0.112362,-0.070999,0,10.4786,17.2809,0
-0.112344,-0.071028,0,10.4823,17.2842,0
-0.112354,-0.071011,0,10.4797,17.2824,0
-0.112359,-0.071003,0,10.479,17.281,0
-0.112352,-0.071019,0,10.4812,17.2826,0
-0.112734,-0.071719,0,10.5926,17.3652,0
-0.112734,-0.07172,0,10.5928,17.3652,0
-0.112739,-0.071729,0,10.5929,17.366,0
-0.112737,-0.071724,0,10.5928,17.3655,0
-0.112738,-0.071726,0,10.5928,17.3653,0
-0.113357,-0.074573,0,10.6256,17.3892,0
-0.113357,-0.074575,0,10.6256,17.3892,0
-0.113357,-0.074579,0,10.6256,17.3892,0
-0.113137,-0.074154,0,10.6905,17.4283,0
-0.113136,-0.07415,0,10.6908,17.4285,0
-0.1129,-0.073285,0,10.7915,17.4912,0
-0.112899,-0.07328,0,10.7915,17.4912,0
-0.113722,-0.074536,0,10.7168,17.4414,0
-0.113722,-0.074537,0,10.7168,17.4414,0
-0.113723,-0.074538,0,10.7167,17.4412,0
-0.113723,-0.074538,0,10.7167,17.4412,0
-0.113723,-0.074538,0,10.7167,17.4412,0
-0.113674,-0.074543,0,10.7153,17.4402,0
-0.113678,-0.074543,0,10.7153,17.4402,0
-0.11368,-0.074542,0,10.7154,17.4406,0
-0.11368,-0.074542,0,10.7154,17.4406,0
-0.11359,-0.074325,0,10.7837,17.483,0
-0.11359,-0.074323,0,10.7846,17.4833,0
-0.11359,-0.074362,0,10.7865,17.4847,0
-0.11359,-0.074358,0,10.7863,17.4847,0
-0.113461,-0.071627,0,10.5798,17.3538,0
-0.113461,-0.071624,0,10.5798,17.3538,0
-0.114035,-0.072393,0,10.7844,17.51,0
-0.114038,-0.072397,0,10.7851,17.5104,0
-0.114006,-0.074901,0,10.8945,17.5926,0
-0.114006,-0.074902,0,10.8945,17.5926,0
-0.114006,-0.07491,0,10.8945,17.5926,0
-0.114006,-0.074907,0,10.8945,17.5926,0
-0.114006,-0.074908,0,10.8945,17.5926,0
-0.114006,-0.074908,0,10.8945,17.5926,0
-0.114006,-0.074908,0,10.8945,17.5926,0
-0.114006,-0.074908,0,10.8945,17.5926,0
-0.11422,-0.076056,0,10.9505,17.6273,0
-0.11422,-0.07606,0,10.9505,17.6273,0
-0.11421,-0.076098,0,10.9523,17.6285,0
-0.114211,-0.076096,0,10.9523,17.6285,0
-0.114212,-0.076095,0,10.9521,17.628,0
-0.114212,-0.076095,0,10.9521,17.628,0
-0.114212,-0.076097,0,10.9521,17.628,0
-0.114212,-0.076097,0,10.9521,17.628,0
-0.114212,-0.076097,0,10.9523,17.628,0
-0.114212,-0.076097,0,10.9523,17.628,0
-0.114211,-0.076097,0,10.9523,17.628,0
-0.114211,-0.076097,0,10.9523,17.628,0
-0.114211,-0.076097,0,10.9523,17.628,0
-0.114211,-0.076097,0,10.9523,17.628,0
-0.114211,-0.076097,0,10.9523,17.628,0
-0.114211,-0.076097,0,10.9521,17.628,0
-0.114211,-0.076097,0,10.9523,17.628,0
-0.114865,-0.076862,0,11.0087,17.6608,0
-0.114866,-0.076863,0,11.0087,17.6608,0
-0.11487,-0.076867,0,11.0088,17.661,0
-0.114868,-0.076865,0,11.0087,17.661,0
-0.114868,-0.076865,0,11.0087,17.661,0
-0.11487,-0.076866,0,11.0088,17.661,0
-0.11487,-0.076866,0,11.0088,17.661,0
-0.11487,-0.076866,0,11.0088,17.661,0
-0.11487,-0.076866,0,11.0088,17.661,0
-0.11487,-0.076866,0,11.0088,17.661,0
-0.11487,-0.076866,0,11.0088,17.661,0
-0.11487,-0.076866,0,11.0088,17.661,0
-0.11487,-0.076866,0,11.0088,17.661,0
-0.115437,-0.077306,0,11.0973,17.7118,0
-0.115438,-0.077306,0,11.0973,17.7118,0
-0.11544,-0.077309,0,11.0975,17.7123,0
-0.11544,-0.077309,0,11.0975,17.7123,0
-0.115439,-0.077308,0,11.0975,17.7123,0
-0.115439,-0.077308,0,11.0975,17.7123,0
-0.115088,-0.077188,0,11.1635,17.7502,0
-0.115083,-0.077189,0,11.1638,17.7503,0
-0.114607,-0.07745,0,11.2352,17.7915,0
-0.114606,-0.077451,0,11.2354,17.7917,0
-0.114603,-0.077453,0,11.2354,17.7922,0
-0.114603,-0.077453,0,11.2354,17.7922,0
-0.114605,-0.077452,0,11.2354,17.7919,0
-0.114605,-0.077452,0,11.2354,17.7919,0
-0.114604,-0.077453,0,11.2352,17.7919,0
-0.114604,-0.077453,0,11.2352,17.7919,0
-0.114604,-0.077454,0,11.2352,17.7919,0
-0.114604,-0.077454,0,11.2352,17.7919,0
-0.114604,-0.077455,0,11.2352,17.7919,0
-0.114604,-0.077455,0,11.2352,17.7919,0
-0.114604,-0.077455,0,11.2352,17.7919,0
-0.114604,-0.077455,0,11.2352,17.7919,0
-0.114604,-0.077455,0,11.2352,17.7919,0
-0.114652,-0.077419,0,11.2335,17.7905,0
-0.114651,-0.07742,0,11.2336,17.7907,0
-0.114649,-0.077422,0,11.2336,17.7912,0
-0.11465,-0.077422,0,11.2336,17.7912,0
-0.114652,-0.077461,0,11.2349,17.7922,0
-0.114652,-0.07746,0,11.2349,17.7922,0
-0.114652,-0.077459,0,11.2347,17.7917,0
-0.114652,-0.077459,0,11.2347,17.7917,0
-0.115067,-0.07807,0,11.3064,17.8317,0
-0.115068,-0.078074,0,11.3066,17.8317,0
-0.115068,-0.078115,0,11.3078,17.8327,0
-0.115068,-0.078114,0,11.3078,17.8327,0
-0.115068,-0.078109,0,11.3076,17.8322,0
-0.115068,-0.078112,0,11.3076,17.8322,0
-0.115068,-0.078112,0,11.3076,17.8322,0
-0.115068,-0.078111,0,11.3076,17.8322,0
-0.115068,-0.078111,0,11.3076,17.8322,0
-0.115068,-0.078111,0,11.3076,17.8322,0
-0.115068,-0.078111,0,11.3076,17.8322,0
-0.115068,-0.078111,0,11.3076,17.8322,0
-0.115068,-0.078111,0,11.3076,17.8322,0
-0.115425,-0.078357,0,11.3696,17.8659,0
-0.115427,-0.078357,0,11.3698,17.8659,0
-0.115909,-0.078688,0,11.434,17.9011,0
-0.11591,-0.078688,0,11.434,17.9011,0
-0.115911,-0.07869,0,11.4342,17.9017,0
-0.115911,-0.07869,0,11.4342,17.9017,0
-0.11591,-0.07869,0,11.434,17.9013,0
-0.11591,-0.07869,0,11.434,17.9013,0
-0.11591,-0.07869,0,11.4342,17.9013,0
-0.11591,-0.07869,0,11.4342,17.9013,0
-0.115986,-0.078859,0,11.5028,17.9394,0
-0.115987,-0.078862,0,11.5029,17.9394,0
-0.116033,-0.078873,0,11.5049,17.9408,0
-0.116032,-0.078872,0,11.5049,17.9408,0
-0.116029,-0.078871,0,11.5047,17.9404,0
-0.116029,-0.078871,0,11.5047,17.9404,0
-0.116031,-0.078872,0,11.5047,17.9408,0
-0.116031,-0.078872,0,11.5047,17.9408,0
-0.11603,-0.078872,0,11.5047,17.9408,0
-0.11603,-0.078872,0,11.5047,17.9408,0
-0.11603,-0.078872,0,11.5047,17.9408,0
-0.11603,-0.078872,0,11.5047,17.9408,0
-0.11603,-0.078872,0,11.5047,17.9408,0
-0.11603,-0.078872,0,11.5045,17.9408,0
-0.11603,-0.078872,0,11.5047,17.9408,0
-0.11603,-0.078872,0,11.5045,17.9408,0
-0.11603,-0.078872,0,11.5045,17.9408,0
-0.116432,-0.079187,0,11.5927,17.99,0
-0.116433,-0.079188,0,11.5928,17.99,0
-0.116436,-0.07919,0,11.5927,17.9903,0
-0.116436,-0.07919,0,11.5927,17.9903,0
-0.116434,-0.079189,0,11.5927,17.9903,0
-0.116434,-0.079189,0,11.5927,17.9903,0
-0.116435,-0.07919,0,11.5927,17.9903,0
-0.116435,-0.07919,0,11.5927,17.9903,0
-0.116435,-0.079191,0,11.5927,17.9903,0
-0.116435,-0.079191,0,11.5927,17.9903,0
-0.116285,-0.079261,0,11.6689,18.0326,0
-0.116284,-0.079261,0,11.6696,18.0327,0
-0.116217,-0.079394,0,11.7281,18.0666,0
-0.116221,-0.079391,0,11.7281,18.0664,0
-0.116215,-0.079401,0,11.7347,18.0704,0
-0.116215,-0.079401,0,11.7344,18.0703,0
-0.116216,-0.0794,0,11.7342,18.0701,0
-0.116216,-0.0794,0,11.7342,18.0701,0
-0.116216,-0.079401,0,11.7344,18.0703,0
-0.116216,-0.079401,0,11.7344,18.0703,0
-0.116216,-0.079401,0,11.7342,18.0703,0
-0.116216,-0.079401,0,11.7342,18.0703,0
-0.116216,-0.079401,0,11.7342,18.0703,0
-0.116216,-0.079401,0,11.7342,18.0703,0
-0.116216,-0.079401,0,11.734,18.0703,0
-0.116216,-0.079401,0,11.734,18.0703,0
-0.116216,-0.079401,0,11.734,18.0703,0
-0.116216,-0.079401,0,11.734,18.0703,0
-0.116216,-0.079401,0,11.734,18.0703,0
-0.116216,-0.079401,0,11.734,18.0703,0
-0.116415,-0.079565,0,11.793,18.1027,0
-0.116418,-0.079566,0,11.793,18.1027,0
-0.116424,-0.079567,0,11.7934,18.1029,0
-0.116423,-0.079567,0,11.7934,18.1029,0
-0.116139,-0.079495,0,11.852,18.135,0
-0.116136,-0.079494,0,11.852,18.1352,0
-0.116105,-0.079482,0,11.8531,18.1357,0
-0.116117,-0.079487,0,11.8529,18.1354,0
-0.116116,-0.079487,0,11.8529,18.1354,0
-0.116116,-0.079486,0,11.8529,18.1354,0
-0.116116,-0.079486,0,11.8529,18.1354,0
-0.116117,-0.079486,0,11.8529,18.1354,0
-0.116117,-0.079486,0,11.8529,18.1354,0
-0.116117,-0.079486,0,11.8529,18.1354,0
-0.116117,-0.079486,0,11.8529,18.1354,0
-0.116117,-0.079486,0,11.8529,18.1354,0
-0.116117,-0.079486,0,11.8529,18.1354,0
-0.116117,-0.079486,0,11.8529,18.1354,0
-0.116117,-0.079486,0,11.8529,18.1354,0
-0.116117,-0.079486,0,11.8529,18.1354,0
-0.116117,-0.079486,0,11.8529,18.1354,0
-0.116117,-0.079486,0,11.8529,18.1354,0
-0.116117,-0.079486,0,11.8529,18.1354,0
-0.116117,-0.079486,0,11.8529,18.1354,0
-0.116117,-0.079486,0,11.8529,18.1354,0
-0.116117,-0.079486,0,11.8529,18.1354,0
-0.116117,-0.079486,0,11.8529,18.1354,0
-0.116117,-0.079486,0,11.8529,18.1354,0
-0.116117,-0.079486,0,11.8529,18.1354,0
-0.116117,-0.079486,0,11.8529,18.1354,0
-0.116117,-0.079486,0,11.8529,18.1354,0
-0.116117,-0.079486,0,11.8529,18.1354,0
-0.116117,-0.079486,0,11.8529,18.1354,0
-0.117441,-0.079958,0,11.9084,18.1657,0
-0.117443,-0.079958,0,11.9084,18.1657,0
-0.117454,-0.079959,0,11.9086,18.1657,0
-0.117451,-0.079959,0,11.9086,18.1657,0
-0.117451,-0.079959,0,11.9086,18.1657,0
-0.117453,-0.079959,0,11.9086,18.1657,0
-0.117453,-0.079959,0,11.9086,18.1657,0
-0.117452,-0.079959,0,11.9086,18.1657,0
-0.117452,-0.079959,0,11.9086,18.1657,0
-0.117453,-0.079959,0,11.9086,18.1657,0
-0.117453,-0.079959,0,11.9084,18.1657,0
-0.117433,-0.079825,0,11.8525,18.1341,0
-0.117433,-0.079824,0,11.8525,18.134,0
-0.117432,-0.07982,0,11.852,18.1338,0
-0.117432,-0.07982,0,11.8522,18.1338,0
-0.117432,-0.079823,0,11.8522,18.1341,0
-0.117432,-0.079822,0,11.852,18.1341,0
-0.117432,-0.079822,0,11.852,18.1341,0
-0.117432,-0.079823,0,11.852,18.1341,0
-0.117432,-0.079823,0,11.852,18.1341,0
-0.117402,-0.079839,0,11.8583,18.1385,0
-0.117403,-0.079839,0,11.8581,18.1383,0
-0.117405,-0.079839,0,11.8579,18.1382,0
-0.117405,-0.079839,0,11.8579,18.1382,0
-0.117404,-0.079839,0,11.8581,18.1383,0
-0.117404,-0.079839,0,11.8581,18.1383,0
-0.117431,-0.079979,0,11.9155,18.1708,0
-0.117431,-0.079981,0,11.9155,18.1708,0
-0.117595,-0.080004,0,11.9969,18.2176,0
-0.117599,-0.080001,0,11.997,18.2177,0
-0.117974,-0.079837,0,12.0529,18.2495,0
-0.117978,-0.079837,0,12.0529,18.2495,0
-0.117979,-0.079837,0,12.0529,18.2497,0
-0.117979,-0.079837,0,12.0529,18.2497,0
-0.117978,-0.079837,0,12.0529,18.2497,0
-0.117978,-0.079837,0,12.0529,18.2497,0
-0.117126,-0.079995,0,12.0899,18.2713,0
-0.117123,-0.079995,0,12.0899,18.2713,0
-0.117736,-0.079478,0,12.1253,18.2911,0
-0.117738,-0.079477,0,12.1253,18.2911,0
-0.117741,-0.079476,0,12.1253,18.2912,0
-0.117741,-0.079476,0,12.1253,18.2912,0
-0.117739,-0.079478,0,12.1253,18.2912,0
-0.117739,-0.079478,0,12.1253,18.2912,0
-0.11774,-0.079478,0,12.1253,18.2912,0
-0.11774,-0.079478,0,12.1253,18.2912,0
-0.11774,-0.079479,0,12.1253,18.2912,0
-0.11774,-0.079479,0,12.1253,18.2912,0
-0.11774,-0.07948,0,12.1253,18.2912,0
-0.11774,-0.07948,0,12.1253,18.2912,0
-0.11774,-0.07948,0,12.1253,18.2912,0
-0.11774,-0.079481,0,12.1253,18.2912,0
-0.11774,-0.079481,0,12.1253,18.2912,0
-0.11774,-0.079482,0,12.1253,18.2912,0
-0.11774,-0.079482,0,12.1253,18.2912,0
-0.117829,-0.079508,0,12.2278,18.3521,0
-0.117829,-0.079508,0,12.2281,18.3525,0
-0.11792,-0.079549,0,12.3302,18.4136,0
-0.117922,-0.079548,0,12.3308,18.4137,0
-0.118599,-0.078801,0,12.3447,18.422,0
-0.118601,-0.078797,0,12.3447,18.422,0
-0.117762,-0.078757,0,12.1953,18.3251,0
-0.117758,-0.078758,0,12.1951,18.3249,0
-0.116971,-0.079812,0,12.1384,18.2897,0
-0.116969,-0.079816,0,12.1384,18.2897,0
-0.118128,-0.080338,0,12.2082,18.3286,0
-0.118131,-0.080338,0,12.2082,18.3286,0
-0.117995,-0.080181,0,12.2821,18.3706,0
-0.117992,-0.080178,0,12.2821,18.3706,0
-0.11799,-0.080176,0,12.2822,18.3708,0
-0.117991,-0.080176,0,12.2822,18.3708,0
-0.117991,-0.080177,0,12.2822,18.3708,0
-0.118442,-0.079934,0,12.3306,18.398,0
-0.118445,-0.079934,0,12.3306,18.398,0
-0.118406,-0.080017,0,12.4269,18.4555,0
-0.118407,-0.080019,0,12.4273,18.4555,0
-0.118617,-0.080073,0,12.4953,18.4951,0
-0.118619,-0.080073,0,12.4953,18.4951,0
-0.118649,-0.080091,0,12.4966,18.496,0
-0.11864,-0.080086,0,12.4962,18.4953,0
-0.11864,-0.080086,0,12.4962,18.4953,0
-0.118644,-0.080089,0,12.4964,18.4954,0
-0.118644,-0.080089,0,12.4964,18.4954,0
-0.118642,-0.080088,0,12.4964,18.4954,0
-0.118642,-0.080088,0,12.4964,18.4954,0
-0.118643,-0.080089,0,12.4964,18.4954,0
-0.118643,-0.080089,0,12.4964,18.4954,0
-0.118642,-0.08009,0,12.4964,18.4954,0
-0.118642,-0.08009,0,12.4964,18.4954,0
