-0.090459,-0.056721,0,-0.978083,-0.65223,0
-0.090183,-0.057079,0,-0.917171,-0.619417,0
-0.090178,-0.057089,0,-0.916647,-0.619243,0
-0.090179,-0.057088,0,-0.916821,-0.619068,0
-0.090179,-0.057088,0,-0.916821,-0.619068,0
-0.090179,-0.057089,0,-0.916821,-0.619068,0
-0.090179,-0.057089,0,-0.916821,-0.619068,0
-0.090179,-0.057089,0,-0.916996,-0.619068,0
-0.090179,-0.057089,0,-0.916821,-0.619068,0
-0.090179,-0.057089,0,-0.916996,-0.619068,0
-0.090179,-0.057089,0,-0.916996,-0.619068,0
-0.090179,-0.057089,0,-0.916821,-0.619068,0
-0.090179,-0.057089,0,-0.916996,-0.619068,0
-0.090179,-0.057089,0,-0.916821,-0.619068,0
-0.090033,-0.057383,0,-0.883835,-0.60336,0
-0.09003,-0.057396,0,-0.883835,-0.60336,0
-0.090031,-0.057397,0,-0.883835,-0.603011,0
-0.090031,-0.057397,0,-0.884009,-0.603011,0
-0.090032,-0.057397,0,-0.884184,-0.603011,0
-0.090032,-0.057397,0,-0.884009,-0.603011,0
-0.090033,-0.057397,0,-0.884358,-0.603011,0
-0.090112,-0.057397,0,-0.876504,-0.598124,0
-0.090123,-0.057397,0,-0.878424,-0.599695,0
-0.090377,-0.057034,0,-0.907571,-0.619068,0
-0.09038,-0.057031,0,-0.907746,-0.619243,0
-0.09038,-0.057032,0,-0.907746,-0.619243,0
-0.09097,-0.056577,0,-0.844041,-0.585209,0
-0.090984,-0.056571,0,-0.843867,-0.585209,0
-0.091512,-0.055404,0,-0.901637,-0.623432,0
-0.091512,-0.055392,0,-0.901986,-0.623606,0
-0.09106,-0.054708,0,-0.931308,-0.646121,0
-0.091057,-0.054699,0,-0.931308,-0.646121,0
-0.091276,-0.054037,0,-0.905651,-0.629889,0
-0.091277,-0.054026,0,-0.905651,-0.629889,0
-0.091278,-0.054027,0,-0.905651,-0.629715,0
-0.091278,-0.054027,0,-0.905651,-0.629715,0
-0.091279,-0.054027,0,-0.905477,-0.629715,0
-0.091279,-0.054027,0,-0.905651,-0.629715,0
-0.09128,-0.054027,0,-0.905651,-0.629715,0
-0.09128,-0.054027,0,-0.905651,-0.629715,0
-0.091281,-0.054027,0,-0.905477,-0.629715,0
-0.091281,-0.054027,0,-0.905651,-0.629715,0
-0.091282,-0.054027,0,-0.905651,-0.629715,0
-0.091632,-0.052815,0,-0.869523,-0.603884,0
-0.091678,-0.052695,0,-0.822923,-0.565487,0
-0.091635,-0.052516,0,-0.789412,-0.538085,0
-0.091626,-0.052506,0,-0.787667,-0.535991,0
-0.091628,-0.052508,0,-0.788016,-0.536165,0
-0.091628,-0.052508,0,-0.787842,-0.536165,0
-0.091565,-0.052075,0,-0.822923,-0.567581,0
-0.091565,-0.052065,0,-0.822923,-0.567756,0
-0.091564,-0.052067,0,-0.822923,-0.56793,0
-0.091564,-0.052067,0,-0.823097,-0.56793,0
-0.091564,-0.052067,0,-0.823097,-0.56793,0
-0.091564,-0.052067,0,-0.823097,-0.56793,0
-0.091842,-0.051381,0,-0.85207,-0.594808,0
-0.091844,-0.05137,0,-0.851895,-0.594808,0
-0.091844,-0.051372,0,-0.851895,-0.594983,0
-0.091843,-0.051372,0,-0.851721,-0.594983,0
-0.091843,-0.051372,0,-0.851895,-0.594983,0
-0.091843,-0.051372,0,-0.851721,-0.594983,0
-0.092018,-0.049822,0,-0.846834,-0.590968,0
-0.092029,-0.049729,0,-0.811055,-0.553444,0
-0.092009,-0.049446,0,-0.777719,-0.51749,0
-0.092008,-0.049433,0,-0.777544,-0.517316,0
-0.092123,-0.048438,0,-0.842819,-0.590619,0
-0.092123,-0.048426,0,-0.842819,-0.590794,0
-0.092234,-0.048523,0,-0.786096,-0.523599,0
-0.092242,-0.048528,0,-0.784875,-0.521679,0
-0.092252,-0.048438,0,-0.779115,-0.514349,0
-0.092249,-0.048423,0,-0.781384,-0.516094,0
-0.0922,-0.048112,0,-0.741067,-0.467225,0
-0.0922,-0.0481,0,-0.740718,-0.466876,0
-0.0922,-0.048103,0,-0.740718,-0.466527,0
-0.0922,-0.048103,0,-0.740718,-0.466527,0
-0.0922,-0.048102,0,-0.740718,-0.466527,0
-0.0922,-0.048102,0,-0.740718,-0.466527,0
-0.0922,-0.048102,0,-0.740543,-0.466527,0
-0.0922,-0.048102,0,-0.740543,-0.466527,0
-0.0922,-0.048102,0,-0.740718,-0.466527,0
-0.0922,-0.048102,0,-0.740718,-0.466527,0
-0.0922,-0.048102,0,-0.740718,-0.466527,0
-0.0922,-0.048102,0,-0.740718,-0.466527,0
-0.0922,-0.048102,0,-0.740718,-0.466527,0
-0.092247,-0.048023,0,-0.736005,-0.45972,0
-0.092246,-0.048011,0,-0.736878,-0.461465,0
-0.092244,-0.048012,0,-0.736703,-0.46164,0
-0.092244,-0.048012,0,-0.736703,-0.46164,0
-0.092246,-0.048012,0,-0.736703,-0.461465,0
-0.092246,-0.048012,0,-0.736703,-0.461465,0
-0.092421,-0.047008,0,-0.766374,-0.499164,0
-0.092421,-0.046996,0,-0.766374,-0.499164,0
-0.092567,-0.046083,0,-0.738798,-0.460941,0
-0.092567,-0.046074,0,-0.738798,-0.460941,0
-0.092568,-0.046072,0,-0.738798,-0.460941,0
-0.092568,-0.046074,0,-0.738798,-0.460767,0
-0.092568,-0.046074,0,-0.738798,-0.460767,0
-0.092527,-0.045965,0,-0.703193,-0.408233,0
-0.092524,-0.045955,0,-0.701797,-0.406313,0
-0.092525,-0.045954,0,-0.701971,-0.406138,0
-0.092525,-0.045954,0,-0.701971,-0.406313,0
-0.092697,-0.045243,0,-0.656942,-0.33807,0
-0.092836,-0.044366,0,-0.683645,-0.381529,0
-0.092837,-0.044353,0,-0.68382,-0.381704,0
-0.092766,-0.043663,0,-0.716981,-0.440521,0
-0.092765,-0.043657,0,-0.716981,-0.440696,0
-0.092765,-0.043659,0,-0.717156,-0.440696,0
-0.092848,-0.042942,0,-0.690103,-0.389907,0
-0.092715,-0.04256,0,-0.667763,-0.34575,0
-0.092706,-0.042545,0,-0.667239,-0.345052,0
-0.092549,-0.043487,0,-0.627097,-0.262847,0
-0.092548,-0.043498,0,-0.627097,-0.262847,0
-0.092548,-0.043498,0,-0.627097,-0.262498,0
-0.092548,-0.043498,0,-0.627097,-0.262498,0
-0.092252,-0.044667,0,-0.599346,-0.21101,0
-0.092664,-0.044086,0,-0.671952,-0.32882,0
-0.092671,-0.044072,0,-0.672126,-0.329344,0
-0.092855,-0.04311,0,-0.733911,-0.43895,0
-0.092855,-0.043097,0,-0.733911,-0.43895,0
-0.092959,-0.041401,0,-0.663051,-0.298277,0
-0.092959,-0.041385,0,-0.663051,-0.298277,0
-0.093007,-0.041147,0,-0.636347,-0.237714,0
-0.09301,-0.041134,0,-0.636173,-0.23719,0
-0.093201,-0.040085,0,-0.65572,-0.282394,0
-0.093202,-0.040075,0,-0.65572,-0.282394,0
-0.093202,-0.040074,0,-0.65572,-0.282569,0
-0.093202,-0.040074,0,-0.65572,-0.282569,0
-0.093202,-0.040075,0,-0.655895,-0.282569,0
-0.093202,-0.040075,0,-0.655895,-0.282569,0
-0.093202,-0.040075,0,-0.65572,-0.282569,0
-0.093202,-0.040075,0,-0.65572,-0.282569,0
-0.093027,-0.040339,0,-0.636871,-0.23178,0
-0.093021,-0.04034,0,-0.636871,-0.230733,0
-0.093023,-0.04034,0,-0.636871,-0.230733,0
-0.093023,-0.040339,0,-0.637045,-0.231082,0
-0.093023,-0.040339,0,-0.637045,-0.231082,0
-0.092922,-0.040403,0,-0.604931,-0.152716,0
-0.092719,-0.041106,0,-0.569675,-0.0654498,0
-0.092719,-0.041121,0,-0.569675,-0.0652753,0
-0.092687,-0.04052,0,-0.604757,-0.142593,0
-0.092953,-0.039491,0,-0.647343,-0.242077,0
-0.092954,-0.039476,0,-0.647343,-0.242252,0
-0.093096,-0.040668,0,-0.592365,-0.0919789,0
-0.093097,-0.04067,0,-0.59219,-0.0918043,0
-0.093097,-0.04067,0,-0.59219,-0.0918043,0
-0.092847,-0.040268,0,-0.615752,-0.146433,0
-0.092838,-0.038705,0,-0.6538,-0.238587,0
-0.092838,-0.03869,0,-0.653975,-0.238587,0
-0.093353,-0.037664,0,-0.616101,-0.127584,0
-0.093019,-0.039145,0,-0.591492,-0.0434587,0
-0.093018,-0.039158,0,-0.591492,-0.0434587,0
-0.092779,-0.039901,0,-0.610865,-0.0932006,0
-0.092778,-0.039912,0,-0.610865,-0.0932006,0
-0.09337,-0.038602,0,-0.607724,-0.0830777,0
-0.093371,-0.038588,0,-0.607724,-0.0830777,0
-0.093621,-0.034321,0,-0.641059,-0.178547,0
-0.093621,-0.034309,0,-0.641059,-0.178547,0
-0.093015,-0.041119,0,-0.603011,0.00628319,0
-0.093015,-0.041131,0,-0.603011,0.00628319,0
-0.092974,-0.038048,0,-0.603011,0.00680678,0
-0.093444,-0.033714,0,-0.597601,0.0272271,0
-0.093444,-0.033703,0,-0.597601,0.0272271,0
-0.093138,-0.040893,0,-0.580497,0.121126,0
-0.093138,-0.04091,0,-0.580497,0.121126,0
-0.092931,-0.037453,0,-0.59603,0.0879646,0
-0.092931,-0.037441,0,-0.596204,0.0879646,0
-0.093476,-0.033489,0,-0.597775,0.0886627,0
-0.093476,-0.033478,0,-0.597775,0.0886627,0
-0.093204,-0.037653,0,-0.583638,0.170693,0
-0.093204,-0.037663,0,-0.583464,0.170693,0
-0.093204,-0.037665,0,-0.583464,0.170693,0
-0.093204,-0.037664,0,-0.583464,0.170693,0
-0.093204,-0.037663,0,-0.583464,0.170693,0
-0.092608,-0.035983,0,-0.567057,0.225147,0
-0.092608,-0.035977,0,-0.567057,0.225322,0
-0.092608,-0.035979,0,-0.567057,0.225322,0
-0.093129,-0.035312,0,-0.553095,0.279951,0
-0.093134,-0.035299,0,-0.553269,0.279951,0
-0.093133,-0.035301,0,-0.553269,0.280125,0
-0.093133,-0.035301,0,-0.553095,0.280125,0
-0.093133,-0.0353,0,-0.553269,0.280125,0
-0.093133,-0.0353,0,-0.553095,0.280125,0
-0.093133,-0.0353,0,-0.553095,0.280125,0
-0.093133,-0.0353,0,-0.553095,0.280125,0
-0.093133,-0.0353,0,-0.553095,0.280125,0
-0.093133,-0.0353,0,-0.55292,0.280125,0
-0.093133,-0.0353,0,-0.553095,0.280125,0
-0.093133,-0.0353,0,-0.553095,0.280125,0
-0.093133,-0.0353,0,-0.553095,0.280125,0
-0.093133,-0.0353,0,-0.553095,0.280125,0
-0.093133,-0.0353,0,-0.553095,0.280125,0
-0.093133,-0.0353,0,-0.553095,0.280125,0
-0.093133,-0.0353,0,-0.553095,0.280125,0
-0.093133,-0.0353,0,-0.553095,0.280125,0
-0.093133,-0.0353,0,-0.553095,0.280125,0
-0.093133,-0.0353,0,-0.553095,0.280125,0
-0.093133,-0.0353,0,-0.553095,0.280125,0
-0.093028,-0.035956,0,-0.541227,0.335801,0
-0.093027,-0.035969,0,-0.541227,0.335801,0
-0.092723,-0.038753,0,-0.525344,0.400029,0
-0.092723,-0.038763,0,-0.524995,0.400029,0
-0.092723,-0.038764,0,-0.52517,0.400029,0
-0.092723,-0.038764,0,-0.52517,0.400029,0
-0.092723,-0.038763,0,-0.52517,0.400029,0
-0.092723,-0.038763,0,-0.52517,0.400029,0
-0.092723,-0.038763,0,-0.52517,0.400029,0
-0.092723,-0.038763,0,-0.52517,0.400029,0
-0.092723,-0.038763,0,-0.52517,0.400029,0
-0.092723,-0.038763,0,-0.52517,0.400029,0
-0.092723,-0.038763,0,-0.52517,0.400029,0
-0.092723,-0.038763,0,-0.52517,0.400029,0
-0.092723,-0.038763,0,-0.52517,0.400029,0
-0.092723,-0.038763,0,-0.52517,0.400029,0
-0.092723,-0.038763,0,-0.524995,0.400029,0
-0.092723,-0.038763,0,-0.52517,0.400029,0
-0.092724,-0.035265,0,-0.557633,0.328645,0
-0.092721,-0.03584,0,-0.53826,0.407709,0
-0.092721,-0.035854,0,-0.53826,0.407883,0
-0.092505,-0.038004,0,-0.522552,0.469668,0
-0.092505,-0.038013,0,-0.522552,0.469668,0
-0.092505,-0.038018,0,-0.522552,0.469668,0
-0.092505,-0.038015,0,-0.522552,0.469668,0
-0.092505,-0.038015,0,-0.522552,0.469668,0
-0.092505,-0.038016,0,-0.522552,0.469668,0
-0.092505,-0.038016,0,-0.522552,0.469668,0
-0.092505,-0.038016,0,-0.522552,0.469668,0
-0.092505,-0.038016,0,-0.522552,0.469668,0
-0.092505,-0.038016,0,-0.522552,0.469668,0
-0.092505,-0.038016,0,-0.522377,0.469668,0
-0.092505,-0.038016,0,-0.522552,0.469668,0
-0.092505,-0.038016,0,-0.522552,0.469668,0
-0.092505,-0.038016,0,-0.522377,0.469668,0
-0.092505,-0.038016,0,-0.522377,0.469668,0
-0.092505,-0.038016,0,-0.522203,0.469668,0
-0.092505,-0.038016,0,-0.522203,0.469668,0
-0.091917,-0.037007,0,-0.513301,0.497419,0
-0.091915,-0.036997,0,-0.513301,0.497419,0
-0.092354,-0.035652,0,-0.511556,0.511207,0
-0.092354,-0.035641,0,-0.511556,0.511207,0
-0.092355,-0.03564,0,-0.511207,0.511207,0
-0.092355,-0.03564,0,-0.511207,0.511207,0
-0.092184,-0.036831,0,-0.496546,0.568803,0
-0.092184,-0.036837,0,-0.496721,0.568977,0
-0.092184,-0.036835,0,-0.496546,0.568977,0
-0.092184,-0.036835,0,-0.496546,0.568977,0
-0.092184,-0.036835,0,-0.496546,0.568977,0
-0.092184,-0.036835,0,-0.496721,0.568977,0
-0.092184,-0.036835,0,-0.496546,0.568977,0
-0.092184,-0.036835,0,-0.496546,0.568977,0
-0.092184,-0.036835,0,-0.496546,0.568977,0
-0.092184,-0.036835,0,-0.496546,0.568977,0
-0.092184,-0.036835,0,-0.496546,0.568977,0
-0.092184,-0.036835,0,-0.496546,0.568977,0
-0.09151,-0.039049,0,-0.481187,0.618021,0
-0.09151,-0.039062,0,-0.481187,0.618021,0
-0.091509,-0.039065,0,-0.481187,0.618196,0
-0.09151,-0.039063,0,-0.481187,0.618196,0
-0.09151,-0.039063,0,-0.481187,0.618196,0
-0.091609,-0.039015,0,-0.486249,0.610342,0
-0.091617,-0.039014,0,-0.484503,0.612436,0
-0.091372,-0.040453,0,-0.448026,0.68574,0
-0.091372,-0.040465,0,-0.447851,0.68574,0
-0.091371,-0.040465,0,-0.447851,0.685914,0
-0.091371,-0.040465,0,-0.447851,0.685914,0
-0.091371,-0.040465,0,-0.447851,0.685914,0
-0.091371,-0.040465,0,-0.447851,0.685914,0
-0.091371,-0.040465,0,-0.447851,0.685914,0
-0.091371,-0.040465,0,-0.447851,0.685914,0
-0.091371,-0.040465,0,-0.447851,0.685914,0
-0.091371,-0.040465,0,-0.447677,0.685914,0
-0.091371,-0.040465,0,-0.447677,0.685914,0
-0.091371,-0.040465,0,-0.447677,0.685914,0
-0.091371,-0.040465,0,-0.447502,0.685914,0
-0.091371,-0.040465,0,-0.447502,0.685914,0
-0.091371,-0.040465,0,-0.447677,0.685914,0
-0.091371,-0.040465,0,-0.447677,0.685914,0
-0.091371,-0.040465,0,-0.447677,0.685914,0
-0.091371,-0.040465,0,-0.447851,0.685914,0
-0.091371,-0.040465,0,-0.447851,0.685914,0
-0.091371,-0.040465,0,-0.447851,0.685914,0
-0.091371,-0.040465,0,-0.447851,0.685914,0
-0.091371,-0.040465,0,-0.447851,0.685914,0
-0.091371,-0.040465,0,-0.448026,0.685914,0
-0.091371,-0.040465,0,-0.447851,0.685914,0
-0.091371,-0.040465,0,-0.448026,0.685914,0
-0.091371,-0.040465,0,-0.448026,0.685914,0
-0.091371,-0.040465,0,-0.448026,0.685914,0
-0.091371,-0.040465,0,-0.448026,0.685914,0
-0.091371,-0.040465,0,-0.448026,0.685914,0
-0.091371,-0.040465,0,-0.448201,0.685914,0
-0.09102,-0.040611,0,-0.41661,0.737402,0
-0.091016,-0.040626,0,-0.416436,0.737402,0
-0.091637,-0.038099,0,-0.464607,0.670905,0
-0.092608,-0.035814,0,-0.467748,0.672475,0
-0.092608,-0.035799,0,-0.467574,0.672475,0
-0.091199,-0.041271,0,-0.439823,0.764629,0
-0.090154,-0.044163,0,-0.342783,0.89326,0
-0.090154,-0.044179,0,-0.342783,0.89326,0
-0.090737,-0.042873,0,-0.434587,0.814196,0
-0.090738,-0.042863,0,-0.434587,0.814196,0
-0.091005,-0.040579,0,-0.44855,0.800408,0
-0.091005,-0.040576,0,-0.44855,0.800408,0
-0.091005,-0.040576,0,-0.44855,0.800408,0
-0.090669,-0.041701,0,-0.400204,0.867254,0
-0.089862,-0.044941,0,-0.306654,0.973196,0
-0.089991,-0.045098,0,-0.372977,0.924326,0
-0.090001,-0.04511,0,-0.375071,0.923105,0
-0.089964,-0.045619,0,-0.416261,0.893783,0
-0.089964,-0.045631,0,-0.416436,0.893783,0
-0.089964,-0.045633,0,-0.416261,0.893609,0
-0.089964,-0.045632,0,-0.416436,0.893609,0
-0.089964,-0.045632,0,-0.416261,0.893609,0
-0.089964,-0.045632,0,-0.415912,0.893609,0
-0.089964,-0.045632,0,-0.416261,0.893609,0
-0.089801,-0.046054,0,-0.35308,0.934798,0
-0.089799,-0.046059,0,-0.352906,0.935322,0
-0.0898,-0.046058,0,-0.352906,0.935322,0
-0.0898,-0.046057,0,-0.352731,0.935322,0
-0.0898,-0.046059,0,-0.352731,0.935322,0
-0.0898,-0.046059,0,-0.352731,0.935322,0
-0.0898,-0.046058,0,-0.352557,0.935322,0
-0.0898,-0.046058,0,-0.352906,0.935322,0
-0.089512,-0.046439,0,-0.271224,0.986984,0
-0.089504,-0.046449,0,-0.270875,0.987333,0
-0.089507,-0.046447,0,-0.270875,0.987682,0
-0.089507,-0.046447,0,-0.270875,0.987682,0
-0.089506,-0.046448,0,-0.270875,0.987682,0
-0.089506,-0.046448,0,-0.270875,0.987682,0
-0.089506,-0.046449,0,-0.270875,0.987682,0
-0.089506,-0.046449,0,-0.270875,0.987682,0
-0.089506,-0.04645,0,-0.270875,0.987682,0
-0.089506,-0.04645,0,-0.270875,0.987682,0
-0.089506,-0.04645,0,-0.270875,0.987682,0
-0.089507,-0.04645,0,-0.270875,0.987682,0
-0.089507,-0.04645,0,-0.270875,0.987682,0
-0.089507,-0.04645,0,-0.270701,0.987682,0
-0.089507,-0.04645,0,-0.270875,0.987682,0
-0.089507,-0.04645,0,-0.270875,0.987682,0
-0.089507,-0.04645,0,-0.270875,0.987682,0
-0.088838,-0.047498,0,-0.202982,1.02992,0
-0.088835,-0.047508,0,-0.202982,1.02992,0
-0.088836,-0.047506,0,-0.202982,1.03009,0
-0.088836,-0.047506,0,-0.202982,1.03009,0
-0.088837,-0.047507,0,-0.202807,1.03009,0
-0.089057,-0.04801,0,-0.242252,1.00636,0
-0.08906,-0.04802,0,-0.242252,1.00636,0
-0.089061,-0.048022,0,-0.242077,1.00618,0
-0.089061,-0.048021,0,-0.242252,1.00618,0
-0.089061,-0.048021,0,-0.242252,1.00618,0
-0.089061,-0.048021,0,-0.242252,1.00618,0
-0.089061,-0.048021,0,-0.242252,1.00618,0
-0.089061,-0.048021,0,-0.242252,1.00618,0
-0.089061,-0.048021,0,-0.241903,1.00618,0
-0.089061,-0.048021,0,-0.242077,1.00618,0
-0.089061,-0.048021,0,-0.242077,1.00618,0
-0.089061,-0.048021,0,-0.241903,1.00618,0
-0.089061,-0.048021,0,-0.241903,1.00618,0
-0.089061,-0.048021,0,-0.242077,1.00618,0
-0.089061,-0.048021,0,-0.241903,1.00618,0
-0.089061,-0.048021,0,-0.242077,1.00618,0
-0.088384,-0.048876,0,-0.177849,1.03847,0
-0.088378,-0.048888,0,-0.177849,1.03847,0
-0.088377,-0.04889,0,-0.177849,1.03865,0
-0.088377,-0.04889,0,-0.177675,1.03865,0
-0.088378,-0.04889,0,-0.177849,1.03865,0
-0.088378,-0.04889,0,-0.177849,1.03865,0
-0.088377,-0.04889,0,-0.177849,1.03865,0
-0.088377,-0.04889,0,-0.177849,1.03865,0
-0.088377,-0.04889,0,-0.177849,1.03865,0
-0.088377,-0.04889,0,-0.177849,1.03865,0
-0.088377,-0.04889,0,-0.177849,1.03865,0
-0.088377,-0.04889,0,-0.177675,1.03865,0
-0.088377,-0.04889,0,-0.177849,1.03865,0
-0.088033,-0.049726,0,-0.0947714,1.07669,0
-0.088032,-0.049738,0,-0.0947714,1.07669,0
-0.088033,-0.049738,0,-0.0945968,1.07669,0
-0.088033,-0.049738,0,-0.0945968,1.07669,0
-0.088034,-0.049738,0,-0.0947714,1.07669,0
-0.088034,-0.049738,0,-0.0947714,1.07669,0
-0.088035,-0.049738,0,-0.0947714,1.07669,0
-0.088035,-0.049738,0,-0.0945968,1.07669,0
-0.088036,-0.049738,0,-0.0947714,1.07669,0
-0.088036,-0.049738,0,-0.0947714,1.07669,0
-0.088036,-0.049738,0,-0.0945968,1.07669,0
-0.087956,-0.0498,0,-0.0855211,1.08141,0
-0.087945,-0.049805,0,-0.0876155,1.07966,0
-0.087945,-0.049803,0,-0.087441,1.07966,0
-0.087945,-0.049804,0,-0.087441,1.07966,0
-0.087945,-0.049805,0,-0.0872665,1.07984,0
-0.087945,-0.049805,0,-0.0872665,1.07984,0
-0.087945,-0.049805,0,-0.087441,1.07984,0
-0.087945,-0.049805,0,-0.087441,1.07984,0
-0.087945,-0.049805,0,-0.087441,1.07984,0
-0.087945,-0.049805,0,-0.087441,1.07984,0
-0.087945,-0.049805,0,-0.087441,1.07984,0
-0.087945,-0.049805,0,-0.087441,1.07984,0
-0.087945,-0.049805,0,-0.087441,1.07984,0
-0.087945,-0.049805,0,-0.0876155,1.07984,0
-0.087945,-0.049805,0,-0.0876155,1.07984,0
-0.087945,-0.049805,0,-0.087441,1.07984,0
-0.087141,-0.0508,0,0.000174533,1.11753,0
-0.087134,-0.050812,0,0.000349066,1.11753,0
-0.086881,-0.051891,0,0.0486947,1.13324,0
-0.086881,-0.051903,0,0.0486947,1.13324,0
-0.08688,-0.0519,0,0.0486947,1.13324,0
-0.08688,-0.051901,0,0.0486947,1.13324,0
-0.08688,-0.051902,0,0.0488692,1.13324,0
-0.087358,-0.052299,0,0.0216421,1.11439,0
-0.087373,-0.052307,0,0.0214675,1.11422,0
-0.086935,-0.052579,0,0.0630064,1.12382,0
-0.086922,-0.052582,0,0.0631809,1.12382,0
-0.086921,-0.052582,0,0.0631809,1.12399,0
-0.086921,-0.052582,0,0.0631809,1.12399,0
-0.086923,-0.052582,0,0.0630064,1.12399,0
-0.086923,-0.052582,0,0.0630064,1.12399,0
-0.086923,-0.052582,0,0.0630064,1.12399,0
-0.086923,-0.052582,0,0.0628319,1.12399,0
-0.086923,-0.052582,0,0.0628319,1.12399,0
-0.086923,-0.052582,0,0.0628319,1.12399,0
-0.086923,-0.052582,0,0.0626573,1.12399,0
-0.086923,-0.052582,0,0.0626573,1.12399,0
-0.086923,-0.052582,0,0.0626573,1.12399,0
-0.086923,-0.052582,0,0.0628319,1.12399,0
-0.086568,-0.052969,0,0.111177,1.13534,0
-0.086555,-0.05298,0,0.111352,1.13534,0
-0.086558,-0.052978,0,0.111352,1.13551,0
-0.086557,-0.052978,0,0.111177,1.13551,0
-0.086557,-0.052978,0,0.111177,1.13551,0
-0.086557,-0.052978,0,0.111177,1.13551,0
-0.086557,-0.052978,0,0.111177,1.13551,0
-0.086557,-0.052978,0,0.111003,1.13551,0
-0.086557,-0.052978,0,0.111177,1.13551,0
-0.086557,-0.052978,0,0.110828,1.13569,0
-0.086557,-0.052978,0,0.111177,1.13569,0
-0.086879,-0.052102,0,0.12706,1.13254,0
-0.08688,-0.05209,0,0.12706,1.13254,0
-0.087261,-0.051381,0,0.176802,1.1479,0
-0.08779,-0.050325,0,0.115541,1.1109,0
-0.087792,-0.050316,0,0.115541,1.11073,0
-0.087792,-0.050316,0,0.115541,1.11073,0
-0.087792,-0.050316,0,0.115541,1.11073,0
-0.087792,-0.050316,0,0.115541,1.11073,0
-0.087792,-0.050316,0,0.115541,1.11073,0
-0.087792,-0.050316,0,0.115541,1.11073,0
-0.087792,-0.050316,0,0.115541,1.11073,0
-0.087792,-0.050316,0,0.115715,1.11073,0
-0.087885,-0.048716,0,0.101753,1.09886,0
-0.087498,-0.0484,0,0.14015,1.12068,0
-0.087485,-0.048394,0,0.140324,1.12085,0
-0.087403,-0.048241,0,0.218341,1.17042,0
-0.087402,-0.048235,0,0.22061,1.17164,0
-0.087172,-0.048203,0,0.272795,1.2048,0
-0.087159,-0.048204,0,0.273144,1.20532,0
-0.087156,-0.048204,0,0.272969,1.20585,0
-0.087157,-0.048204,0,0.273144,1.20585,0
-0.087158,-0.048204,0,0.273144,1.2055,0
-0.087157,-0.048204,0,0.273144,1.2055,0
-0.087157,-0.048204,0,0.273144,1.2055,0
-0.087157,-0.048204,0,0.273144,1.2055,0
-0.087157,-0.048204,0,0.273144,1.2055,0
-0.087157,-0.048204,0,0.273144,1.20532,0
-0.087427,-0.047749,0,0.306305,1.22557,0
-0.087433,-0.047732,0,0.30648,1.22574,0
-0.088116,-0.046396,0,0.213454,1.15628,0
-0.088117,-0.046382,0,0.213454,1.15611,0
-0.088028,-0.04631,0,0.205425,1.14755,0
-0.088017,-0.046307,0,0.206822,1.14982,0
-0.088019,-0.04631,0,0.206822,1.14982,0
-0.088019,-0.046309,0,0.206647,1.14982,0
-0.088039,-0.04531,0,0.24103,1.17775,0
-0.088039,-0.0453,0,0.24103,1.17792,0
-0.088039,-0.0453,0,0.241205,1.17792,0
-0.088039,-0.045301,0,0.24103,1.17792,0
-0.088039,-0.045301,0,0.24103,1.17792,0
-0.088039,-0.045301,0,0.24103,1.17792,0
-0.088039,-0.045301,0,0.24103,1.17792,0
-0.087823,-0.04556,0,0.283441,1.21597,0
-0.087813,-0.045573,0,0.283616,1.21649,0
-0.087813,-0.045575,0,0.283616,1.21702,0
-0.087813,-0.045575,0,0.283441,1.21702,0
-0.088,-0.044671,0,0.321664,1.25018,0
-0.088001,-0.044661,0,0.321664,1.25018,0
-0.088002,-0.04466,0,0.321315,1.25035,0
-0.088002,-0.044661,0,0.32149,1.25035,0
-0.088075,-0.044608,0,0.31381,1.24267,0
-0.088081,-0.044602,0,0.31573,1.24442,0
-0.088077,-0.044605,0,0.315556,1.24512,0
-0.088077,-0.044605,0,0.315556,1.24459,0
-0.088078,-0.044604,0,0.315556,1.24459,0
-0.088078,-0.044604,0,0.315556,1.24459,0
-0.088078,-0.044604,0,0.315556,1.24442,0
-0.088078,-0.044604,0,0.315556,1.24442,0
-0.088078,-0.044604,0,0.315556,1.24425,0
-0.088078,-0.044604,0,0.315556,1.24425,0
-0.088078,-0.044604,0,0.315556,1.24425,0
-0.088078,-0.044604,0,0.315556,1.24407,0
-0.088078,-0.044604,0,0.315556,1.24407,0
-0.088078,-0.044604,0,0.315556,1.24407,0
-0.088078,-0.044604,0,0.315556,1.24407,0
-0.088078,-0.044604,0,0.315556,1.24407,0
-0.088078,-0.044604,0,0.315556,1.24407,0
-0.088078,-0.044604,0,0.315556,1.24407,0
-0.088078,-0.044604,0,0.315556,1.24407,0
-0.088161,-0.04456,0,0.311716,1.23953,0
-0.088175,-0.044556,0,0.312938,1.2411,0
-0.088172,-0.044558,0,0.312763,1.2411,0
-0.088173,-0.044557,0,0.312588,1.2411,0
-0.088652,-0.042357,0,0.326202,1.25437,0
-0.088652,-0.042344,0,0.326202,1.25437,0
-0.0884,-0.041396,0,0.34575,1.27898,0
-0.088394,-0.041385,0,0.34575,1.27898,0
-0.088395,-0.041387,0,0.345575,1.27915,0
-0.088395,-0.041387,0,0.345575,1.27915,0
-0.08873,-0.039608,0,0.337547,1.26938,0
-0.088731,-0.039604,0,0.337721,1.26938,0
-0.088731,-0.039604,0,0.337547,1.26938,0
-0.088731,-0.039605,0,0.337547,1.26938,0
-0.088731,-0.039605,0,0.337547,1.2692,0
-0.088731,-0.039605,0,0.337721,1.2692,0
-0.088731,-0.039605,0,0.337547,1.2692,0
-0.088731,-0.039605,0,0.337547,1.2692,0
-0.088747,-0.038627,0,0.353255,1.29695,0
-0.088747,-0.038616,0,0.353429,1.29695,0
-0.088747,-0.038615,0,0.353255,1.29713,0
-0.088747,-0.038616,0,0.353255,1.29713,0
-0.088747,-0.038616,0,0.353255,1.29713,0
-0.088747,-0.038616,0,0.353255,1.29713,0
-0.088747,-0.038616,0,0.353255,1.29713,0
-0.088747,-0.038616,0,0.353429,1.29713,0
-0.088747,-0.038616,0,0.353255,1.29713,0
-0.088747,-0.038616,0,0.353255,1.29713,0
-0.088747,-0.038616,0,0.353255,1.29713,0
-0.088802,-0.037437,0,0.369661,1.32959,0
-0.088802,-0.037434,0,0.369661,1.32959,0
-0.088802,-0.037434,0,0.37001,1.32959,0
-0.088802,-0.037436,0,0.369661,1.32959,0
-0.088802,-0.037436,0,0.37001,1.32959,0
-0.088802,-0.037436,0,0.369835,1.32959,0
-0.088802,-0.037436,0,0.369835,1.32959,0
-0.088802,-0.037436,0,0.369835,1.32959,0
-0.088802,-0.037436,0,0.369835,1.32959,0
-0.088802,-0.037436,0,0.369661,1.32959,0
-0.088802,-0.037436,0,0.369835,1.32959,0
-0.088802,-0.037436,0,0.369661,1.32959,0
-0.088802,-0.037436,0,0.369835,1.32959,0
-0.088906,-0.035575,0,0.375944,1.34827,0
-0.088906,-0.035564,0,0.376293,1.34827,0
-0.088906,-0.035564,0,0.376118,1.34827,0
-0.088906,-0.035565,0,0.376118,1.34827,0
-0.088906,-0.035565,0,0.376118,1.34827,0
-0.088906,-0.035565,0,0.376118,1.34827,0
-0.088906,-0.035565,0,0.376118,1.34827,0
-0.088906,-0.035565,0,0.376118,1.34827,0
-0.088906,-0.035565,0,0.376118,1.34827,0
-0.088906,-0.035565,0,0.376118,1.34827,0
-0.088906,-0.035565,0,0.376118,1.34827,0
-0.088906,-0.035565,0,0.376118,1.34827,0
-0.088906,-0.035565,0,0.376118,1.34827,0
-0.088906,-0.035565,0,0.376118,1.34827,0
-0.088906,-0.035565,0,0.376118,1.34827,0
-0.088906,-0.035565,0,0.375944,1.34827,0
-0.088906,-0.035565,0,0.376118,1.34827,0
-0.088906,-0.035565,0,0.376118,1.34827,0
-0.088906,-0.035565,0,0.375944,1.34827,0
-0.088906,-0.035565,0,0.375944,1.34827,0
-0.088906,-0.035565,0,0.376118,1.34827,0
-0.088906,-0.035565,0,0.376118,1.34827,0
-0.088906,-0.035565,0,0.376118,1.34827,0
-0.088906,-0.035565,0,0.376118,1.34827,0
-0.088906,-0.035565,0,0.376118,1.34827,0
-0.088906,-0.035565,0,0.376118,1.34827,0
-0.088906,-0.035565,0,0.376118,1.34827,0
-0.088906,-0.035565,0,0.376118,1.34827,0
-0.088936,-0.035409,0,0.400728,1.41319,0
-0.088928,-0.035399,0,0.4016,1.41546,0
-0.088986,-0.035338,0,0.403171,1.42244,0
-0.088987,-0.035332,0,0.402473,1.42017,0
-0.088985,-0.035335,0,0.402647,1.42035,0
-0.088986,-0.035335,0,0.402647,1.42035,0
-0.088986,-0.035334,0,0.402647,1.42035,0
-0.088986,-0.035334,0,0.402647,1.42035,0
-0.088986,-0.035334,0,0.402647,1.42035,0
-0.088986,-0.035334,0,0.402647,1.42035,0
-0.088986,-0.035334,0,0.402647,1.42035,0
-0.088986,-0.035334,0,0.402647,1.42035,0
-0.088986,-0.035334,0,0.402647,1.42035,0
-0.088986,-0.035334,0,0.402647,1.42035,0
-0.088986,-0.035334,0,0.402473,1.42035,0
-0.088986,-0.035334,0,0.402473,1.42035,0
-0.088986,-0.035334,0,0.402647,1.42035,0
-0.088986,-0.035334,0,0.402647,1.42035,0
-0.088986,-0.035334,0,0.402647,1.42035,0
-0.089387,-0.032737,0,0.391652,1.40796,0
-0.089387,-0.032723,0,0.391652,1.40796,0
-0.089346,-0.034396,0,0.362505,1.34163,0
-0.089346,-0.034408,0,0.362679,1.34163,0
-0.088964,-0.034485,0,0.391826,1.43396,0
-0.088602,-0.035443,0,0.418355,1.51564,0
-0.088602,-0.035454,0,0.41853,1.51564,0
-0.088919,-0.032623,0,0.37001,1.42611,0
-0.088919,-0.032613,0,0.37001,1.42611,0
-0.088919,-0.032613,0,0.37001,1.42611,0
-0.088919,-0.032613,0,0.37001,1.42611,0
-0.08892,-0.032613,0,0.37001,1.42611,0
-0.08892,-0.032613,0,0.370184,1.42611,0
-0.08892,-0.032613,0,0.370184,1.42611,0
-0.08892,-0.032613,0,0.370184,1.42611,0
-0.08892,-0.032613,0,0.370359,1.42611,0
-0.088921,-0.032613,0,0.370359,1.42611,0
-0.089557,-0.030805,0,0.372279,1.45665,0
-0.089557,-0.030792,0,0.372279,1.45665,0
-0.089558,-0.03079,0,0.372279,1.45665,0
-0.089559,-0.030791,0,0.372279,1.45665,0
-0.089559,-0.030791,0,0.372279,1.45665,0
-0.089559,-0.030791,0,0.372279,1.45665,0
-0.08956,-0.030791,0,0.372279,1.45665,0
-0.08956,-0.030791,0,0.372279,1.45665,0
-0.08956,-0.030791,0,0.372279,1.45665,0
-0.089561,-0.030791,0,0.372279,1.45665,0
-0.089561,-0.030791,0,0.372279,1.45665,0
-0.089715,-0.031115,0,0.376118,1.50884,0
-0.089717,-0.031126,0,0.376118,1.50901,0
-0.089718,-0.031126,0,0.376118,1.50971,0
-0.089717,-0.031126,0,0.376118,1.50971,0
-0.089717,-0.031125,0,0.376118,1.50936,0
-0.089717,-0.031125,0,0.376118,1.50936,0
-0.089717,-0.031125,0,0.376118,1.50936,0
-0.089717,-0.031125,0,0.376118,1.50936,0
-0.089717,-0.031125,0,0.376118,1.50936,0
-0.089717,-0.031125,0,0.376118,1.50936,0
-0.089717,-0.031125,0,0.376118,1.50936,0
-0.089717,-0.031125,0,0.376118,1.50936,0
-0.089717,-0.031125,0,0.376118,1.50936,0
-0.089717,-0.031125,0,0.376293,1.50936,0
-0.089812,-0.030788,0,0.384496,1.57464,0
-0.089812,-0.030776,0,0.384671,1.57516,0
-0.089813,-0.030776,0,0.384671,1.57586,0
-0.089813,-0.030776,0,0.384671,1.57586,0
-0.089812,-0.030776,0,0.384496,1.57516,0
-0.089812,-0.030776,0,0.384496,1.57516,0
-0.089812,-0.030776,0,0.384496,1.57533,0
-0.089812,-0.030776,0,0.384496,1.57551,0
-0.089812,-0.030776,0,0.384671,1.57551,0
-0.089812,-0.030776,0,0.384671,1.57551,0
-0.089812,-0.030776,0,0.384496,1.57551,0
-0.089812,-0.030776,0,0.384496,1.57551,0
-0.089812,-0.030776,0,0.384496,1.57551,0
-0.089812,-0.030776,0,0.384496,1.57551,0
-0.089708,-0.030429,0,0.381878,1.60762,0
-0.089706,-0.030419,0,0.381704,1.6078,0
-0.089706,-0.030418,0,0.381704,1.60815,0
-0.089706,-0.030419,0,0.381704,1.60815,0
-0.08989,-0.030146,0,0.343306,1.55736,0
-0.089899,-0.030134,0,0.342608,1.55614,0
-0.089904,-0.03013,0,0.342783,1.55509,0
-0.089901,-0.030133,0,0.342783,1.55596,0
-0.089902,-0.030132,0,0.342783,1.55596,0
-0.089903,-0.030131,0,0.342783,1.55579,0
-0.089874,-0.030105,0,0.338768,1.57167,0
-0.08985,-0.030093,0,0.338419,1.57568,0
-0.089821,-0.03009,0,0.338245,1.57551,0
-0.08984,-0.030092,0,0.338419,1.57516,0
-0.089831,-0.030092,0,0.338419,1.57516,0
-0.089835,-0.030092,0,0.338594,1.57516,0
-0.089834,-0.030092,0,0.338419,1.57516,0
-0.089834,-0.030092,0,0.338419,1.57516,0
-0.089809,-0.03007,0,0.333707,1.58982,0
-0.089791,-0.030062,0,0.333183,1.59349,0
-0.08978,-0.030035,0,0.326202,1.61356,0
-0.08978,-0.030034,0,0.325853,1.61426,0
-0.089781,-0.030033,0,0.325853,1.6146,0
-0.089781,-0.030033,0,0.325853,1.6146,0
-0.089782,-0.030034,0,0.325853,1.61426,0
-0.089782,-0.030034,0,0.325853,1.61426,0
-0.089804,-0.030018,0,0.327598,1.66731,0
-0.089806,-0.030017,0,0.327598,1.66958,0
-0.089808,-0.03001,0,0.324806,1.70501,0
-0.089806,-0.030009,0,0.324282,1.70658,0
-0.089806,-0.030009,0,0.324457,1.70658,0
-0.089806,-0.030009,0,0.324457,1.70658,0
-0.089807,-0.030009,0,0.324457,1.70641,0
-0.089807,-0.030009,0,0.324457,1.70641,0
-0.089807,-0.030009,0,0.324631,1.70641,0
-0.089807,-0.030009,0,0.324631,1.70641,0
-0.089808,-0.030009,0,0.324806,1.70641,0
-0.089808,-0.030009,0,0.324631,1.70641,0
-0.089809,-0.030009,0,0.324631,1.70641,0
-0.089809,-0.030009,0,0.324631,1.70641,0
-0.089799,-0.030001,0,0.198444,1.73416,0
-0.089956,-0.030001,0,0.0144862,1.75929,0
-0.089958,-0.030001,0,0.0122173,1.75947,0
-0.089766,-0.030001,0,0,1.79298,0
-0.089761,-0.030001,0,0,1.79367,0
-0.089762,-0.030001,0,0,1.79367,0
-0.089764,-0.030001,0,-0.000174533,1.79367,0
-0.089762,-0.030001,0,0,1.79367,0
-0.089762,-0.030001,0,-0.000174533,1.79367,0
-0.089763,-0.030001,0,0,1.79367,0
-0.089763,-0.030001,0,0,1.79367,0
-0.089763,-0.030001,0,0,1.79367,0
-0.08967,-0.030001,0,-0.153764,1.80135,0
-0.089667,-0.030001,0,-0.156556,1.8017,0
-0.089589,-0.030001,0,-0.283791,1.80799,0
-0.089587,-0.030001,0,-0.286583,1.80799,0
-0.089521,-0.030001,0,-0.419228,1.81497,0
-0.089519,-0.030001,0,-0.421497,1.81392,0
-0.089383,-0.030001,0,-0.538609,1.82771,0
-0.089378,-0.030001,0,-0.540878,1.82788,0
-0.089094,-0.030686,0,-0.39968,1.94726,0
-0.089092,-0.030697,0,-0.399506,1.94761,0
-0.089092,-0.030694,0,-0.399506,1.94779,0
-0.089092,-0.030695,0,-0.399506,1.94779,0
-0.089092,-0.030695,0,-0.39968,1.94779,0
-0.089092,-0.030695,0,-0.399506,1.94779,0
-0.089092,-0.030695,0,-0.39968,1.94779,0
-0.089092,-0.030695,0,-0.399506,1.94779,0
-0.089093,-0.030695,0,-0.39968,1.94779,0
-0.088986,-0.030381,0,-0.230034,1.95425,0
-0.088983,-0.03037,0,-0.227591,1.95442,0
-0.088853,-0.035299,0,0.0544543,2.07293,0
-0.088853,-0.035311,0,0.0544543,2.07293,0
-0.088992,-0.032678,0,-0.241205,2.02161,0
-0.088992,-0.032675,0,-0.241205,2.02161,0
-0.088992,-0.032675,0,-0.241205,2.02161,0
-0.088992,-0.032676,0,-0.241205,2.02161,0
-0.088992,-0.032676,0,-0.241205,2.02161,0
-0.088992,-0.032676,0,-0.241205,2.02161,0
-0.089246,-0.032979,0,-0.269479,2.06525,0
-0.089257,-0.032994,0,-0.269479,2.06542,0
-0.089177,-0.031536,0,-0.217293,2.07136,0
-0.089177,-0.031526,0,-0.217643,2.07136,0
-0.089177,-0.031527,0,-0.217119,2.07118,0
-0.089177,-0.031528,0,-0.217468,2.07118,0
-0.089177,-0.031527,0,-0.217119,2.07118,0
-0.089177,-0.031527,0,-0.217643,2.07118,0
-0.089177,-0.031527,0,-0.217468,2.07118,0
-0.089177,-0.031527,0,-0.217643,2.07118,0
-0.089177,-0.031527,0,-0.217468,2.07118,0
-0.089177,-0.031527,0,-0.217817,2.07118,0
-0.089177,-0.031527,0,-0.217468,2.07118,0
-0.089144,-0.031149,0,-0.142942,2.10731,0
-0.089144,-0.031136,0,-0.142768,2.10731,0
-0.089144,-0.031138,0,-0.142942,2.10766,0
-0.089144,-0.031138,0,-0.142768,2.10766,0
-0.089144,-0.031137,0,-0.142768,2.10766,0
-0.089144,-0.031137,0,-0.142768,2.10766,0
-0.089144,-0.031137,0,-0.142768,2.10766,0
-0.089144,-0.031137,0,-0.142768,2.10766,0
-0.089144,-0.031137,0,-0.142942,2.10766,0
-0.089144,-0.031137,0,-0.142768,2.10766,0
-0.089144,-0.031137,0,-0.142942,2.10766,0
-0.089144,-0.031137,0,-0.142942,2.10766,0
-0.089144,-0.031137,0,-0.142768,2.10766,0
-0.089144,-0.031137,0,-0.142942,2.10766,0
-0.089014,-0.031569,0,-0.047473,2.16683,0
-0.089012,-0.031575,0,-0.0471239,2.16718,0
-0.089013,-0.031573,0,-0.0471239,2.16718,0
-0.089013,-0.031573,0,-0.0472984,2.16718,0
-0.089013,-0.031573,0,-0.0471239,2.16718,0
-0.089013,-0.031573,0,-0.0471239,2.16718,0
-0.089013,-0.031574,0,-0.0471239,2.16718,0
-0.089013,-0.031574,0,-0.0476475,2.16718,0
-0.089013,-0.031574,0,-0.0471239,2.16718,0
-0.089013,-0.031574,0,-0.047473,2.16718,0
-0.089013,-0.031574,0,-0.0472984,2.16718,0
-0.089013,-0.031574,0,-0.0472984,2.16718,0
-0.088651,-0.031547,0,0.153065,2.23821,0
-0.08864,-0.031547,0,0.15516,2.23838,0
-0.088641,-0.031546,0,0.154636,2.23873,0
-0.088641,-0.031546,0,0.154636,2.23873,0
-0.088642,-0.031546,0,0.154636,2.23873,0
-0.088642,-0.031546,0,0.154985,2.23873,0
-0.088642,-0.031546,0,0.154811,2.23873,0
-0.088642,-0.031546,0,0.154811,2.23873,0
-0.088642,-0.031546,0,0.154811,2.23873,0
-0.088642,-0.031546,0,0.154811,2.23873,0
-0.088642,-0.031546,0,0.154811,2.23873,0
-0.088642,-0.031546,0,0.154811,2.23873,0
-0.088642,-0.031546,0,0.154811,2.23873,0
-0.088642,-0.031546,0,0.154985,2.23873,0
-0.088642,-0.031546,0,0.154985,2.23873,0
-0.088642,-0.031546,0,0.154811,2.23873,0
-0.088642,-0.031546,0,0.154811,2.23873,0
-0.088642,-0.031546,0,0.154811,2.23873,0
-0.088642,-0.031546,0,0.154811,2.23873,0
-0.088642,-0.031546,0,0.154811,2.23873,0
-0.088642,-0.031546,0,0.154811,2.23873,0
-0.088642,-0.031546,0,0.154811,2.23873,0
-0.088642,-0.031546,0,0.154811,2.23873,0
-0.088642,-0.031546,0,0.154811,2.23873,0
-0.088642,-0.031546,0,0.154636,2.23873,0
-0.088642,-0.031546,0,0.154811,2.23873,0
-0.088642,-0.031546,0,0.154636,2.23873,0
-0.088642,-0.031546,0,0.154811,2.23873,0
-0.088642,-0.031546,0,0.154985,2.23873,0
-0.088642,-0.031546,0,0.154636,2.23873,0
-0.088642,-0.031546,0,0.154462,2.23873,0
-0.088642,-0.031546,0,0.154462,2.23873,0
-0.088021,-0.035141,0,0.293215,2.3637,0
-0.088021,-0.035156,0,0.293041,2.3637,0
-0.088362,-0.036097,0,0.00296706,2.30087,0
-0.088363,-0.036113,0,0.00244346,2.30087,0
-0.087648,-0.03227,0,0.0153589,2.30593,0
-0.087648,-0.032257,0,0.0153589,2.30593,0
-0.087648,-0.032258,0,0.0153589,2.30593,0
-0.087648,-0.032258,0,0.0153589,2.30593,0
-0.087716,-0.032245,0,0.021293,2.30541,0
-0.087696,-0.032249,0,0.0195477,2.30541,0
-0.087924,-0.031919,0,0.185354,2.34066,0
-0.087931,-0.031908,0,0.187623,2.34084,0
-0.08793,-0.03191,0,0.187099,2.34101,0
-0.08793,-0.03191,0,0.187448,2.34101,0
-0.08793,-0.031909,0,0.187274,2.34101,0
-0.08793,-0.031909,0,0.187274,2.34101,0
-0.08793,-0.031909,0,0.187274,2.34101,0
-0.08793,-0.031909,0,0.187274,2.34101,0
-0.08793,-0.031909,0,0.187099,2.34101,0
-0.08793,-0.031909,0,0.187099,2.34101,0
-0.087817,-0.033792,0,0.354127,2.40297,0
-0.087817,-0.033803,0,0.354127,2.40297,0
-0.087679,-0.03549,0,0.221133,2.4021,0
-0.087679,-0.0355,0,0.221133,2.4021,0
-0.087679,-0.035501,0,0.220959,2.4021,0
-0.087679,-0.035501,0,0.220959,2.4021,0
-0.086946,-0.031846,0,0.319744,2.38342,0
-0.086946,-0.031835,0,0.319744,2.38342,0
-0.087582,-0.036783,0,0.330216,2.42758,0
-0.087582,-0.036795,0,0.330391,2.42758,0
-0.086695,-0.032783,0,0.41277,2.42164,0
-0.086695,-0.032769,0,0.412596,2.42164,0
-0.086836,-0.03627,0,0.568454,2.5035,0
-0.086836,-0.036281,0,0.568454,2.5035,0
-0.086836,-0.036279,0,0.568454,2.5035,0
-0.086836,-0.036279,0,0.568454,2.5035,0
-0.086088,-0.036085,0,0.623083,2.52479,0
-0.086082,-0.036084,0,0.623083,2.52497,0
-0.086084,-0.036084,0,0.623083,2.52497,0
-0.086085,-0.036084,0,0.622908,2.52497,0
-0.086085,-0.036084,0,0.622908,2.52497,0
-0.086084,-0.036084,0,0.622908,2.52497,0
-0.086084,-0.036084,0,0.622908,2.52497,0
-0.086084,-0.036084,0,0.622908,2.52497,0
-0.086084,-0.036084,0,0.622908,2.52497,0
-0.086084,-0.036084,0,0.622908,2.52497,0
-0.086084,-0.036084,0,0.622908,2.52497,0
-0.086084,-0.036084,0,0.622908,2.52497,0
-0.086084,-0.036084,0,0.622908,2.52497,0
-0.085721,-0.036088,0,0.734609,2.5604,0
-0.08571,-0.036088,0,0.736005,2.56057,0
-0.085711,-0.036089,0,0.735656,2.56092,0
-0.085711,-0.036088,0,0.735831,2.56092,0
-0.085711,-0.036088,0,0.735831,2.56075,0
-0.085711,-0.036088,0,0.735831,2.56075,0
-0.085711,-0.036088,0,0.735831,2.56057,0
-0.085711,-0.036088,0,0.735656,2.56057,0
-0.085711,-0.036088,0,0.735831,2.56057,0
-0.085711,-0.036088,0,0.735831,2.56057,0
-0.085711,-0.036088,0,0.735831,2.5604,0
-0.085711,-0.036088,0,0.735831,2.5604,0
-0.085711,-0.036088,0,0.735831,2.5604,0
-0.085711,-0.036088,0,0.735831,2.56022,0
-0.085311,-0.036714,0,0.835489,2.60647,0
-0.085305,-0.036727,0,0.835489,2.60665,0
-0.085436,-0.038094,0,0.758695,2.58536,0
-0.085436,-0.038105,0,0.758869,2.58536,0
-0.085436,-0.038105,0,0.758869,2.58536,0
-0.085436,-0.038105,0,0.758869,2.58536,0
-0.085436,-0.038105,0,0.759044,2.58536,0
-0.085436,-0.038105,0,0.758869,2.58536,0
-0.085436,-0.038105,0,0.759044,2.58536,0
-0.085436,-0.038105,0,0.759044,2.58536,0
-0.085436,-0.038105,0,0.759044,2.58536,0
-0.085436,-0.038105,0,0.759044,2.58536,0
-0.085436,-0.038105,0,0.759044,2.58536,0
-0.085436,-0.038105,0,0.759044,2.58536,0
-0.085436,-0.038105,0,0.759044,2.58536,0
-0.085436,-0.038105,0,0.759044,2.58536,0
-0.085436,-0.038105,0,0.759044,2.58536,0
-0.085436,-0.038105,0,0.759044,2.58536,0
-0.085436,-0.038105,0,0.759044,2.58536,0
-0.085436,-0.038105,0,0.759044,2.58536,0
-0.085436,-0.038105,0,0.758869,2.58536,0
-0.085436,-0.038105,0,0.759044,2.58536,0
-0.085436,-0.038105,0,0.758869,2.58536,0
-0.085436,-0.038105,0,0.759044,2.58536,0
-0.084611,-0.038842,0,0.886802,2.61433,0
-0.0846,-0.03885,0,0.886976,2.6145,0
-0.084588,-0.038856,0,0.886802,2.6145,0
-0.084592,-0.038854,0,0.886802,2.6145,0
-0.084593,-0.038854,0,0.886802,2.6145,0
-0.084593,-0.038854,0,0.886802,2.6145,0
-0.084593,-0.038854,0,0.886802,2.6145,0
-0.084593,-0.038854,0,0.886802,2.6145,0
-0.084593,-0.038854,0,0.886802,2.6145,0
-0.084593,-0.038854,0,0.886802,2.6145,0
-0.084593,-0.038854,0,0.886802,2.6145,0
-0.084593,-0.038854,0,0.886802,2.6145,0
-0.084593,-0.038854,0,0.886802,2.6145,0
-0.084593,-0.038854,0,0.886802,2.6145,0
-0.084137,-0.040107,0,1.00496,2.64941,0
-0.084136,-0.040117,0,1.00496,2.64941,0
-0.08416,-0.041623,0,1.00531,2.65011,0
-0.08416,-0.041633,0,1.00514,2.65011,0
-0.08416,-0.041635,0,1.00514,2.65011,0
-0.083695,-0.042543,0,1.09903,2.67245,0
-0.083693,-0.042554,0,1.09903,2.67245,0
-0.083693,-0.042556,0,1.09903,2.67245,0
-0.083693,-0.042555,0,1.09903,2.67245,0
-0.083694,-0.042555,0,1.09903,2.67245,0
-0.083694,-0.042555,0,1.09903,2.67245,0
-0.083694,-0.042555,0,1.09903,2.67245,0
-0.083694,-0.042555,0,1.09903,2.67245,0
-0.083694,-0.042555,0,1.09903,2.67245,0
-0.083694,-0.042555,0,1.09903,2.67245,0
-0.083694,-0.042555,0,1.09921,2.67245,0
-0.083694,-0.042555,0,1.09903,2.67245,0
-0.083694,-0.042555,0,1.09921,2.67245,0
-0.083202,-0.043686,0,1.2048,2.70107,0
-0.083098,-0.045042,0,1.21911,2.70404,0
-0.083098,-0.045052,0,1.21911,2.70404,0
-0.083098,-0.045054,0,1.21929,2.70404,0
-0.083098,-0.045054,0,1.21911,2.70404,0
-0.083098,-0.045053,0,1.21894,2.70404,0
-0.083098,-0.045053,0,1.21911,2.70404,0
-0.082878,-0.045427,0,1.27601,2.71591,0
-0.082873,-0.04544,0,1.27636,2.71591,0
-0.082874,-0.045438,0,1.27601,2.71608,0
-0.082874,-0.045439,0,1.27618,2.71608,0
-0.082874,-0.045439,0,1.27618,2.71626,0
-0.082874,-0.045439,0,1.27618,2.71626,0
-0.082874,-0.045439,0,1.27618,2.71626,0
-0.082874,-0.045439,0,1.27636,2.71626,0
-0.082874,-0.045439,0,1.27618,2.71626,0
-0.082874,-0.045439,0,1.27618,2.71626,0
-0.082874,-0.045439,0,1.27636,2.71626,0
-0.082332,-0.046055,0,1.346,2.73214,0
-0.08232,-0.046068,0,1.34617,2.73214,0
-0.082321,-0.046066,0,1.34617,2.73231,0
-0.082321,-0.046066,0,1.34617,2.73231,0
-0.08232,-0.046066,0,1.34617,2.73231,0
-0.08232,-0.046066,0,1.34617,2.73231,0
-0.08232,-0.046066,0,1.34617,2.73231,0
-0.08232,-0.046066,0,1.34617,2.73231,0
-0.08232,-0.046066,0,1.34635,2.73231,0
-0.08232,-0.046066,0,1.34617,2.73231,0
-0.08232,-0.046066,0,1.34635,2.73231,0
-0.08232,-0.046066,0,1.34635,2.73231,0
-0.08232,-0.046066,0,1.34635,2.73231,0
-0.08232,-0.046066,0,1.34635,2.73231,0
-0.08232,-0.046066,0,1.34617,2.73231,0
-0.08232,-0.046066,0,1.34617,2.73231,0
-0.08232,-0.046066,0,1.34617,2.73231,0
-0.08232,-0.046066,0,1.34617,2.73231,0
-0.08232,-0.046066,0,1.34617,2.73231,0
-0.08232,-0.046066,0,1.34617,2.73231,0
-0.08232,-0.046066,0,1.34617,2.73231,0
-0.08232,-0.046066,0,1.34617,2.73231,0
-0.08232,-0.046066,0,1.34617,2.73231,0
-0.08232,-0.046066,0,1.34617,2.73231,0
-0.08232,-0.046066,0,1.34617,2.73231,0
-0.08232,-0.046066,0,1.34617,2.73231,0
-0.08232,-0.046066,0,1.34617,2.73231,0
-0.08232,-0.046066,0,1.34617,2.73231,0
-0.08232,-0.046066,0,1.34617,2.73231,0
-0.08232,-0.046066,0,1.34617,2.73231,0
-0.08232,-0.046066,0,1.346,2.73231,0
-0.08232,-0.046066,0,1.34617,2.73231,0
-0.082926,-0.045095,0,1.34547,2.72638,0
-0.082929,-0.045082,0,1.34547,2.72638,0
-0.083661,-0.043936,0,1.36188,2.72917,0
-0.083664,-0.043927,0,1.36188,2.72917,0
-0.083663,-0.043929,0,1.36188,2.72917,0
-0.083663,-0.043929,0,1.36188,2.72917,0
-0.083663,-0.043928,0,1.36188,2.72917,0
-0.083663,-0.043928,0,1.36188,2.72917,0
-0.083663,-0.043928,0,1.36188,2.72917,0
-0.083966,-0.04149,0,1.33954,2.718,0
-0.083966,-0.04148,0,1.33954,2.718,0
-0.083967,-0.041482,0,1.33937,2.718,0
-0.083967,-0.041481,0,1.33954,2.718,0
-0.083967,-0.041481,0,1.33937,2.71783,0
-0.083967,-0.041481,0,1.33937,2.71765,0
-0.083967,-0.041481,0,1.33937,2.71765,0
-0.083967,-0.041481,0,1.33919,2.71765,0
-0.083967,-0.041481,0,1.33919,2.71748,0
-0.084232,-0.038817,0,1.30202,2.69618,0
-0.084232,-0.038804,0,1.30202,2.69618,0
-0.084232,-0.038801,0,1.30202,2.69618,0
-0.084232,-0.038803,0,1.30219,2.69618,0
-0.084232,-0.038803,0,1.30202,2.69618,0
-0.084232,-0.038802,0,1.30202,2.69601,0
-0.084232,-0.038802,0,1.30202,2.69601,0
-0.084257,-0.036581,0,1.24878,2.65796,0
-0.084675,-0.032982,0,1.25297,2.66966,0
-0.084675,-0.03297,0,1.25297,2.66966,0
-0.085581,-0.031524,0,1.24128,2.67664,0
-0.085583,-0.031511,0,1.24128,2.67664,0
-0.08513,-0.032308,0,1.2514,2.73092,0
-0.085128,-0.032319,0,1.2514,2.73092,0
-0.085125,-0.032322,0,1.2514,2.73109,0
-0.085127,-0.032319,0,1.2514,2.73109,0
-0.085127,-0.03232,0,1.2514,2.73109,0
-0.085126,-0.03232,0,1.2514,2.73109,0
-0.085126,-0.03232,0,1.2514,2.73109,0
-0.085012,-0.030419,0,1.23936,2.74209,0
-0.085012,-0.030395,0,1.23936,2.74209,0
-0.085012,-0.030388,0,1.23936,2.74209,0
-0.085825,-0.030028,0,1.12137,2.70945,0
-0.085837,-0.030027,0,1.12102,2.70945,0
-0.085839,-0.030026,0,1.1212,2.70927,0
-0.085839,-0.030026,0,1.12102,2.70927,0
-0.085777,-0.030015,0,1.11404,2.74139,0
-0.08577,-0.030014,0,1.11369,2.74436,0
-0.085817,-0.030008,0,1.10532,2.77612,0
-0.085823,-0.030008,0,1.10497,2.77804,0
-0.085849,-0.030002,0,1.05749,2.80056,0
-0.085809,-0.030001,0,1.03062,2.80597,0
-0.0858,-0.030001,0,1.028,2.80614,0
-0.085841,-0.030001,0,0.995012,2.81783,0
-0.085855,-0.030001,0,0.995187,2.81836,0
-0.085965,-0.030001,0,0.866032,2.84297,0
-0.085969,-0.030001,0,0.86324,2.84314,0
-0.086049,-0.030001,0,0.655895,2.91156,0
-0.08605,-0.030001,0,0.653451,2.91191,0
-0.08586,-0.031612,0,0.596204,2.98957,0
-0.08586,-0.031628,0,0.596204,2.98957,0
-0.085488,-0.035396,0,0.624828,2.999,0
-0.085488,-0.035408,0,0.624653,2.999,0
-0.085295,-0.034469,0,0.599346,3.03809,0
-0.085295,-0.034458,0,0.599172,3.03809,0
-0.08565,-0.034916,0,0.579624,3.07894,0
-0.085659,-0.034927,0,0.579624,3.07911,0
-0.085905,-0.036706,0,0.534594,3.15782,0
-0.085905,-0.03672,0,0.534594,3.15782,0
-0.085296,-0.038335,0,0.524995,3.18121,0
-0.085295,-0.038345,0,0.524995,3.18121,0
-0.085294,-0.038343,0,0.524995,3.18121,0
-0.085294,-0.038343,0,0.524995,3.18121,0
-0.085294,-0.038344,0,0.524995,3.18121,0
-0.085294,-0.038344,0,0.524995,3.18121,0
-0.085294,-0.038344,0,0.524995,3.18121,0
-0.085294,-0.038344,0,0.524995,3.18121,0
-0.085294,-0.038344,0,0.524995,3.18121,0
-0.085294,-0.038344,0,0.524995,3.18121,0
-0.085294,-0.038344,0,0.52517,3.18121,0
-0.085294,-0.038344,0,0.52517,3.18121,0
-0.085294,-0.038344,0,0.52517,3.18121,0
-0.085294,-0.038344,0,0.52517,3.18121,0
-0.085294,-0.038344,0,0.52517,3.18121,0
-0.085294,-0.038344,0,0.52517,3.18121,0
-0.085295,-0.038344,0,0.52517,3.18121,0
-0.085295,-0.038344,0,0.52517,3.18121,0
-0.085295,-0.038344,0,0.52517,3.18121,0
-0.085295,-0.038344,0,0.52517,3.18121,0
-0.085433,-0.037932,0,0.499164,3.22781,0
-0.085355,-0.037565,0,0.481362,3.26499,0
-0.085354,-0.037555,0,0.481362,3.26534,0
-0.085693,-0.038363,0,0.483456,3.26726,0
-0.085973,-0.039303,0,0.487296,3.26446,0
-0.085974,-0.039315,0,0.487296,3.26446,0
-0.085409,-0.039027,0,0.469145,3.30094,0
-0.085407,-0.039014,0,0.469145,3.30094,0
-0.085532,-0.037831,0,0.469668,3.30164,0
-0.085532,-0.037821,0,0.469494,3.30164,0
-0.085533,-0.037824,0,0.469668,3.30164,0
-0.085533,-0.037823,0,0.469668,3.30164,0
-0.086002,-0.038276,0,0.450469,3.34684,0
-0.086012,-0.038286,0,0.450469,3.34702,0
-0.086191,-0.039431,0,0.434238,3.38751,0
-0.085785,-0.040649,0,0.430398,3.39676,0
-0.085784,-0.040661,0,0.430398,3.39676,0
-0.08599,-0.038548,0,0.440521,3.37512,0
-0.085991,-0.038544,0,0.440521,3.37512,0
-0.085991,-0.038544,0,0.440696,3.37512,0
-0.085991,-0.038545,0,0.440696,3.37512,0
-0.085991,-0.038545,0,0.440696,3.37512,0
-0.085991,-0.038545,0,0.440696,3.37512,0
-0.085991,-0.038545,0,0.440696,3.37512,0
-0.085991,-0.038545,0,0.440696,3.37512,0
-0.085991,-0.038545,0,0.440696,3.37512,0
-0.085991,-0.038545,0,0.440696,3.37512,0
-0.085991,-0.038545,0,0.440696,3.37512,0
-0.085991,-0.038545,0,0.440696,3.37512,0
-0.086273,-0.037875,0,0.421322,3.42311,0
-0.086275,-0.037865,0,0.421322,3.42329,0
-0.086275,-0.037868,0,0.421322,3.42346,0
-0.086275,-0.037867,0,0.421322,3.42346,0
-0.086275,-0.037867,0,0.421148,3.42346,0
-0.086275,-0.037867,0,0.421148,3.42346,0
-0.086275,-0.037867,0,0.421322,3.42346,0
-0.086275,-0.037867,0,0.421322,3.42346,0
-0.086275,-0.037867,0,0.421148,3.42346,0
-0.086275,-0.037867,0,0.421148,3.42346,0
-0.086275,-0.037867,0,0.421148,3.42346,0
-0.086275,-0.037867,0,0.421148,3.42346,0
-0.086275,-0.037867,0,0.421148,3.42346,0
-0.086275,-0.037867,0,0.421148,3.42346,0
-0.086275,-0.037867,0,0.421148,3.42346,0
-0.086275,-0.037867,0,0.421148,3.42346,0
-0.086275,-0.037867,0,0.421148,3.42346,0
-0.086275,-0.037867,0,0.421148,3.42346,0
-0.086237,-0.037782,0,0.408233,3.45628,0
-0.086232,-0.037752,0,0.407185,3.46134,0
-0.086276,-0.038357,0,0.391826,3.50846,0
-0.086276,-0.038378,0,0.391826,3.50846,0
-0.086325,-0.039718,0,0.380133,3.54023,0
-0.086325,-0.039729,0,0.380133,3.54023,0
-0.086098,-0.038442,0,0.386939,3.52295,0
-0.086098,-0.03843,0,0.386939,3.52295,0
-0.086604,-0.037078,0,0.393921,3.5034,0
-0.086605,-0.037068,0,0.393921,3.5034,0
-0.086606,-0.037064,0,0.393921,3.5034,0
-0.086606,-0.037067,0,0.393921,3.5034,0
-0.086523,-0.036986,0,0.391128,3.51213,0
-0.086508,-0.036969,0,0.392001,3.50864,0
-0.086341,-0.036765,0,0.378736,3.54825,0
-0.086232,-0.037096,0,0.363901,3.59206,0
-0.08623,-0.03711,0,0.363901,3.59259,0
-0.086309,-0.038508,0,0.355,3.61615,0
-0.086309,-0.038519,0,0.355,3.61615,0
-0.08631,-0.038519,0,0.355,3.61615,0
-0.08631,-0.038519,0,0.355,3.61615,0
-0.08631,-0.038519,0,0.355,3.61615,0
-0.086311,-0.038519,0,0.355,3.61615,0
-0.086311,-0.038518,0,0.355,3.61615,0
-0.086312,-0.038518,0,0.355,3.61615,0
-0.086312,-0.038518,0,0.355,3.61615,0
-0.086313,-0.038518,0,0.355,3.61615,0
-0.086313,-0.038518,0,0.355,3.61615,0
-0.086314,-0.038518,0,0.355,3.61615,0
-0.086314,-0.038518,0,0.355,3.61615,0
-0.086315,-0.038518,0,0.355,3.61615,0
-0.086315,-0.038518,0,0.355,3.61615,0
-0.086315,-0.038518,0,0.355,3.61615,0
-0.086315,-0.038518,0,0.355175,3.61615,0
-0.086315,-0.038518,0,0.355175,3.61615,0
-0.086069,-0.036537,0,0.346797,3.63692,0
-0.086069,-0.036525,0,0.346797,3.63692,0
-0.086069,-0.036528,0,0.346797,3.63692,0
-0.086069,-0.036528,0,0.346797,3.63692,0
-0.086069,-0.036528,0,0.346797,3.63692,0
-0.086069,-0.036528,0,0.346797,3.63692,0
-0.086653,-0.035673,0,0.346971,3.63238,0
-0.086657,-0.035662,0,0.346971,3.63238,0
-0.086657,-0.03566,0,0.346971,3.63238,0
-0.086657,-0.035661,0,0.346971,3.63238,0
-0.086686,-0.034644,0,0.332485,3.6727,0
-0.086686,-0.034633,0,0.332485,3.6727,0
-0.086686,-0.03463,0,0.332311,3.67287,0
-0.086686,-0.034632,0,0.332311,3.67287,0
-0.086686,-0.034632,0,0.332485,3.67287,0
-0.086686,-0.034632,0,0.332485,3.67287,0
-0.086686,-0.034632,0,0.332485,3.67287,0
-0.086686,-0.034632,0,0.332485,3.67287,0
-0.086686,-0.034632,0,0.332485,3.67287,0
-0.086686,-0.034632,0,0.332485,3.67287,0
-0.086686,-0.034632,0,0.332485,3.67287,0
-0.086686,-0.034632,0,0.332485,3.67287,0
-0.086686,-0.034632,0,0.332311,3.67287,0
-0.086686,-0.034632,0,0.332485,3.67287,0
-0.086686,-0.034632,0,0.332485,3.67287,0
-0.086686,-0.034632,0,0.332485,3.67287,0
-0.086686,-0.034632,0,0.332485,3.67287,0
-0.086686,-0.034632,0,0.332311,3.67287,0
-0.086686,-0.034632,0,0.332485,3.67287,0
-0.086686,-0.034632,0,0.332485,3.67287,0
-0.086686,-0.034632,0,0.332485,3.67287,0
-0.086686,-0.034632,0,0.332485,3.67287,0
-0.086686,-0.034632,0,0.33266,3.67287,0
-0.086686,-0.034632,0,0.332485,3.67287,0
-0.086686,-0.034632,0,0.33266,3.67287,0
-0.086686,-0.034632,0,0.33266,3.67287,0
-0.086686,-0.034632,0,0.332485,3.67287,0
-0.086686,-0.034632,0,0.332485,3.67287,0
-0.086465,-0.034001,0,0.300197,3.74129,0
-0.086463,-0.033988,0,0.300197,3.74129,0
-0.086463,-0.03399,0,0.300197,3.74164,0
-0.086463,-0.03399,0,0.300197,3.74164,0
-0.086463,-0.03399,0,0.300197,3.74164,0
-0.086463,-0.03399,0,0.300197,3.74164,0
-0.086463,-0.03399,0,0.300197,3.74164,0
-0.086783,-0.034632,0,0.283965,3.77235,0
-0.086784,-0.034643,0,0.283965,3.77235,0
-0.086785,-0.034641,0,0.283965,3.77253,0
-0.086785,-0.034642,0,0.283965,3.77253,0
-0.086785,-0.034642,0,0.283965,3.7727,0
-0.086785,-0.034642,0,0.283965,3.7727,0
-0.086785,-0.034642,0,0.283965,3.7727,0
-0.086785,-0.034642,0,0.283965,3.7727,0
-0.086785,-0.034642,0,0.283965,3.7727,0
-0.086714,-0.03444,0,0.260927,3.81616,0
-0.086712,-0.034436,0,0.260752,3.81704,0
-0.086713,-0.034437,0,0.260752,3.81704,0
-0.086713,-0.034437,0,0.260752,3.81669,0
-0.086713,-0.034437,0,0.260752,3.81669,0
-0.086713,-0.034437,0,0.260752,3.81669,0
-0.086713,-0.034437,0,0.260752,3.81669,0
-0.086713,-0.034437,0,0.260752,3.81669,0
-0.086233,-0.032746,0,0.223577,3.88423,0
-0.086233,-0.032735,0,0.223577,3.88423,0
-0.087488,-0.030305,0,0.217643,3.86765,0
-0.087489,-0.030286,0,0.217643,3.86765,0
-0.087508,-0.030014,0,0.00331613,3.79469,0
-0.087493,-0.03001,0,0.000174533,3.79435,0
-0.086596,-0.035331,0,-0.775101,3.59014,0
-0.083478,-0.036337,0,-0.857131,2.83092,0
-0.083445,-0.036337,0,-0.857131,2.83075,0
-0.084829,-0.038439,0,-0.692721,2.62323,0
-0.084835,-0.038471,0,-0.692721,2.62323,0
-0.084795,-0.04179,0,-0.668636,2.56511,0
-0.084795,-0.041804,0,-0.668636,2.56511,0
-0.085652,-0.039674,0,-0.67265,2.57314,0
-0.085654,-0.039645,0,-0.67265,2.57314,0
-0.086202,-0.039049,0,-0.704415,2.64435,0
-0.086221,-0.039031,0,-0.704415,2.64452,0
-0.085897,-0.039097,0,-0.726581,2.69496,0
-0.085895,-0.039118,0,-0.726406,2.69496,0
-0.085638,-0.038897,0,-0.752586,2.7482,0
-0.085623,-0.038882,0,-0.752935,2.74959,0
-0.085268,-0.036649,0,-0.785573,2.80544,0
-0.085268,-0.036619,0,-0.785747,2.80544,0
-0.085057,-0.040333,0,-0.717156,2.71765,0
-0.085057,-0.040363,0,-0.717156,2.71765,0
-0.084335,-0.042127,0,-0.684867,2.66669,0
-0.084334,-0.042139,0,-0.684867,2.66669,0
-0.084712,-0.041572,0,-0.669508,2.63999,0
-0.084715,-0.041562,0,-0.669508,2.63999,0
-0.084715,-0.041563,0,-0.669508,2.63981,0
-0.084715,-0.041563,0,-0.669508,2.63981,0
-0.084714,-0.041563,0,-0.669508,2.63981,0
-0.084714,-0.041563,0,-0.669508,2.63981,0
-0.084714,-0.041563,0,-0.669508,2.63981,0
-0.084714,-0.041563,0,-0.669508,2.63981,0
-0.084714,-0.041563,0,-0.669508,2.63981,0
-0.084714,-0.041563,0,-0.669508,2.63981,0
-0.084714,-0.041563,0,-0.669508,2.63981,0
-0.084714,-0.041563,0,-0.669508,2.63981,0
-0.084714,-0.041563,0,-0.669508,2.63981,0
-0.084714,-0.041563,0,-0.669508,2.63981,0
-0.084714,-0.041563,0,-0.669508,2.63981,0
-0.084714,-0.041563,0,-0.669508,2.63981,0
-0.084714,-0.041563,0,-0.669508,2.63981,0
-0.08484,-0.041654,0,-0.689231,2.67664,0
-0.08485,-0.04168,0,-0.689231,2.67751,0
-0.085011,-0.042246,0,-0.707033,2.71032,0
-0.085012,-0.04226,0,-0.707207,2.7105,0
-0.084959,-0.042325,0,-0.727453,2.7454,0
-0.084931,-0.042286,0,-0.727628,2.74558,0
-0.084827,-0.042194,0,-0.731991,2.75378,0
-0.08481,-0.042185,0,-0.73042,2.75046,0
-0.084427,-0.042131,0,-0.768294,2.81103,0
-0.084413,-0.042131,0,-0.768294,2.81155,0
-0.083682,-0.042092,0,-0.814022,2.87718,0
-0.083677,-0.042083,0,-0.814196,2.87735,0
-0.083678,-0.042086,0,-0.814196,2.87735,0
-0.083679,-0.042086,0,-0.814196,2.87752,0
-0.083678,-0.042086,0,-0.814196,2.87752,0
-0.083678,-0.042085,0,-0.814196,2.87752,0
-0.083678,-0.042085,0,-0.814196,2.87752,0
-0.083678,-0.042085,0,-0.814196,2.87752,0
-0.083678,-0.042085,0,-0.814196,2.87752,0
-0.083678,-0.042085,0,-0.814196,2.87752,0
-0.083678,-0.042085,0,-0.814196,2.87752,0
-0.08382,-0.043769,0,-0.798837,2.8592,0
-0.08382,-0.043785,0,-0.798837,2.8592,0
-0.083951,-0.043479,0,-0.763756,2.83092,0
-0.083951,-0.043464,0,-0.763756,2.83092,0
-0.083646,-0.043488,0,-0.731293,2.79061,0
-0.083629,-0.043492,0,-0.731118,2.79026,0
-0.083325,-0.043331,0,-0.707207,2.75797,0
-0.083324,-0.043313,0,-0.707207,2.75797,0
-0.083705,-0.043326,0,-0.681377,2.72167,0
-0.083717,-0.043326,0,-0.681202,2.72132,0
-0.084061,-0.043472,0,-0.659734,2.68903,0
-0.084073,-0.043473,0,-0.659734,2.68885,0
-0.084175,-0.042426,0,-0.681202,2.72341,0
-0.084175,-0.042406,0,-0.681202,2.72359,0
-0.084557,-0.043151,0,-0.727802,2.81888,0
-0.084561,-0.04317,0,-0.727802,2.81906,0
-0.08419,-0.041964,0,-0.780511,2.90877,0
-0.08419,-0.041952,0,-0.780337,2.90894,0
-0.08412,-0.041871,0,-0.819607,2.95502,0
-0.084092,-0.041861,0,-0.820654,2.95746,0
-0.083785,-0.040758,0,-0.867429,3.0079,0
-0.083616,-0.043279,0,-0.755379,2.94437,0
-0.083616,-0.043291,0,-0.755379,2.94437,0
-0.08291,-0.043271,0,-0.756949,2.94961,0
-0.082907,-0.043267,0,-0.756949,2.94978,0
-0.082909,-0.043268,0,-0.756949,2.94978,0
-0.08284,-0.044064,0,-0.712269,2.90789,0
-0.082839,-0.044068,0,-0.712269,2.90789,0
-0.082839,-0.044068,0,-0.712269,2.90789,0
-0.08284,-0.044066,0,-0.712269,2.90789,0
-0.08284,-0.044066,0,-0.712269,2.90789,0
-0.082841,-0.044067,0,-0.712269,2.90789,0
-0.082841,-0.044067,0,-0.712269,2.90789,0
-0.082842,-0.044067,0,-0.712269,2.90789,0
-0.082842,-0.044067,0,-0.712269,2.90789,0
-0.082842,-0.044067,0,-0.712094,2.90789,0
-0.082842,-0.044067,0,-0.712269,2.90789,0
-0.082842,-0.044067,0,-0.712094,2.90789,0
-0.082842,-0.044067,0,-0.712094,2.90789,0
-0.082842,-0.044067,0,-0.712094,2.90789,0
-0.082842,-0.044067,0,-0.712094,2.90789,0
-0.082685,-0.043048,0,-0.745256,2.94838,0
-0.082685,-0.043033,0,-0.745081,2.94838,0
-0.082824,-0.04527,0,-0.73618,2.93931,0
-0.082824,-0.045274,0,-0.73618,2.93931,0
-0.082824,-0.045274,0,-0.73618,2.93931,0
-0.082561,-0.044375,0,-0.760789,2.96706,0
-0.082561,-0.044361,0,-0.760964,2.96706,0
-0.08256,-0.044362,0,-0.760964,2.96723,0
-0.082561,-0.044362,0,-0.761138,2.96723,0
-0.082361,-0.044631,0,-0.779464,2.98748,0
-0.082352,-0.044646,0,-0.779464,2.98765,0
-0.082005,-0.043844,0,-0.816989,3.02518,0
-0.082003,-0.043829,0,-0.817163,3.02518,0
-0.08208,-0.043739,0,-0.819781,3.03042,0
-0.08209,-0.043727,0,-0.819083,3.0285,0
-0.082089,-0.043732,0,-0.819258,3.02884,0
-0.082089,-0.04373,0,-0.819258,3.02884,0
-0.082379,-0.04312,0,-0.87249,3.07632,0
-0.082382,-0.043109,0,-0.872665,3.07649,0
-0.082355,-0.044746,0,-0.834966,3.05049,0
-0.082355,-0.044759,0,-0.834966,3.05049,0
-0.08229,-0.044701,0,-0.826239,3.04281,0
-0.082283,-0.044697,0,-0.827984,3.04543,0
-0.0819,-0.044825,0,-0.81664,3.04595,0
-0.081884,-0.044826,0,-0.81664,3.04595,0
-0.081744,-0.047372,0,-0.768119,3.03216,0
-0.081744,-0.047388,0,-0.768119,3.03216,0
-0.081816,-0.045894,0,-0.745256,3.025,0
-0.081816,-0.04588,0,-0.745256,3.025,0
-0.081811,-0.044958,0,-0.751888,3.04193,0
-0.081811,-0.044942,0,-0.751888,3.04193,0
-0.081969,-0.044663,0,-0.772134,3.07143,0
-0.081975,-0.044648,0,-0.772483,3.0716,0
-0.082097,-0.043824,0,-0.843867,3.13356,0
-0.082098,-0.04381,0,-0.843867,3.13356,0
-0.081746,-0.042722,0,-0.876679,3.15835,0
-0.081241,-0.043535,0,-0.878773,3.16131,0
-0.081237,-0.043548,0,-0.878773,3.16131,0
-0.080876,-0.045616,0,-0.808611,3.14561,0
-0.080876,-0.045627,0,-0.808611,3.14561,0
-0.080876,-0.045625,0,-0.808437,3.14561,0
-0.080876,-0.045626,0,-0.808437,3.14561,0
-0.080434,-0.04372,0,-0.833744,3.16865,0
-0.080433,-0.043708,0,-0.833744,3.16865,0
-0.080502,-0.043634,0,-0.836885,3.17248,0
-0.080511,-0.043622,0,-0.836187,3.17126,0
-0.080509,-0.043625,0,-0.836187,3.17126,0
-0.080509,-0.043625,0,-0.836187,3.17126,0
-0.080574,-0.043694,0,-0.831824,3.16882,0
-0.080582,-0.043703,0,-0.833395,3.16934,0
-0.080675,-0.043768,0,-0.833569,3.17109,0
-0.080686,-0.043772,0,-0.83322,3.17091,0
-0.080684,-0.043769,0,-0.83322,3.17057,0
-0.080684,-0.043769,0,-0.83322,3.17074,0
-0.080685,-0.04377,0,-0.833046,3.17091,0
-0.080685,-0.04377,0,-0.833046,3.17091,0
-0.080685,-0.04377,0,-0.83322,3.17091,0
-0.080685,-0.04377,0,-0.83322,3.17091,0
-0.080685,-0.04377,0,-0.83322,3.17091,0
-0.080685,-0.04377,0,-0.83322,3.17091,0
-0.080685,-0.04377,0,-0.833569,3.17091,0
-0.080685,-0.04377,0,-0.833046,3.17091,0
-0.080948,-0.045099,0,-0.838805,3.18662,0
-0.080948,-0.045112,0,-0.83898,3.18662,0
-0.081642,-0.046069,0,-0.91176,3.23444,0
-0.08166,-0.046071,0,-0.91176,3.23444,0
-0.080688,-0.044652,0,-0.875806,3.22537,0
-0.080686,-0.044639,0,-0.875806,3.22537,0
-0.080614,-0.044794,0,-0.803375,3.19343,0
-0.080612,-0.04481,0,-0.801106,3.19238,0
-0.080575,-0.04602,0,-0.712618,3.16254,0
-0.080476,-0.047347,0,-0.659211,3.15189,0
-0.080476,-0.047362,0,-0.659211,3.15189,0
-0.080972,-0.046493,0,-0.675966,3.17336,0
-0.080976,-0.046479,0,-0.675966,3.17336,0
-0.081468,-0.045726,0,-0.678759,3.18261,0
-0.081347,-0.044417,0,-0.716458,3.21682,0
-0.081346,-0.044413,0,-0.716458,3.21682,0
-0.081346,-0.044414,0,-0.716458,3.21682,0
-0.081304,-0.045603,0,-0.681377,3.1957,0
-0.081304,-0.045614,0,-0.681551,3.1957,0
-0.080999,-0.046411,0,-0.65956,3.1847,0
-0.080997,-0.046422,0,-0.65956,3.1847,0
-0.080781,-0.044769,0,-0.665669,3.1964,0
-0.080781,-0.044754,0,-0.665843,3.1964,0
-0.081216,-0.045931,0,-0.617323,3.16306,0
-0.081217,-0.045933,0,-0.617323,3.16289,0
-0.081217,-0.045933,0,-0.617323,3.16289,0
-0.081217,-0.045932,0,-0.617323,3.16289,0
-0.081217,-0.045932,0,-0.617323,3.16289,0
-0.081217,-0.045933,0,-0.617323,3.16289,0
-0.081217,-0.045933,0,-0.617323,3.16289,0
-0.081217,-0.045933,0,-0.617148,3.16289,0
-0.081217,-0.045933,0,-0.617148,3.16289,0
-0.081069,-0.046665,0,-0.61296,3.17266,0
-0.081068,-0.046671,0,-0.61296,3.17266,0
-0.081068,-0.04667,0,-0.61296,3.17266,0
-0.080654,-0.048121,0,-0.567581,3.16411,0
-0.080653,-0.048136,0,-0.567581,3.16411,0
-0.081186,-0.046645,0,-0.538958,3.15329,0
-0.081186,-0.046632,0,-0.538958,3.15329,0
-0.081187,-0.046636,0,-0.538783,3.15329,0
-0.081187,-0.046635,0,-0.538783,3.15329,0
-0.081187,-0.046635,0,-0.538958,3.15329,0
-0.081187,-0.046635,0,-0.538958,3.15329,0
-0.081687,-0.045879,0,-0.562869,3.18051,0
-0.081691,-0.045867,0,-0.562869,3.18051,0
-0.081758,-0.045803,0,-0.570025,3.18854,0
-0.081765,-0.045791,0,-0.567756,3.18592,0
-0.081655,-0.046545,0,-0.572817,3.19465,0
-0.081655,-0.046558,0,-0.572817,3.19465,0
-0.08158,-0.047844,0,-0.58835,3.22048,0
-0.08158,-0.04786,0,-0.58835,3.22048,0
-0.080832,-0.048172,0,-0.52674,3.20442,0
-0.080814,-0.048173,0,-0.526566,3.20442,0
-0.080733,-0.048869,0,-0.461291,3.18296,0
-0.080843,-0.049333,0,-0.435809,3.18051,0
-0.080844,-0.049348,0,-0.435634,3.18051,0
-0.081623,-0.04845,0,-0.439998,3.19343,0
-0.081636,-0.048434,0,-0.439998,3.19343,0
-0.08224,-0.046549,0,-0.454484,3.2231,0
-0.08224,-0.046537,0,-0.454484,3.2231,0
-0.08197,-0.04675,0,-0.487296,3.25853,0
-0.081969,-0.046765,0,-0.487296,3.25853,0
-0.081877,-0.046761,0,-0.517839,3.28785,0
-0.081864,-0.046742,0,-0.519235,3.29012,0
-0.081679,-0.046929,0,-0.549953,3.31979,0
-0.081671,-0.046943,0,-0.550477,3.31997,0
-0.081328,-0.047379,0,-0.564963,3.33707,0
-0.081326,-0.047393,0,-0.564789,3.33707,0
-0.081105,-0.048018,0,-0.530231,3.32293,0
-0.0811,-0.048032,0,-0.530231,3.32276,0
-0.081103,-0.048004,0,-0.42778,3.28035,0
-0.081086,-0.048004,0,-0.425162,3.27965,0
-0.08077,-0.048116,0,-0.325329,3.2245,0
-0.080768,-0.048138,0,-0.325329,3.22432,0
-0.080764,-0.048962,0,-0.252898,3.17737,0
-0.080765,-0.048977,0,-0.252724,3.1772,0
-0.082227,-0.048001,0,-0.287979,3.22607,0
-0.082246,-0.047998,0,-0.287979,3.22607,0
-0.082734,-0.047869,0,-0.348542,3.30705,0
-0.082747,-0.047869,0,-0.348891,3.3074,0
-0.082423,-0.046964,0,-0.412945,3.38803,0
-0.082423,-0.046953,0,-0.412945,3.38803,0
-0.082423,-0.046953,0,-0.412945,3.38803,0
-0.082423,-0.046953,0,-0.412945,3.38803,0
-0.082423,-0.046953,0,-0.412945,3.38803,0
-0.082423,-0.046953,0,-0.412945,3.38803,0
-0.082423,-0.046953,0,-0.412945,3.38803,0
-0.082423,-0.046953,0,-0.412945,3.38803,0
-0.082423,-0.046953,0,-0.412945,3.38803,0
-0.082341,-0.046895,0,-0.410327,3.38611,0
-0.08233,-0.046887,0,-0.411025,3.38664,0
-0.082332,-0.046889,0,-0.410851,3.38699,0
-0.082331,-0.046889,0,-0.410851,3.38699,0
-0.082081,-0.04769,0,-0.370708,3.36063,0
-0.082079,-0.047704,0,-0.370708,3.36063,0
-0.081759,-0.04823,0,-0.339117,3.34161,0
-0.081752,-0.048247,0,-0.338768,3.34143,0
-0.081719,-0.048288,0,-0.326202,3.34021,0
-0.081,-0.049403,0,-0.255342,3.30705,0
-0.080996,-0.049414,0,-0.255342,3.30705,0
-0.080995,-0.049416,0,-0.255167,3.30688,0
-0.081376,-0.049365,0,-0.225846,3.28977,0
-0.081671,-0.049273,0,-0.19635,3.26987,0
-0.081684,-0.049272,0,-0.196175,3.26987,0
-0.08178,-0.049857,0,-0.163188,3.24474,0
-0.08178,-0.049871,0,-0.163188,3.24457,0
-0.081349,-0.050426,0,-0.143466,3.2313,0
-0.081341,-0.05044,0,-0.143466,3.2313,0
-0.082179,-0.049342,0,-0.160221,3.26551,0
-0.082703,-0.048567,0,-0.213803,3.34929,0
-0.082545,-0.047782,0,-0.253073,3.42137,0
-0.082295,-0.047639,0,-0.303338,3.47059,0
-0.082292,-0.047637,0,-0.303338,3.47129,0
-0.082293,-0.047637,0,-0.303338,3.47129,0
-0.082238,-0.046915,0,-0.33999,3.50672,0
-0.082306,-0.047116,0,-0.282918,3.47041,0
-0.081703,-0.04864,0,-0.188845,3.4383,0
-0.081702,-0.048655,0,-0.18867,3.4383,0
-0.081055,-0.049016,0,-0.13247,3.42294,0
-0.081039,-0.049019,0,-0.132296,3.42294,0
-0.081215,-0.049223,0,-0.104196,3.41317,0
-0.08133,-0.04916,0,-0.0598648,3.37948,0
-0.081347,-0.049153,0,-0.0568977,3.37739,0
-0.081047,-0.050082,0,-0.00872665,3.34667,0
-0.081046,-0.050095,0,-0.00872665,3.34649,0
-0.082063,-0.049754,0,-0.0472984,3.39693,0
-0.082073,-0.049735,0,-0.0472984,3.39693,0
-0.082578,-0.049101,0,-0.095295,3.46029,0
-0.08259,-0.049084,0,-0.0954695,3.46029,0
-0.082345,-0.04745,0,-0.154287,3.53569,0
-0.082345,-0.047435,0,-0.154287,3.53569,0
-0.081905,-0.04808,0,-0.106465,3.51352,0
-0.081898,-0.048095,0,-0.106291,3.51352,0
-0.081284,-0.049384,0,-0.0558505,3.49118,0
-0.081282,-0.049398,0,-0.0558505,3.49118,0
-0.080926,-0.050314,0,-0.0137881,3.47844,0
-0.080925,-0.050324,0,-0.0136136,3.47844,0
-0.081666,-0.049658,0,-0.015708,3.48822,0
-0.081678,-0.049651,0,-0.015708,3.48822,0
-0.081674,-0.049653,0,-0.015708,3.48822,0
-0.081676,-0.049653,0,-0.0155334,3.48822,0
-0.081676,-0.049653,0,-0.0155334,3.48822,0
-0.081673,-0.04972,0,-0.0144862,3.48822,0
-0.081674,-0.049725,0,-0.0144862,3.48822,0
-0.081675,-0.049723,0,-0.0146608,3.48839,0
-0.081675,-0.049723,0,-0.0144862,3.48839,0
-0.081676,-0.049724,0,-0.0144862,3.48839,0
-0.081676,-0.049724,0,-0.0144862,3.48839,0
-0.081676,-0.049724,0,-0.0144862,3.48839,0
-0.081676,-0.049724,0,-0.0144862,3.48839,0
-0.081677,-0.049724,0,-0.0144862,3.48839,0
-0.081677,-0.049724,0,-0.0144862,3.48839,0
-0.081677,-0.049724,0,-0.0144862,3.48839,0
-0.081677,-0.049724,0,-0.0144862,3.48839,0
-0.081702,-0.050592,0,-0.00628319,3.48839,0
-0.081702,-0.050605,0,-0.00628319,3.48839,0
-0.081305,-0.051203,0,-0.00191986,3.4924,0
-0.081297,-0.051221,0,-0.00191986,3.4924,0
-0.081286,-0.051231,0,0.00349066,3.50026,0
-0.081289,-0.051229,0,0.0020944,3.49747,0
-0.081289,-0.051229,0,0.00226893,3.49799,0
-0.081289,-0.051229,0,0.00226893,3.49799,0
-0.081289,-0.051229,0,0.00226893,3.49799,0
-0.081289,-0.051229,0,0.00226893,3.49799,0
-0.081264,-0.051256,0,-0.00645772,3.51195,0
-0.081261,-0.051258,0,-0.00680678,3.51335,0
-0.08126,-0.05126,0,0.00680678,3.5404,0
-0.08126,-0.05126,0,0.00296706,3.53883,0
-0.08126,-0.05126,0,0.00401426,3.55838,0
-0.08126,-0.05126,0,0.000523599,3.55768,0
-0.08126,-0.05126,0,-0.00296706,3.56326,0
-0.08126,-0.05126,0,-0.00226893,3.56134,0
-0.08126,-0.05126,0,-0.0020944,3.56117,0
-0.08126,-0.05126,0,-0.00226893,3.56152,0
-0.08126,-0.05126,0,-0.00226893,3.56169,0
-0.08126,-0.05126,0,-0.0020944,3.56169,0
-0.08126,-0.05126,0,-0.00890118,3.57182,0
-0.08126,-0.05126,0,-0.0101229,3.57478,0
-0.08126,-0.05126,0,-0.00942478,3.57339,0
-0.08126,-0.05126,0,0.000349066,3.60306,0
-0.08126,-0.05126,0,0.000523599,3.6055,0
-0.08126,-0.05126,0,0.020944,3.65053,0
-0.08126,-0.05126,0,0.0205949,3.65367,0
-0.08126,-0.05126,0,0.0150098,3.66955,0
-0.08126,-0.05126,0,0.0137881,3.67043,0
-0.08126,-0.05126,0,0.00436332,3.68701,0
-0.08126,-0.05126,0,0.00418879,3.68823,0
-0.08126,-0.05126,0,0.0205949,3.72261,0
-0.08126,-0.05126,0,0.0223402,3.72663,0
-0.08126,-0.05126,0,0.0204204,3.73151,0
-0.08126,-0.05126,0,0.0214675,3.7289,0
-0.08126,-0.05126,0,0.0762709,3.81005,0
-0.08126,-0.05126,0,0.076969,3.81232,0
-0.08126,-0.05126,0,0.0776672,3.81442,0
-0.08126,-0.05126,0,0.0773181,3.81354,0
-0.08126,-0.05126,0,0.0773181,3.81302,0
-0.08126,-0.05126,0,0.0773181,3.8132,0
-0.08126,-0.05126,0,0.0773181,3.81354,0
-0.08126,-0.050364,0,0.0521853,3.84304,0
-0.08126,-0.050348,0,0.0521853,3.84304,0
-0.081337,-0.049163,0,0.0321141,3.86887,0
-0.081337,-0.049149,0,0.0321141,3.86887,0
-0.081193,-0.04949,0,0.17017,3.81372,0
-0.081189,-0.049506,0,0.172264,3.81285,0
-0.080745,-0.049244,0,0.253247,3.78492,0
-0.080727,-0.049239,0,0.253771,3.78492,0
-0.080167,-0.0491,0,0.320093,3.75525,0
-0.080134,-0.049098,0,0.320268,3.7549,0
-0.080129,-0.049098,0,0.320442,3.7549,0
-0.080158,-0.050012,0,0.369486,3.72767,0
-0.080161,-0.050024,0,0.369486,3.72767,0
-0.080997,-0.049947,0,0.342259,3.75752,0
-0.081012,-0.049947,0,0.342259,3.75752,0
-0.081349,-0.050787,0,0.312414,3.79051,0
-0.081351,-0.050802,0,0.312239,3.79068,0
-0.081093,-0.050119,0,0.300546,3.81704,0
-0.08109,-0.050102,0,0.300371,3.81704,0
-0.081063,-0.048716,0,0.272271,3.86398,0
-0.081063,-0.0487,0,0.272271,3.86398,0
-0.081395,-0.048642,0,0.262498,3.88929,0
-0.081408,-0.048642,0,0.262498,3.88947,0
-0.081086,-0.049534,0,0.225147,3.92891,0
-0.081085,-0.049547,0,0.225147,3.92891,0
-0.080939,-0.049022,0,0.172089,3.97883,0
-0.080937,-0.04901,0,0.172089,3.97883,0
-0.080858,-0.048524,0,0.114319,4.02927,0
-0.08088,-0.048511,0,0.113795,4.02944,0
-0.081088,-0.04662,0,0.107861,4.0551,0
-0.081088,-0.046601,0,0.107861,4.0551,0
-0.079891,-0.049516,0,0.323933,4.04428,0
-0.079891,-0.049531,0,0.323933,4.04428,0
-0.079784,-0.049776,0,0.426558,4.00536,0
-0.079781,-0.049792,0,0.428827,4.00466,0
-0.079685,-0.049395,0,0.471413,3.99104,0
-0.079684,-0.049383,0,0.471413,3.99104,0
-0.079886,-0.049412,0,0.502306,3.98005,0
-0.080026,-0.049603,0,0.546288,3.94898,0
-0.080036,-0.04962,0,0.547335,3.94828,0
-0.080211,-0.049602,0,0.588874,3.91704,0
-0.080226,-0.049619,0,0.590619,3.91547,0
-0.080258,-0.050007,0,0.607026,3.90657,0
-0.080257,-0.050055,0,0.607026,3.90657,0
-0.08015,-0.050147,0,0.796917,4.12142,0
-0.080152,-0.05015,0,0.797092,4.11863,0
-0.080152,-0.05007,0,0.803026,4.11252,0
-0.080152,-0.050057,0,0.801455,4.11479,0
-0.080106,-0.049469,0,0.828682,4.09419,0
-0.080106,-0.049459,0,0.828857,4.09419,0
-0.080832,-0.047769,0,0.81472,4.11095,0
-0.080834,-0.047749,0,0.81472,4.11095,0
-0.082125,-0.042015,0,0.664621,4.39055,0
-0.082125,-0.041993,0,0.664621,4.39055,0
-0.080001,-0.044675,0,0.738798,4.35704,0
-0.079995,-0.044692,0,0.738798,4.35704,0
-0.079264,-0.046134,0,0.758869,4.36088,0
-0.079262,-0.046146,0,0.758869,4.36088,0
-0.079743,-0.045889,0,0.808786,4.31969,0
-0.07976,-0.045885,0,0.80896,4.31934,0
-0.080102,-0.045353,0,0.838107,4.2991,0
-0.080107,-0.045339,0,0.838107,4.2991,0
-0.080014,-0.04614,0,0.846136,4.29281,0
-0.079999,-0.046149,0,0.846136,4.29281,0
-0.079988,-0.046151,0,0.84631,4.29299,0
-0.079994,-0.04615,0,0.84631,4.29299,0
-0.079992,-0.04615,0,0.84631,4.29299,0
-0.079993,-0.04615,0,0.84631,4.29299,0
-0.079993,-0.04615,0,0.84631,4.29299,0
-0.079993,-0.04615,0,0.84631,4.29299,0
-0.079993,-0.04615,0,0.84631,4.29299,0
-0.079993,-0.04615,0,0.84631,4.29299,0
-0.079993,-0.04615,0,0.84631,4.29299,0
-0.079993,-0.04615,0,0.84631,4.29299,0
-0.079993,-0.04615,0,0.84631,4.29299,0
-0.079993,-0.04615,0,0.84631,4.29299,0
-0.079555,-0.04629,0,0.825192,4.32004,0
-0.07954,-0.046291,0,0.825192,4.32021,0
-0.07912,-0.046564,0,0.800233,4.35111,0
-0.079409,-0.046172,0,0.765676,4.3916,0
-0.079417,-0.046158,0,0.765327,4.39177,0
-0.079695,-0.045875,0,0.763582,4.40608,0
-0.079711,-0.045863,0,0.763582,4.40626,0
-0.079542,-0.046863,0,0.727104,4.4471,0
-0.079542,-0.046875,0,0.72693,4.4471,0
-0.079236,-0.046276,0,0.707382,4.48305,0
-0.079233,-0.046263,0,0.707556,4.48305,0
-0.079169,-0.045272,0,0.688707,4.50679,0
-0.079169,-0.045261,0,0.688881,4.50679,0
-0.079169,-0.04526,0,0.688881,4.50679,0
-0.079169,-0.045262,0,0.688707,4.50679,0
-0.079169,-0.045262,0,0.688707,4.50679,0
-0.079169,-0.045262,0,0.688707,4.50679,0
-0.079169,-0.045262,0,0.688881,4.50679,0
-0.079169,-0.045262,0,0.688881,4.50679,0
-0.079277,-0.045776,0,0.674221,4.52564,0
-0.079277,-0.045787,0,0.674221,4.52581,0
-0.079461,-0.044862,0,0.658164,4.54623,0
-0.079461,-0.044843,0,0.658164,4.54623,0
-0.078837,-0.046183,0,0.714363,4.53768,0
-0.078836,-0.046199,0,0.714363,4.53751,0
-0.0781,-0.046595,0,0.775973,4.52808,0
-0.078086,-0.0466,0,0.775973,4.52791,0
-0.078022,-0.046711,0,0.817861,4.50435,0
-0.078023,-0.046738,0,0.821352,4.50208,0
-0.078132,-0.046662,0,0.869523,4.47258,0
-0.078135,-0.046647,0,0.869698,4.47241,0
-0.078134,-0.046651,0,0.869698,4.47241,0
-0.078134,-0.04665,0,0.869698,4.47241,0
-0.077742,-0.047642,0,0.881391,4.47084,0
-0.077741,-0.047656,0,0.881391,4.47084,0
-0.078793,-0.045918,0,0.855211,4.52128,0
-0.078796,-0.045904,0,0.855211,4.52128,0
-0.079018,-0.044282,0,0.784525,4.615,0
-0.079018,-0.044267,0,0.784525,4.61517,0
-0.078336,-0.045408,0,0.797615,4.61046,0
-0.078331,-0.045424,0,0.797615,4.61046,0
-0.077646,-0.046144,0,0.791681,4.62442,0
-0.077238,-0.046587,0,0.800059,4.63106,0
-0.077227,-0.046598,0,0.800233,4.63106,0
-0.07723,-0.046595,0,0.800059,4.63123,0
-0.077488,-0.045769,0,0.825192,4.62861,0
-0.077489,-0.045766,0,0.825192,4.62861,0
-0.077489,-0.045766,0,0.825192,4.62861,0
-0.077488,-0.045768,0,0.825017,4.62861,0
-0.077488,-0.045768,0,0.825017,4.62861,0
-0.077869,-0.045392,0,0.86324,4.61151,0
-0.077874,-0.045378,0,0.86324,4.61133,0
-0.077749,-0.045576,0,0.827112,4.65026,0
-0.077743,-0.045592,0,0.825192,4.65183,0
-0.077672,-0.045604,0,0.789238,4.68795,0
-0.077758,-0.044855,0,0.761662,4.71902,0
-0.077759,-0.044844,0,0.761487,4.71902,0
-0.077759,-0.044847,0,0.761836,4.7192,0
-0.077759,-0.044847,0,0.761662,4.7192,0
-0.077516,-0.045614,0,0.777544,4.71937,0
-0.077514,-0.045625,0,0.777544,4.71937,0
-0.077515,-0.045622,0,0.777544,4.71954,0
-0.077515,-0.045623,0,0.777544,4.71954,0
-0.077514,-0.045624,0,0.777544,4.71954,0
-0.077515,-0.045623,0,0.777544,4.71954,0
-0.077184,-0.045651,0,0.761836,4.74223,0
-0.077168,-0.045651,0,0.761662,4.74223,0
-0.076713,-0.04596,0,0.738972,4.76998,0
-0.076701,-0.045964,0,0.738972,4.76998,0
-0.076695,-0.045967,0,0.738798,4.77016,0
-0.076592,-0.044699,0,0.791507,4.75951,0
-0.076592,-0.044683,0,0.791507,4.75951,0
-0.0768,-0.044896,0,0.854513,4.73263,0
-0.076807,-0.044911,0,0.855037,4.73246,0
-0.07678,-0.04571,0,0.904604,4.70925,0
-0.075931,-0.046728,0,0.903033,4.72408,0
-0.075922,-0.046742,0,0.903033,4.72408,0
-0.07641,-0.045863,0,0.889245,4.77313,0
-0.076414,-0.045846,0,0.889245,4.7733,0
-0.077065,-0.045227,0,0.887151,4.80576,0
