-0.091012,-0.060487,0,-7.05235,-0.820305,0
-0.091011,-0.060487,0,-7.05235,-0.820305,0
-0.091012,-0.060487,0,-7.05235,-0.820305,0
-0.091011,-0.060487,0,-7.05235,-0.820305,0
-0.091012,-0.060487,0,-7.05218,-0.820305,0
-0.091067,-0.060466,0,-7.1295,-0.68382,0
-0.091021,-0.060466,0,-7.12967,-0.68382,0
-0.095106,-0.060513,0,-7.08656,-0.479616,0
-0.095152,-0.060513,0,-7.08673,-0.479616,0
-0.095196,-0.060513,0,-7.08429,-0.476824,0
-0.095171,-0.060513,0,-7.08482,-0.477522,0
-0.095175,-0.060513,0,-7.08464,-0.476824,0
-0.095171,-0.060513,0,-7.08499,-0.477522,0
-0.095196,-0.060512,0,-7.09249,-0.477173,0
-0.095186,-0.060512,0,-7.0911,-0.477522,0
-0.09519,-0.060512,0,-7.09127,-0.477173,0
-0.095186,-0.060512,0,-7.09127,-0.477697,0
-0.09519,-0.060512,0,-7.09145,-0.476998,0
-0.095181,-0.060519,0,-7.08516,-0.478395,0
-0.09519,-0.060513,0,-7.09127,-0.477173,0
-0.096616,-0.060543,0,-7.15218,-0.468795,0
-0.095683,-0.060621,0,-6.95845,-0.526042,0
-0.096206,-0.060471,0,-6.87852,-0.484678,0
-0.09625,-0.06047,0,-6.87834,-0.484503,0
-0.09625,-0.06047,0,-6.87817,-0.484503,0
-0.0972,-0.060733,0,-6.82668,-0.455007,0
-0.097211,-0.060733,0,-6.82651,-0.455007,0
-0.09721,-0.060733,0,-6.82633,-0.455007,0
-0.09721,-0.060733,0,-6.82651,-0.455007,0
-0.09711,-0.060516,0,-6.88689,-0.436158,0
-0.09711,-0.060515,0,-6.88689,-0.436158,0
-0.09711,-0.060515,0,-6.88689,-0.435983,0
-0.09711,-0.060515,0,-6.88689,-0.435983,0
-0.097111,-0.060515,0,-6.88707,-0.435983,0
-0.097111,-0.060515,0,-6.88707,-0.435983,0
-0.097111,-0.060515,0,-6.88707,-0.435983,0
-0.097111,-0.060515,0,-6.88707,-0.435983,0
-0.097111,-0.060515,0,-6.88689,-0.435983,0
-0.097111,-0.060515,0,-6.88707,-0.435983,0
-0.097111,-0.060515,0,-6.88689,-0.435983,0
-0.097111,-0.060515,0,-6.88689,-0.435983,0
-0.097355,-0.060731,0,-6.8375,-0.408407,0
-0.09736,-0.060735,0,-6.8375,-0.408233,0
-0.097359,-0.060734,0,-6.8375,-0.408233,0
-0.096794,-0.060052,0,-6.92983,-0.39235,0
-0.096794,-0.060039,0,-6.93,-0.39235,0
-0.09688,-0.059937,0,-6.92215,-0.384322,0
-0.096892,-0.059923,0,-6.92477,-0.387812,0
-0.097483,-0.059299,0,-6.96421,-0.417657,0
-0.097458,-0.058532,0,-7.02966,-0.467225,0
-0.097458,-0.05852,0,-7.02966,-0.467225,0
-0.097766,-0.058059,0,-6.98463,-0.437903,0
-0.097767,-0.058044,0,-6.98463,-0.437554,0
-0.097767,-0.058049,0,-6.98428,-0.437554,0
-0.097767,-0.058048,0,-6.98463,-0.437554,0
-0.097767,-0.058049,0,-6.98446,-0.437554,0
-0.097767,-0.058049,0,-6.98446,-0.437554,0
-0.097768,-0.057837,0,-6.94449,-0.408756,0
-0.097768,-0.057825,0,-6.94414,-0.408582,0
-0.097769,-0.057828,0,-6.94414,-0.408233,0
-0.097769,-0.057828,0,-6.94414,-0.408233,0
-0.097982,-0.056188,0,-6.93803,-0.406662,0
-0.097982,-0.056185,0,-6.93821,-0.406487,0
-0.097982,-0.056187,0,-6.93821,-0.406487,0
-0.097982,-0.056187,0,-6.93821,-0.406487,0
-0.097982,-0.056186,0,-6.93821,-0.406487,0
-0.097982,-0.056186,0,-6.93821,-0.406487,0
-0.097933,-0.056284,0,-6.89039,-0.366694,0
-0.097847,-0.056221,0,-6.85408,-0.331962,0
-0.097823,-0.056202,0,-6.85164,-0.331263,0
-0.097797,-0.055552,0,-6.80818,-0.294088,0
-0.097797,-0.055541,0,-6.80818,-0.294088,0
-0.098005,-0.055396,0,-6.84431,-0.330042,0
-0.098156,-0.055457,0,-6.89318,-0.378038,0
-0.09817,-0.05546,0,-6.89423,-0.380133,0
-0.097997,-0.055227,0,-6.95025,-0.436681,0
-0.097989,-0.055217,0,-6.95042,-0.43703,0
-0.098308,-0.054478,0,-6.91901,-0.407534,0
-0.098311,-0.054468,0,-6.91901,-0.407534,0
-0.098113,-0.054019,0,-6.84309,-0.327947,0
-0.097996,-0.054044,0,-6.7923,-0.268257,0
-0.097995,-0.054046,0,-6.79073,-0.267384,0
-0.097996,-0.054045,0,-6.79108,-0.267559,0
-0.097996,-0.054045,0,-6.7909,-0.267559,0
-0.097997,-0.054045,0,-6.7909,-0.267559,0
-0.097997,-0.054045,0,-6.79108,-0.267559,0
-0.097998,-0.054045,0,-6.79125,-0.267559,0
-0.097998,-0.054045,0,-6.79125,-0.267559,0
-0.097999,-0.054045,0,-6.79108,-0.267559,0
-0.097999,-0.054045,0,-6.79125,-0.267559,0
-0.098118,-0.053727,0,-6.74099,-0.213977,0
-0.098121,-0.053715,0,-6.74064,-0.213454,0
-0.098121,-0.053716,0,-6.74081,-0.213105,0
-0.098121,-0.053716,0,-6.74081,-0.213105,0
-0.098333,-0.053368,0,-6.77589,-0.25412,0
-0.098338,-0.053355,0,-6.77624,-0.254469,0
-0.098339,-0.053355,0,-6.77607,-0.254993,0
-0.098338,-0.053355,0,-6.77624,-0.254993,0
-0.098414,-0.052341,0,-6.81115,-0.297928,0
-0.098414,-0.05233,0,-6.81097,-0.297928,0
-0.098451,-0.052801,0,-6.77083,-0.247488,0
-0.098452,-0.052817,0,-6.77083,-0.246964,0
-0.098479,-0.052736,0,-6.72406,-0.183958,0
-0.098394,-0.052746,0,-6.67292,-0.116413,0
-0.098223,-0.053993,0,-6.597,-0.0230383,0
-0.098339,-0.054142,0,-6.74325,-0.191637,0
-0.09808,-0.054252,0,-6.87956,-0.348019,0
-0.098062,-0.054255,0,-6.88079,-0.348717,0
-0.098067,-0.054255,0,-6.88026,-0.348717,0
-0.098068,-0.054254,0,-6.88044,-0.348193,0
-0.098067,-0.054254,0,-6.88044,-0.348193,0
-0.098067,-0.054254,0,-6.88026,-0.348193,0
-0.098116,-0.053348,0,-6.85094,-0.317824,0
-0.098116,-0.053332,0,-6.85094,-0.317824,0
-0.098568,-0.051692,0,-6.76367,-0.217119,0
-0.098665,-0.051253,0,-6.67012,-0.090059,0
-0.098665,-0.051243,0,-6.66995,-0.0891863,0
-0.0988,-0.049996,0,-6.70137,-0.135787,0
-0.098801,-0.049991,0,-6.70137,-0.135787,0
-0.098801,-0.049992,0,-6.70137,-0.135787,0
-0.098622,-0.04993,0,-6.66803,-0.0830777,0
-0.098485,-0.050115,0,-6.63155,-0.0277507,0
-0.098479,-0.050127,0,-6.63138,-0.0263545,0
-0.098479,-0.050127,0,-6.6312,-0.0261799,0
-0.098479,-0.050127,0,-6.63138,-0.0263545,0
-0.098479,-0.050127,0,-6.63138,-0.026529,0
-0.098479,-0.050127,0,-6.63138,-0.026529,0
-0.098292,-0.050991,0,-6.59682,0.0261799,0
-0.098292,-0.051001,0,-6.59682,0.0261799,0
-0.098291,-0.051002,0,-6.59682,0.0263545,0
-0.098375,-0.051216,0,-6.63103,-0.0242601,0
-0.098378,-0.05123,0,-6.6319,-0.0244346,0
-0.098377,-0.051227,0,-6.63155,-0.0247837,0
-0.098377,-0.051227,0,-6.63173,-0.0247837,0
-0.098377,-0.051228,0,-6.63173,-0.0247837,0
-0.098377,-0.051228,0,-6.6319,-0.0247837,0
-0.098349,-0.051285,0,-6.6593,-0.0699877,0
-0.098346,-0.051295,0,-6.66175,-0.0712094,0
-0.09834,-0.050591,0,-6.71585,-0.14748,0
-0.09834,-0.050578,0,-6.71603,-0.147829,0
-0.09834,-0.050582,0,-6.71603,-0.147829,0
-0.09834,-0.050581,0,-6.71585,-0.147829,0
-0.09834,-0.050582,0,-6.71585,-0.147829,0
-0.09834,-0.050582,0,-6.71585,-0.147829,0
-0.09834,-0.050583,0,-6.71585,-0.147829,0
-0.09834,-0.050583,0,-6.71585,-0.147829,0
-0.09834,-0.050584,0,-6.71585,-0.147829,0
-0.09834,-0.050584,0,-6.71585,-0.147829,0
-0.09834,-0.050585,0,-6.71603,-0.147829,0
-0.09834,-0.050585,0,-6.71585,-0.147829,0
-0.09834,-0.050585,0,-6.71585,-0.147829,0
-0.09834,-0.050585,0,-6.71585,-0.147829,0
-0.098431,-0.049636,0,-6.68932,-0.109258,0
-0.098431,-0.049623,0,-6.68932,-0.109258,0
-0.098715,-0.049382,0,-6.56261,0.0925025,0
-0.098796,-0.049331,0,-6.50798,0.189368,0
-0.098803,-0.049328,0,-6.50659,0.190066,0
-0.098801,-0.049329,0,-6.50711,0.189892,0
-0.098802,-0.049329,0,-6.50711,0.189543,0
-0.098802,-0.049329,0,-6.50694,0.189543,0
-0.098803,-0.049329,0,-6.50711,0.189543,0
-0.098804,-0.049329,0,-6.50694,0.189543,0
-0.098804,-0.049329,0,-6.50694,0.189543,0
-0.098804,-0.049329,0,-6.50694,0.189543,0
-0.098804,-0.049329,0,-6.50694,0.189543,0
-0.098804,-0.049329,0,-6.50694,0.189543,0
-0.098804,-0.049329,0,-6.50711,0.189543,0
-0.098804,-0.049329,0,-6.50694,0.189543,0
-0.098804,-0.049329,0,-6.50711,0.189543,0
-0.098804,-0.049329,0,-6.50729,0.189543,0
-0.098804,-0.049329,0,-6.50729,0.189543,0
-0.098804,-0.049329,0,-6.50729,0.189543,0
-0.098804,-0.049329,0,-6.50729,0.189543,0
-0.098804,-0.049329,0,-6.50746,0.189543,0
-0.098804,-0.049329,0,-6.50746,0.189543,0
-0.09879,-0.0484,0,-6.46749,0.255167,0
-0.09879,-0.048388,0,-6.46749,0.255342,0
-0.098741,-0.047701,0,-6.53434,0.13439,0
-0.09874,-0.047688,0,-6.53451,0.133867,0
-0.098741,-0.04769,0,-6.53451,0.133692,0
-0.098741,-0.04769,0,-6.53451,0.133692,0
-0.098741,-0.047689,0,-6.53451,0.133692,0
-0.098741,-0.047689,0,-6.53451,0.133692,0
-0.098742,-0.047689,0,-6.53451,0.133692,0
-0.098742,-0.047689,0,-6.53469,0.133692,0
-0.098597,-0.048579,0,-6.50571,0.189543,0
-0.098117,-0.050918,0,-6.46679,0.257611,0
-0.098117,-0.050932,0,-6.46679,0.257611,0
-0.098144,-0.050763,0,-6.51531,0.189019,0
-0.098144,-0.050751,0,-6.51601,0.187623,0
-0.098144,-0.050753,0,-6.51584,0.187972,0
-0.098144,-0.050752,0,-6.51584,0.187972,0
-0.098144,-0.050752,0,-6.51584,0.187972,0
-0.098144,-0.050752,0,-6.51584,0.187972,0
-0.098144,-0.050752,0,-6.51584,0.187972,0
-0.098144,-0.050752,0,-6.51584,0.187972,0
-0.098144,-0.050752,0,-6.51584,0.187972,0
-0.098144,-0.050752,0,-6.51584,0.187972,0
-0.098144,-0.050752,0,-6.51584,0.187972,0
-0.098144,-0.050752,0,-6.51601,0.187972,0
-0.098144,-0.050752,0,-6.51584,0.187972,0
-0.098144,-0.050752,0,-6.51584,0.187972,0
-0.098144,-0.050752,0,-6.51584,0.187972,0
-0.098144,-0.050752,0,-6.51584,0.187972,0
-0.098144,-0.050752,0,-6.51566,0.187972,0
-0.098144,-0.050752,0,-6.51584,0.187972,0
-0.098144,-0.050752,0,-6.51549,0.187972,0
-0.098144,-0.050752,0,-6.51566,0.187972,0
-0.098144,-0.050752,0,-6.51566,0.187972,0
-0.098144,-0.050752,0,-6.51566,0.187972,0
-0.098144,-0.050752,0,-6.51566,0.187972,0
-0.098144,-0.050752,0,-6.51566,0.187972,0
-0.098144,-0.050752,0,-6.51566,0.187972,0
-0.098144,-0.050752,0,-6.51549,0.187972,0
-0.098144,-0.050752,0,-6.51566,0.187972,0
-0.098144,-0.050752,0,-6.51566,0.187972,0
-0.098051,-0.051214,0,-6.48023,0.236667,0
-0.097431,-0.052225,0,-6.40239,0.338943,0
-0.097427,-0.052236,0,-6.40222,0.339117,0
-0.097427,-0.052236,0,-6.40222,0.339292,0
-0.097427,-0.052236,0,-6.40222,0.339292,0
-0.097427,-0.052236,0,-6.40204,0.339292,0
-0.097427,-0.052236,0,-6.40204,0.339292,0
-0.097427,-0.052236,0,-6.40204,0.339292,0
-0.097427,-0.052236,0,-6.40204,0.339292,0
-0.097427,-0.052236,0,-6.40204,0.339292,0
-0.097427,-0.052236,0,-6.40204,0.339292,0
-0.097427,-0.052236,0,-6.40222,0.339292,0
-0.097427,-0.052236,0,-6.40222,0.339292,0
-0.097427,-0.052236,0,-6.40222,0.339292,0
-0.097427,-0.052236,0,-6.40222,0.339292,0
-0.097427,-0.052236,0,-6.40222,0.339292,0
-0.097427,-0.052236,0,-6.40222,0.339292,0
-0.097427,-0.052236,0,-6.40222,0.339292,0
-0.097427,-0.052236,0,-6.40222,0.339292,0
-0.097427,-0.052236,0,-6.40222,0.339292,0
-0.097427,-0.052236,0,-6.40222,0.339292,0
-0.097427,-0.052236,0,-6.40222,0.339292,0
-0.097427,-0.052236,0,-6.40222,0.339292,0
-0.097427,-0.052236,0,-6.40222,0.339292,0
-0.097427,-0.052236,0,-6.40222,0.339292,0
-0.097427,-0.052236,0,-6.40222,0.339292,0
-0.097427,-0.052236,0,-6.40222,0.339292,0
-0.097427,-0.052236,0,-6.40222,0.339292,0
-0.097427,-0.052236,0,-6.40222,0.339292,0
-0.097427,-0.052236,0,-6.40222,0.339292,0
-0.097427,-0.052236,0,-6.40222,0.339292,0
-0.097427,-0.052236,0,-6.40222,0.339292,0
-0.097427,-0.052236,0,-6.40222,0.339292,0
-0.097427,-0.052236,0,-6.40222,0.339292,0
-0.097745,-0.05163,0,-6.36836,0.376293,0
-0.097748,-0.051619,0,-6.36836,0.376468,0
-0.098134,-0.050665,0,-6.34689,0.401426,0
-0.098134,-0.050655,0,-6.34672,0.401426,0
-0.098136,-0.050656,0,-6.34672,0.401426,0
-0.098136,-0.050656,0,-6.34689,0.401426,0
-0.098136,-0.050656,0,-6.34672,0.4016,0
-0.097994,-0.050621,0,-6.30657,0.46164,0
-0.097992,-0.05062,0,-6.3064,0.463036,0
-0.097992,-0.05062,0,-6.30622,0.463036,0
-0.097993,-0.05062,0,-6.3064,0.462163,0
-0.097994,-0.05062,0,-6.30657,0.462338,0
-0.097994,-0.05062,0,-6.30622,0.462338,0
-0.097995,-0.05062,0,-6.3064,0.462338,0
-0.097729,-0.050567,0,-6.26713,0.515919,0
-0.097711,-0.050566,0,-6.26695,0.516094,0
-0.097715,-0.050566,0,-6.26695,0.516094,0
-0.097717,-0.050567,0,-6.26713,0.516094,0
-0.097716,-0.050567,0,-6.26713,0.516094,0
-0.097716,-0.050567,0,-6.26713,0.516094,0
-0.097717,-0.050568,0,-6.26713,0.516094,0
-0.097717,-0.050568,0,-6.26713,0.516094,0
-0.097512,-0.050906,0,-6.23013,0.565312,0
-0.097507,-0.050918,0,-6.22995,0.565487,0
-0.097506,-0.050917,0,-6.22978,0.565661,0
-0.097507,-0.050917,0,-6.23013,0.565661,0
-0.097507,-0.050917,0,-6.22995,0.565661,0
-0.097507,-0.050917,0,-6.22995,0.565661,0
-0.097507,-0.050917,0,-6.23013,0.565661,0
-0.097507,-0.050917,0,-6.22995,0.565661,0
-0.097305,-0.051355,0,-6.19278,0.611389,0
-0.097303,-0.051358,0,-6.19278,0.611738,0
-0.097303,-0.051357,0,-6.19278,0.611738,0
-0.097304,-0.051357,0,-6.19278,0.611738,0
-0.097304,-0.051357,0,-6.19278,0.611738,0
-0.097304,-0.051357,0,-6.19295,0.611738,0
-0.097304,-0.051357,0,-6.19278,0.611738,0
-0.097184,-0.052876,0,-6.15525,0.655895,0
-0.097184,-0.052889,0,-6.15525,0.655895,0
-0.097012,-0.052744,0,-6.26887,0.533896,0
-0.097012,-0.052727,0,-6.26905,0.533722,0
-0.096917,-0.053233,0,-6.33747,0.458847,0
-0.096916,-0.053243,0,-6.33747,0.458673,0
-0.096917,-0.053244,0,-6.33747,0.457974,0
-0.096917,-0.053244,0,-6.33747,0.457974,0
-0.096917,-0.053243,0,-6.33764,0.458498,0
-0.096917,-0.053243,0,-6.33747,0.458498,0
-0.096895,-0.053673,0,-6.27114,0.522726,0
-0.096804,-0.054272,0,-6.18981,0.598997,0
-0.096803,-0.054284,0,-6.18946,0.599346,0
-0.096803,-0.054285,0,-6.18946,0.599695,0
-0.096804,-0.054284,0,-6.18964,0.599695,0
-0.096894,-0.053567,0,-6.2406,0.549255,0
-0.096894,-0.053556,0,-6.24042,0.549255,0
-0.096895,-0.053559,0,-6.24042,0.549081,0
-0.096895,-0.053557,0,-6.24042,0.548906,0
-0.096895,-0.053558,0,-6.24042,0.548906,0
-0.096895,-0.053558,0,-6.24042,0.548732,0
-0.096895,-0.053558,0,-6.24042,0.548732,0
-0.096895,-0.053558,0,-6.24042,0.548732,0
-0.096895,-0.053558,0,-6.24042,0.548732,0
-0.096895,-0.053558,0,-6.24042,0.548732,0
-0.096895,-0.053558,0,-6.24042,0.548732,0
-0.096895,-0.053558,0,-6.24042,0.548732,0
-0.096895,-0.053558,0,-6.24042,0.548732,0
-0.096895,-0.053558,0,-6.24042,0.548732,0
-0.096895,-0.053558,0,-6.24042,0.548732,0
-0.096895,-0.053558,0,-6.24042,0.548732,0
-0.096895,-0.053558,0,-6.24042,0.548732,0
-0.096895,-0.053558,0,-6.24042,0.548732,0
-0.096895,-0.053558,0,-6.24042,0.548732,0
-0.096503,-0.053662,0,-6.18615,0.599695,0
-0.09642,-0.053734,0,-6.146,0.633729,0
-0.09634,-0.054461,0,-6.08649,0.687136,0
-0.09634,-0.054472,0,-6.08649,0.687136,0
-0.096043,-0.055261,0,-6.10691,0.665494,0
-0.096041,-0.055272,0,-6.10691,0.665494,0
-0.096041,-0.055271,0,-6.10708,0.66532,0
-0.096041,-0.055271,0,-6.10708,0.66532,0
-0.096041,-0.055272,0,-6.10708,0.66532,0
-0.096041,-0.055272,0,-6.10708,0.66532,0
-0.096041,-0.055272,0,-6.10708,0.66532,0
-0.096041,-0.055272,0,-6.10708,0.66532,0
-0.096041,-0.055272,0,-6.10691,0.66532,0
-0.096041,-0.055272,0,-6.10708,0.66532,0
-0.096041,-0.055272,0,-6.10691,0.66532,0
-0.096041,-0.055272,0,-6.10691,0.66532,0
-0.096041,-0.055272,0,-6.10691,0.66532,0
-0.096041,-0.055272,0,-6.10691,0.66532,0
-0.096041,-0.055272,0,-6.10691,0.66532,0
-0.096041,-0.055272,0,-6.10691,0.66532,0
-0.096041,-0.055272,0,-6.10691,0.66532,0
-0.096041,-0.055272,0,-6.10691,0.66532,0
-0.096041,-0.055272,0,-6.10691,0.66532,0
-0.096041,-0.055272,0,-6.10691,0.66532,0
-0.096041,-0.055272,0,-6.10691,0.66532,0
-0.096041,-0.055272,0,-6.10691,0.66532,0
-0.095685,-0.056554,0,-6.07497,0.687834,0
-0.095684,-0.056557,0,-6.07497,0.687834,0
-0.095684,-0.056556,0,-6.07497,0.687834,0
-0.095684,-0.056556,0,-6.07497,0.687834,0
-0.095684,-0.056556,0,-6.07497,0.687834,0
-0.095684,-0.056556,0,-6.07497,0.687834,0
-0.095684,-0.056556,0,-6.07497,0.687834,0
-0.095684,-0.056556,0,-6.07497,0.687834,0
-0.095684,-0.056556,0,-6.07497,0.687834,0
-0.095684,-0.056556,0,-6.07497,0.687834,0
-0.095684,-0.056556,0,-6.07497,0.687834,0
-0.095346,-0.057329,0,-6.02418,0.720297,0
-0.095344,-0.057331,0,-6.024,0.720472,0
-0.095344,-0.057331,0,-6.024,0.720472,0
-0.095345,-0.05733,0,-6.024,0.720472,0
-0.095345,-0.05733,0,-6.024,0.720472,0
-0.095344,-0.05733,0,-6.024,0.720646,0
-0.095344,-0.05733,0,-6.024,0.720646,0
-0.095344,-0.05733,0,-6.024,0.720646,0
-0.095344,-0.05733,0,-6.024,0.720646,0
-0.095344,-0.05733,0,-6.024,0.720646,0
-0.095344,-0.05733,0,-6.024,0.720646,0
-0.095344,-0.05733,0,-6.024,0.720646,0
-0.095344,-0.05733,0,-6.02418,0.720646,0
-0.095344,-0.05733,0,-6.024,0.720646,0
-0.095132,-0.058172,0,-5.98578,0.741939,0
-0.095131,-0.058176,0,-5.98578,0.741939,0
-0.095131,-0.058176,0,-5.98578,0.741939,0
-0.095131,-0.058175,0,-5.98578,0.741939,0
-0.095131,-0.058175,0,-5.98578,0.741939,0
-0.095131,-0.058175,0,-5.98578,0.741939,0
-0.095131,-0.058175,0,-5.98578,0.741939,0
-0.095131,-0.058175,0,-5.98578,0.741939,0
-0.095131,-0.058175,0,-5.98578,0.741939,0
-0.095131,-0.058175,0,-5.98578,0.741939,0
-0.095131,-0.058175,0,-5.98561,0.741939,0
-0.095131,-0.058175,0,-5.98578,0.741939,0
-0.095131,-0.058175,0,-5.98578,0.741939,0
-0.094934,-0.059112,0,-5.94546,0.762185,0
-0.094933,-0.059122,0,-5.94546,0.762185,0
-0.094933,-0.059124,0,-5.94564,0.762185,0
-0.094933,-0.059123,0,-5.94546,0.762185,0
-0.094933,-0.059123,0,-5.94546,0.762185,0
-0.095121,-0.058979,0,-5.98404,0.733213,0
-0.095132,-0.058974,0,-5.98438,0.733038,0
-0.095132,-0.058976,0,-5.98438,0.732864,0
-0.095132,-0.058976,0,-5.98456,0.732864,0
-0.095132,-0.058976,0,-5.98456,0.732864,0
-0.095132,-0.058975,0,-5.98456,0.732864,0
-0.095132,-0.058975,0,-5.98473,0.732864,0
-0.095132,-0.058975,0,-5.98456,0.732864,0
-0.095132,-0.058975,0,-5.98456,0.732864,0
-0.095132,-0.058975,0,-5.98456,0.732864,0
-0.095132,-0.058975,0,-5.98456,0.732864,0
-0.095132,-0.058975,0,-5.98438,0.732864,0
-0.095132,-0.058975,0,-5.98438,0.732864,0
-0.095132,-0.058975,0,-5.98438,0.732864,0
-0.095132,-0.058975,0,-5.98421,0.732864,0
-0.094584,-0.059538,0,-5.92853,0.760614,0
-0.094571,-0.059548,0,-5.92819,0.760789,0
-0.094354,-0.059911,0,-5.88054,0.782257,0
-0.094349,-0.059923,0,-5.88019,0.782431,0
-0.094349,-0.059922,0,-5.88019,0.782606,0
-0.094349,-0.059922,0,-5.88036,0.782606,0
-0.094349,-0.059923,0,-5.88019,0.782606,0
-0.094349,-0.059923,0,-5.88036,0.782606,0
-0.094315,-0.060867,0,-5.84284,0.79779,0
-0.094315,-0.06088,0,-5.84284,0.79779,0
-0.094315,-0.060876,0,-5.84284,0.797965,0
-0.094315,-0.060877,0,-5.84284,0.797965,0
-0.094315,-0.060877,0,-5.84284,0.797965,0
-0.094315,-0.060877,0,-5.84284,0.797965,0
-0.094315,-0.060877,0,-5.84284,0.797965,0
-0.094315,-0.060877,0,-5.84284,0.797965,0
-0.094315,-0.060877,0,-5.84284,0.797965,0
-0.094315,-0.060877,0,-5.84284,0.797965,0
-0.094315,-0.060877,0,-5.84266,0.797965,0
-0.094315,-0.060877,0,-5.84284,0.797965,0
-0.094315,-0.060877,0,-5.84284,0.797965,0
-0.094315,-0.060877,0,-5.84284,0.797965,0
-0.093396,-0.060687,0,-5.77721,0.828682,0
-0.093376,-0.060687,0,-5.77704,0.828682,0
-0.093247,-0.060649,0,-5.72259,0.823272,0
-0.093228,-0.060644,0,-5.71944,0.823097,0
-0.093319,-0.060657,0,-5.68419,0.826239,0
-0.093332,-0.060656,0,-5.68244,0.826588,0
-0.093342,-0.060648,0,-5.65295,0.828159,0
-0.093342,-0.060648,0,-5.6512,0.828159,0
-0.093343,-0.060648,0,-5.65173,0.828333,0
-0.093343,-0.060648,0,-5.65138,0.828333,0
-0.093009,-0.06067,0,-5.60565,0.838805,0
-0.092996,-0.06067,0,-5.6053,0.83898,0
-0.093039,-0.060683,0,-5.62397,0.822748,0
-0.093064,-0.060685,0,-5.62677,0.818036,0
-0.093076,-0.060625,0,-5.64422,0.795172,0
-0.092845,-0.060684,0,-5.65993,0.777195,0
-0.092745,-0.060412,0,-5.68855,0.748048,0
-0.092744,-0.060396,0,-5.6889,0.747874,0
-0.092744,-0.060411,0,-5.68855,0.747874,0
-0.091966,-0.060636,0,-5.64579,0.748921,0
-0.091919,-0.060637,0,-5.64562,0.748921,0
-0.091693,-0.060696,0,-5.56236,0.707207,0
-0.091904,-0.060639,0,-5.64439,0.748048,0
-0.092825,-0.060653,0,-5.61036,0.760265,0
-0.09287,-0.060656,0,-5.61106,0.761313,0
-0.09297,-0.060687,0,-5.58977,0.76777,0
-0.092991,-0.060688,0,-5.58942,0.76777,0
-0.093467,-0.060486,0,-5.54596,0.782257,0
-0.093476,-0.060484,0,-5.54561,0.782431,0
-0.093478,-0.060484,0,-5.54578,0.782606,0
-0.093477,-0.060484,0,-5.54561,0.782606,0
-0.093477,-0.060484,0,-5.54578,0.782606,0
-0.093477,-0.060484,0,-5.54578,0.782606,0
-0.093477,-0.060484,0,-5.54578,0.782606,0
-0.093477,-0.060484,0,-5.54578,0.782606,0
-0.093477,-0.060484,0,-5.54578,0.782606,0
-0.093477,-0.060484,0,-5.54561,0.782606,0
-0.093477,-0.060484,0,-5.54578,0.782606,0
-0.094074,-0.060568,0,-5.51646,0.797092,0
-0.094085,-0.060568,0,-5.51629,0.797092,0
-0.094087,-0.060568,0,-5.51629,0.797266,0
-0.094086,-0.060568,0,-5.51629,0.797266,0
-0.094086,-0.060568,0,-5.51594,0.797266,0
-0.094086,-0.060568,0,-5.51629,0.797266,0
-0.094086,-0.060568,0,-5.51611,0.797266,0
-0.094086,-0.060568,0,-5.51611,0.797266,0
-0.094086,-0.060568,0,-5.51629,0.797266,0
-0.094086,-0.060568,0,-5.51629,0.797266,0
-0.094086,-0.060568,0,-5.51611,0.797266,0
-0.094086,-0.060568,0,-5.51611,0.797266,0
-0.093772,-0.058124,0,-5.48592,0.812625,0
-0.093772,-0.058111,0,-5.48592,0.812625,0
-0.094099,-0.058107,0,-5.44979,0.835664,0
-0.09411,-0.058107,0,-5.44962,0.835664,0
-0.09411,-0.058106,0,-5.44962,0.836013,0
-0.09411,-0.058106,0,-5.44962,0.836013,0
-0.094573,-0.057544,0,-5.39603,0.871443,0
-0.094584,-0.057532,0,-5.39586,0.871443,0
-0.09469,-0.056526,0,-5.42413,0.850673,0
-0.09469,-0.056516,0,-5.42413,0.850673,0
-0.094691,-0.056517,0,-5.42413,0.850673,0
-0.094691,-0.056517,0,-5.42431,0.850673,0
-0.094692,-0.056517,0,-5.42431,0.850673,0
-0.094692,-0.056517,0,-5.42431,0.850673,0
-0.094693,-0.056517,0,-5.42448,0.850673,0
-0.094693,-0.056517,0,-5.42448,0.850673,0
-0.094694,-0.056517,0,-5.42431,0.850673,0
-0.094694,-0.056517,0,-5.42431,0.850673,0
-0.094695,-0.056517,0,-5.42431,0.850673,0
-0.094695,-0.056517,0,-5.42431,0.850673,0
-0.094696,-0.056517,0,-5.42431,0.850673,0
-0.094696,-0.056517,0,-5.42431,0.850673,0
-0.094696,-0.056517,0,-5.42431,0.850673,0
-0.094696,-0.056517,0,-5.42431,0.850673,0
-0.094696,-0.056517,0,-5.42413,0.850673,0
-0.094696,-0.056517,0,-5.42413,0.850673,0
-0.094696,-0.056517,0,-5.42431,0.850673,0
-0.094696,-0.056517,0,-5.42413,0.850673,0
-0.094696,-0.056517,0,-5.42413,0.850673,0
-0.094696,-0.056517,0,-5.42396,0.850673,0
-0.094696,-0.056517,0,-5.42413,0.850673,0
-0.094696,-0.056517,0,-5.42396,0.850673,0
-0.094696,-0.056517,0,-5.42396,0.850673,0
-0.095049,-0.054939,0,-5.37806,0.88558,0
-0.094982,-0.054624,0,-5.3325,0.925548,0
-0.094981,-0.054612,0,-5.33198,0.925723,0
-0.094981,-0.054611,0,-5.33216,0.926595,0
-0.094981,-0.054611,0,-5.33216,0.926421,0
-0.094981,-0.054612,0,-5.33198,0.926072,0
-0.094981,-0.054612,0,-5.33198,0.926072,0
-0.095079,-0.053718,0,-5.28538,0.968309,0
-0.095079,-0.053708,0,-5.28538,0.968309,0
-0.09508,-0.053707,0,-5.28521,0.968483,0
-0.09508,-0.053708,0,-5.28521,0.968483,0
-0.09508,-0.053708,0,-5.28521,0.968483,0
-0.095081,-0.053708,0,-5.28538,0.968483,0
-0.095081,-0.053708,0,-5.28503,0.968483,0
-0.095082,-0.053708,0,-5.28521,0.968483,0
-0.095082,-0.053708,0,-5.28521,0.968483,0
-0.095083,-0.053708,0,-5.28503,0.968483,0
-0.095083,-0.053708,0,-5.28503,0.968483,0
-0.095382,-0.05232,0,-5.27438,0.978955,0
-0.095382,-0.052308,0,-5.27438,0.978955,0
-0.095131,-0.053065,0,-5.24349,1.01281,0
-0.09513,-0.053076,0,-5.24349,1.01281,0
-0.095128,-0.053086,0,-5.24349,1.01281,0
-0.095129,-0.053083,0,-5.24349,1.01299,0
-0.095129,-0.053082,0,-5.24349,1.01299,0
-0.095129,-0.053083,0,-5.24349,1.01299,0
-0.095129,-0.053083,0,-5.24349,1.01299,0
-0.095129,-0.053083,0,-5.24349,1.01299,0
-0.095129,-0.053084,0,-5.24349,1.01299,0
-0.095129,-0.053084,0,-5.24349,1.01299,0
-0.095154,-0.053058,0,-5.21068,1.04493,0
-0.095155,-0.053057,0,-5.21051,1.0465,0
-0.095155,-0.053057,0,-5.21033,1.04615,0
-0.095155,-0.053057,0,-5.21051,1.04545,0
-0.095155,-0.053057,0,-5.21051,1.0458,0
-0.095155,-0.053057,0,-5.21051,1.04615,0
-0.095155,-0.053057,0,-5.21051,1.04615,0
-0.095155,-0.053057,0,-5.21051,1.04615,0
-0.094974,-0.053274,0,-5.17298,1.08367,0
-0.094789,-0.052487,0,-5.12516,1.13167,0
-0.095108,-0.051175,0,-5.13511,1.1212,0
-0.095422,-0.050659,0,-5.19846,1.0451,0
-0.095424,-0.050656,0,-5.19846,1.04493,0
-0.095424,-0.050656,0,-5.19864,1.04493,0
-0.095424,-0.050657,0,-5.19864,1.04475,0
-0.095424,-0.050657,0,-5.19864,1.04475,0
-0.095424,-0.050657,0,-5.19864,1.04475,0
-0.095424,-0.050657,0,-5.19864,1.04475,0
-0.095424,-0.050657,0,-5.19864,1.04458,0
-0.095424,-0.050657,0,-5.19864,1.04458,0
-0.095353,-0.05073,0,-5.19323,1.05296,0
-0.09535,-0.050731,0,-5.19515,1.04982,0
-0.095351,-0.05073,0,-5.19497,1.05051,0
-0.095351,-0.05073,0,-5.19497,1.05051,0
-0.09535,-0.050731,0,-5.19497,1.05034,0
-0.09535,-0.050731,0,-5.19515,1.05034,0
-0.09535,-0.050731,0,-5.19515,1.05034,0
-0.095732,-0.049538,0,-5.14541,1.11282,0
-0.095733,-0.049527,0,-5.14541,1.11282,0
-0.095681,-0.049404,0,-5.10823,1.16239,0
-0.095676,-0.049396,0,-5.10736,1.16466,0
-0.095681,-0.049302,0,-5.10195,1.176,0
-0.09568,-0.04929,0,-5.10247,1.17321,0
-0.09568,-0.049293,0,-5.10247,1.17286,0
-0.09568,-0.049293,0,-5.10247,1.17286,0
-0.09568,-0.049292,0,-5.10247,1.17304,0
-0.09568,-0.049292,0,-5.10247,1.17304,0
-0.09568,-0.049293,0,-5.10247,1.17321,0
-0.09568,-0.049293,0,-5.10247,1.17321,0
-0.09568,-0.049294,0,-5.1023,1.17321,0
-0.09568,-0.049294,0,-5.10247,1.17321,0
-0.09568,-0.049294,0,-5.10247,1.17304,0
-0.09568,-0.049295,0,-5.10247,1.17304,0
-0.09568,-0.049295,0,-5.10247,1.17304,0
-0.09568,-0.049295,0,-5.10247,1.17286,0
-0.09568,-0.049295,0,-5.10247,1.17286,0
-0.09568,-0.049295,0,-5.10247,1.17286,0
-0.095719,-0.049119,0,-5.07297,1.21353,0
-0.095721,-0.049114,0,-5.0728,1.21527,0
-0.095721,-0.049115,0,-5.07315,1.2151,0
-0.095721,-0.049115,0,-5.07297,1.21492,0
-0.095721,-0.049115,0,-5.07315,1.21492,0
-0.095842,-0.048389,0,-5.03964,1.26397,0
-0.095843,-0.048387,0,-5.03964,1.26414,0
-0.095843,-0.048387,0,-5.03964,1.26414,0
-0.095843,-0.048388,0,-5.03946,1.26414,0
-0.095843,-0.048388,0,-5.03946,1.26432,0
-0.095843,-0.048388,0,-5.03964,1.26432,0
-0.095843,-0.048388,0,-5.03946,1.26432,0
-0.095843,-0.048388,0,-5.03964,1.26432,0
-0.095843,-0.048388,0,-5.03964,1.26432,0
-0.095843,-0.048388,0,-5.03946,1.26432,0
-0.095843,-0.048388,0,-5.03946,1.26432,0
-0.095843,-0.048388,0,-5.03964,1.26432,0
-0.095843,-0.048388,0,-5.03964,1.26432,0
-0.095843,-0.048388,0,-5.03964,1.26432,0
-0.095843,-0.048388,0,-5.03964,1.26432,0
-0.095843,-0.048388,0,-5.03964,1.26432,0
-0.095843,-0.048388,0,-5.03964,1.26432,0
-0.095843,-0.048388,0,-5.03946,1.26432,0
-0.095843,-0.048388,0,-5.03964,1.26432,0
-0.095843,-0.048388,0,-5.03946,1.26432,0
-0.095843,-0.048388,0,-5.03964,1.26432,0
-0.095843,-0.048388,0,-5.03929,1.26432,0
-0.095843,-0.048388,0,-5.03946,1.26432,0
-0.095843,-0.048388,0,-5.03946,1.26432,0
-0.095843,-0.048388,0,-5.03964,1.26432,0
-0.095843,-0.048388,0,-5.03981,1.26432,0
-0.095843,-0.048388,0,-5.03964,1.26432,0
-0.095878,-0.04722,0,-4.99723,1.33081,0
-0.095878,-0.04721,0,-4.99705,1.33081,0
-0.095878,-0.047213,0,-4.99723,1.33099,0
-0.095878,-0.047212,0,-4.99723,1.33099,0
-0.095878,-0.047212,0,-4.99723,1.33099,0
-0.095878,-0.047212,0,-4.99723,1.33099,0
-0.095878,-0.047212,0,-4.99723,1.33099,0
-0.095878,-0.047212,0,-4.99723,1.33099,0
-0.095878,-0.047212,0,-4.99723,1.33099,0
-0.095878,-0.047212,0,-4.99723,1.33099,0
-0.095878,-0.047212,0,-4.9974,1.33099,0
-0.095878,-0.047212,0,-4.99723,1.33099,0
-0.095878,-0.047212,0,-4.9974,1.33099,0
-0.096059,-0.045919,0,-4.97611,1.36799,0
-0.096059,-0.045907,0,-4.97611,1.36816,0
-0.09606,-0.045905,0,-4.97611,1.36816,0
-0.09606,-0.045907,0,-4.97593,1.36816,0
-0.09606,-0.045907,0,-4.97611,1.36816,0
-0.09606,-0.045907,0,-4.97611,1.36816,0
-0.09606,-0.045907,0,-4.97576,1.36816,0
-0.09606,-0.045907,0,-4.97611,1.36816,0
-0.09606,-0.045907,0,-4.97593,1.36816,0
-0.09606,-0.045907,0,-4.97593,1.36816,0
-0.095986,-0.045314,0,-4.94609,1.42646,0
-0.095985,-0.045304,0,-4.94626,1.42663,0
-0.095985,-0.045304,0,-4.94609,1.42698,0
-0.095985,-0.045304,0,-4.94591,1.42698,0
-0.095985,-0.045304,0,-4.94591,1.42698,0
-0.095985,-0.045304,0,-4.94591,1.42698,0
-0.095985,-0.045304,0,-4.94591,1.42698,0
-0.095985,-0.045304,0,-4.94591,1.42698,0
-0.095985,-0.045304,0,-4.94591,1.42681,0
-0.095985,-0.045304,0,-4.94591,1.42681,0
-0.095985,-0.045304,0,-4.94591,1.42681,0
-0.095985,-0.045304,0,-4.94591,1.42681,0
-0.095985,-0.045304,0,-4.94591,1.42681,0
-0.095985,-0.045304,0,-4.94591,1.42663,0
-0.095998,-0.045256,0,-4.92165,1.47009,0
-0.095998,-0.045255,0,-4.92078,1.47428,0
-0.095998,-0.045254,0,-4.92078,1.47411,0
-0.095998,-0.045254,0,-4.92078,1.47411,0
-0.095998,-0.045255,0,-4.92061,1.47411,0
-0.095998,-0.045255,0,-4.92061,1.47411,0
-0.095998,-0.045254,0,-4.92026,1.47411,0
-0.095998,-0.045254,0,-4.92026,1.47411,0
-0.095998,-0.045254,0,-4.91991,1.47411,0
-0.095998,-0.045254,0,-4.92008,1.47411,0
-0.095998,-0.045254,0,-4.92008,1.47411,0
-0.095998,-0.045254,0,-4.91991,1.47411,0
-0.095998,-0.045254,0,-4.92008,1.47411,0
-0.095998,-0.045254,0,-4.91991,1.47411,0
-0.095998,-0.045254,0,-4.92008,1.47411,0
-0.095998,-0.045254,0,-4.91991,1.47411,0
-0.095929,-0.044925,0,-4.87924,1.55683,0
-0.095928,-0.044914,0,-4.87889,1.55771,0
-0.095928,-0.044915,0,-4.87872,1.55788,0
-0.095928,-0.044915,0,-4.87889,1.55788,0
-0.095928,-0.044915,0,-4.87872,1.55771,0
-0.095928,-0.044915,0,-4.87854,1.55771,0
-0.095928,-0.044915,0,-4.87854,1.55771,0
-0.095928,-0.044915,0,-4.87837,1.55771,0
-0.095928,-0.044915,0,-4.87837,1.55771,0
-0.095928,-0.044915,0,-4.87837,1.55771,0
-0.095928,-0.044915,0,-4.8782,1.55771,0
-0.095928,-0.044915,0,-4.8782,1.55771,0
-0.095928,-0.044915,0,-4.8782,1.55771,0
-0.095928,-0.044915,0,-4.8782,1.55771,0
-0.095928,-0.044915,0,-4.8782,1.55771,0
-0.095928,-0.044915,0,-4.8782,1.55771,0
-0.095928,-0.044915,0,-4.8782,1.55771,0
-0.095928,-0.044915,0,-4.8782,1.55771,0
-0.095928,-0.044915,0,-4.8782,1.55771,0
-0.095928,-0.044915,0,-4.8782,1.55771,0
-0.095928,-0.044915,0,-4.8782,1.55771,0
-0.095928,-0.044915,0,-4.8782,1.55771,0
-0.095928,-0.044915,0,-4.8782,1.55771,0
-0.095928,-0.044915,0,-4.8782,1.55771,0
-0.095928,-0.044915,0,-4.8782,1.55771,0
-0.095928,-0.044915,0,-4.8782,1.55771,0
-0.095928,-0.044915,0,-4.8782,1.55771,0
-0.095928,-0.044915,0,-4.8782,1.55771,0
-0.095928,-0.044915,0,-4.8782,1.55771,0
-0.095928,-0.044915,0,-4.8782,1.55771,0
-0.095928,-0.044915,0,-4.8782,1.55771,0
-0.095956,-0.044094,0,-4.8398,1.63904,0
-0.095956,-0.044083,0,-4.83962,1.63921,0
-0.095956,-0.044082,0,-4.83962,1.63956,0
-0.095956,-0.044083,0,-4.83962,1.63956,0
-0.095956,-0.044083,0,-4.83962,1.63956,0
-0.095956,-0.044083,0,-4.83962,1.63956,0
-0.095956,-0.044083,0,-4.83962,1.63956,0
-0.095956,-0.044083,0,-4.83962,1.63956,0
-0.095956,-0.044083,0,-4.83962,1.63956,0
-0.095956,-0.044083,0,-4.83962,1.63956,0
-0.095956,-0.044083,0,-4.83945,1.63956,0
-0.095956,-0.044083,0,-4.83962,1.63956,0
-0.095956,-0.044083,0,-4.83945,1.63956,0
-0.095956,-0.044083,0,-4.83945,1.63956,0
-0.095956,-0.044083,0,-4.83945,1.63956,0
-0.095956,-0.044083,0,-4.83945,1.63956,0
-0.095956,-0.044083,0,-4.83962,1.63956,0
-0.095956,-0.044083,0,-4.83945,1.63956,0
-0.095956,-0.044083,0,-4.83962,1.63956,0
-0.095956,-0.044083,0,-4.83962,1.63956,0
-0.095956,-0.044083,0,-4.83962,1.63956,0
-0.095956,-0.044083,0,-4.83945,1.63956,0
-0.095956,-0.044083,0,-4.83945,1.63956,0
-0.095956,-0.044083,0,-4.83945,1.63956,0
-0.095956,-0.044083,0,-4.83927,1.63956,0
-0.095956,-0.044083,0,-4.83945,1.63956,0
-0.095956,-0.044083,0,-4.83945,1.63956,0
-0.095956,-0.044083,0,-4.83945,1.63956,0
-0.095782,-0.04478,0,-4.81013,1.70588,0
-0.09578,-0.044792,0,-4.81013,1.70623,0
-0.095781,-0.04479,0,-4.81013,1.70623,0
-0.095781,-0.04479,0,-4.80995,1.70623,0
-0.09578,-0.044791,0,-4.81013,1.70623,0
-0.095781,-0.044791,0,-4.80995,1.70641,0
-0.095781,-0.044791,0,-4.81013,1.70641,0
-0.095781,-0.044791,0,-4.80995,1.70641,0
-0.095781,-0.044791,0,-4.80995,1.70641,0
-0.095781,-0.044791,0,-4.80995,1.70641,0
-0.095781,-0.044791,0,-4.80995,1.70641,0
-0.095781,-0.044791,0,-4.80995,1.70641,0
-0.095781,-0.044791,0,-4.80995,1.70641,0
-0.095612,-0.04492,0,-4.77365,1.77901,0
-0.095449,-0.045099,0,-4.73735,1.84987,0
-0.09544,-0.045109,0,-4.73682,1.85179,0
-0.095564,-0.044569,0,-4.76911,1.78809,0
-0.095566,-0.044557,0,-4.76929,1.78792,0
-0.095778,-0.043725,0,-4.80611,1.71025,0
-0.09578,-0.043711,0,-4.80611,1.71007,0
-0.09578,-0.043715,0,-4.80611,1.71007,0
-0.09578,-0.043716,0,-4.80594,1.71007,0
-0.09578,-0.043715,0,-4.80611,1.71007,0
-0.09578,-0.043715,0,-4.80576,1.71007,0
-0.09578,-0.043715,0,-4.80594,1.71007,0
-0.09578,-0.043715,0,-4.80576,1.71007,0
-0.09578,-0.043715,0,-4.80576,1.71007,0
-0.09578,-0.043715,0,-4.80576,1.71007,0
-0.09578,-0.043715,0,-4.80559,1.71007,0
-0.09578,-0.043715,0,-4.80594,1.71007,0
-0.09578,-0.043715,0,-4.80576,1.71007,0
-0.09578,-0.043715,0,-4.80576,1.71007,0
-0.09578,-0.043715,0,-4.80559,1.71007,0
-0.09578,-0.043715,0,-4.80576,1.71007,0
-0.095703,-0.043938,0,-4.77382,1.78181,0
-0.095701,-0.043952,0,-4.7733,1.7832,0
-0.095602,-0.044341,0,-4.74223,1.85162,0
-0.095599,-0.044354,0,-4.74206,1.85214,0
-0.095518,-0.044464,0,-4.73944,1.8593,0
-0.095517,-0.044469,0,-4.73979,1.85738,0
-0.095518,-0.044467,0,-4.73979,1.85755,0
-0.095518,-0.044467,0,-4.73979,1.85755,0
-0.095517,-0.044468,0,-4.73979,1.85755,0
-0.095517,-0.044468,0,-4.73997,1.85755,0
-0.095517,-0.044468,0,-4.73979,1.85755,0
-0.095517,-0.044468,0,-4.73997,1.85755,0
-0.095115,-0.045517,0,-4.70087,1.93993,0
-0.095114,-0.045529,0,-4.70087,1.94011,0
-0.095298,-0.044579,0,-4.75986,1.8319,0
-0.095299,-0.044566,0,-4.75986,1.83172,0
-0.095568,-0.043583,0,-4.78569,1.77901,0
-0.095569,-0.04357,0,-4.78534,1.77901,0
-0.09543,-0.044267,0,-4.74066,1.88112,0
-0.09543,-0.04428,0,-4.74066,1.88129,0
-0.095191,-0.045364,0,-4.70244,1.96158,0
-0.09519,-0.045378,0,-4.70244,1.96158,0
-0.095238,-0.045165,0,-4.73752,1.89752,0
-0.095206,-0.04493,0,-4.77225,1.83207,0
-0.095205,-0.044919,0,-4.77278,1.83085,0
-0.095205,-0.044921,0,-4.7726,1.83085,0
-0.095205,-0.044921,0,-4.7726,1.83085,0
-0.095205,-0.04492,0,-4.7726,1.83102,0
-0.095205,-0.04492,0,-4.7726,1.83102,0
-0.095205,-0.04492,0,-4.7726,1.83102,0
-0.095205,-0.04492,0,-4.7726,1.83102,0
-0.095205,-0.04492,0,-4.7726,1.83102,0
-0.095205,-0.04492,0,-4.7726,1.83102,0
-0.095205,-0.04492,0,-4.7726,1.83102,0
-0.095205,-0.04492,0,-4.77243,1.83102,0
-0.095205,-0.04492,0,-4.7726,1.83102,0
-0.095205,-0.04492,0,-4.77278,1.83102,0
-0.095205,-0.04492,0,-4.7726,1.83102,0
-0.095205,-0.04492,0,-4.77278,1.83102,0
-0.095205,-0.04492,0,-4.77278,1.83102,0
-0.095205,-0.04492,0,-4.77278,1.83102,0
-0.095205,-0.04492,0,-4.77278,1.83102,0
-0.095205,-0.04492,0,-4.7726,1.83102,0
-0.095205,-0.04492,0,-4.77278,1.83102,0
-0.095205,-0.04492,0,-4.7726,1.83102,0
-0.095205,-0.04492,0,-4.77278,1.83102,0
-0.095205,-0.04492,0,-4.77278,1.83102,0
-0.095205,-0.04492,0,-4.77278,1.83102,0
-0.095205,-0.04492,0,-4.7726,1.83102,0
-0.095205,-0.04492,0,-4.77278,1.83102,0
-0.095205,-0.04492,0,-4.7726,1.83102,0
-0.095205,-0.04492,0,-4.77278,1.83102,0
-0.095205,-0.04492,0,-4.7726,1.83102,0
-0.095205,-0.04492,0,-4.77243,1.83102,0
-0.095205,-0.04492,0,-4.7726,1.83102,0
-0.095205,-0.04492,0,-4.77243,1.83102,0
-0.094831,-0.045297,0,-4.72548,1.92265,0
-0.094817,-0.04531,0,-4.7253,1.92318,0
-0.094583,-0.045846,0,-4.68115,2.00364,0
-0.094581,-0.045858,0,-4.6808,2.00381,0
-0.094582,-0.045858,0,-4.6808,2.00451,0
-0.094582,-0.045858,0,-4.6808,2.00434,0
-0.094583,-0.045858,0,-4.68097,2.00381,0
-0.094583,-0.045858,0,-4.6808,2.00381,0
-0.094584,-0.045858,0,-4.68097,2.00416,0
-0.094584,-0.045858,0,-4.68097,2.00416,0
-0.094491,-0.046572,0,-4.6431,2.06822,0
-0.09449,-0.046583,0,-4.6431,2.06839,0
-0.09449,-0.04658,0,-4.6431,2.06856,0
-0.09449,-0.046581,0,-4.64292,2.06856,0
-0.09449,-0.046581,0,-4.64292,2.06856,0
-0.09449,-0.046581,0,-4.64292,2.06856,0
-0.09449,-0.046581,0,-4.64292,2.06856,0
-0.09449,-0.046581,0,-4.64292,2.06856,0
-0.09449,-0.046581,0,-4.64275,2.06856,0
-0.09449,-0.046581,0,-4.64292,2.06856,0
-0.09449,-0.046581,0,-4.64292,2.06856,0
-0.09449,-0.046581,0,-4.64292,2.06856,0
-0.09449,-0.046581,0,-4.6431,2.06856,0
-0.09449,-0.046581,0,-4.64292,2.06856,0
-0.09449,-0.046581,0,-4.6431,2.06856,0
-0.09449,-0.046581,0,-4.6431,2.06856,0
-0.09449,-0.046581,0,-4.6431,2.06856,0
-0.09449,-0.046581,0,-4.6431,2.06856,0
-0.09449,-0.046581,0,-4.64292,2.06856,0
-0.09449,-0.046581,0,-4.6431,2.06856,0
-0.09449,-0.046581,0,-4.64292,2.06856,0
-0.09449,-0.046581,0,-4.6431,2.06856,0
-0.09449,-0.046581,0,-4.64292,2.06856,0
-0.09449,-0.046581,0,-4.6431,2.06856,0
-0.09449,-0.046581,0,-4.6431,2.06856,0
-0.09449,-0.046581,0,-4.64292,2.06856,0
-0.09449,-0.046581,0,-4.64292,2.06856,0
-0.09449,-0.046581,0,-4.6431,2.06856,0
-0.09449,-0.046581,0,-4.6431,2.06856,0
-0.094132,-0.047531,0,-4.59493,2.14431,0
-0.094131,-0.04754,0,-4.59493,2.14431,0
-0.09413,-0.047541,0,-4.59475,2.14466,0
-0.09413,-0.047541,0,-4.59475,2.14466,0
-0.094131,-0.04754,0,-4.59475,2.14466,0
-0.094131,-0.04754,0,-4.59475,2.14466,0
-0.094131,-0.04754,0,-4.59475,2.14466,0
-0.094131,-0.04754,0,-4.59475,2.14466,0
-0.094131,-0.04754,0,-4.59475,2.14466,0
-0.094131,-0.04754,0,-4.59475,2.14466,0
-0.09413,-0.04754,0,-4.59475,2.14466,0
-0.09413,-0.04754,0,-4.59475,2.14466,0
-0.09413,-0.04754,0,-4.59475,2.14466,0
-0.09413,-0.04754,0,-4.59475,2.14466,0
-0.09413,-0.04754,0,-4.59475,2.14466,0
-0.09413,-0.04754,0,-4.59458,2.14466,0
-0.09413,-0.04754,0,-4.59475,2.14466,0
-0.09413,-0.04754,0,-4.59475,2.14466,0
-0.09413,-0.04754,0,-4.59475,2.14466,0
-0.09413,-0.04754,0,-4.59475,2.14466,0
-0.09413,-0.04754,0,-4.59475,2.14466,0
-0.09413,-0.04754,0,-4.59458,2.14466,0
-0.09413,-0.04754,0,-4.59493,2.14466,0
-0.09413,-0.04754,0,-4.59458,2.14466,0
-0.09413,-0.04754,0,-4.59475,2.14466,0
-0.09413,-0.04754,0,-4.59475,2.14466,0
-0.09413,-0.04754,0,-4.59475,2.14466,0
-0.09413,-0.04754,0,-4.59493,2.14466,0
-0.09413,-0.04754,0,-4.59493,2.14466,0
-0.093664,-0.048767,0,-4.55356,2.20278,0
-0.093663,-0.048778,0,-4.55356,2.20278,0
-0.093664,-0.04878,0,-4.55339,2.20278,0
-0.093664,-0.04878,0,-4.55339,2.20295,0
-0.093665,-0.048779,0,-4.55339,2.20295,0
-0.093665,-0.04878,0,-4.55339,2.20295,0
-0.093666,-0.048781,0,-4.55356,2.20295,0
-0.093666,-0.048781,0,-4.55356,2.20295,0
-0.093667,-0.048781,0,-4.55356,2.20295,0
-0.093667,-0.048781,0,-4.55356,2.20295,0
-0.093668,-0.048781,0,-4.55374,2.20295,0
-0.093668,-0.048781,0,-4.55356,2.20295,0
-0.093669,-0.048781,0,-4.55374,2.20295,0
-0.093669,-0.048781,0,-4.55356,2.20295,0
-0.093669,-0.048781,0,-4.55374,2.20295,0
-0.09367,-0.048781,0,-4.55356,2.20295,0
-0.09367,-0.048781,0,-4.55374,2.20295,0
-0.09367,-0.048781,0,-4.55374,2.20295,0
-0.09367,-0.048781,0,-4.55374,2.20295,0
-0.09367,-0.048781,0,-4.55374,2.20295,0
-0.09367,-0.048781,0,-4.55374,2.20295,0
-0.09367,-0.048781,0,-4.55391,2.20295,0
-0.09367,-0.048781,0,-4.55374,2.20295,0
-0.09367,-0.048781,0,-4.55391,2.20295,0
-0.09367,-0.048781,0,-4.55374,2.20295,0
-0.093188,-0.04969,0,-4.50696,2.25933,0
-0.093186,-0.0497,0,-4.50696,2.2595,0
-0.093186,-0.0497,0,-4.50679,2.25968,0
-0.093186,-0.0497,0,-4.50679,2.25968,0
-0.093186,-0.049699,0,-4.50661,2.25968,0
-0.093186,-0.049699,0,-4.50644,2.25968,0
-0.093186,-0.049699,0,-4.50627,2.25968,0
-0.093186,-0.049699,0,-4.50627,2.25968,0
-0.093186,-0.049699,0,-4.50627,2.25968,0
-0.093186,-0.049699,0,-4.50627,2.25968,0
-0.093186,-0.049699,0,-4.50627,2.25968,0
-0.093186,-0.049699,0,-4.50627,2.25968,0
-0.093186,-0.049699,0,-4.50627,2.25968,0
-0.093186,-0.049699,0,-4.50627,2.25968,0
-0.093186,-0.049699,0,-4.50627,2.25968,0
-0.093186,-0.049699,0,-4.50627,2.25968,0
-0.093186,-0.049699,0,-4.50627,2.25968,0
-0.093186,-0.049699,0,-4.50627,2.25968,0
-0.093186,-0.049699,0,-4.50627,2.25968,0
-0.093186,-0.049699,0,-4.50627,2.25968,0
-0.093186,-0.049699,0,-4.50627,2.25968,0
-0.093186,-0.049699,0,-4.50627,2.25968,0
-0.093186,-0.049699,0,-4.50627,2.25968,0
-0.093186,-0.049699,0,-4.50627,2.25968,0
-0.093186,-0.049699,0,-4.50627,2.25968,0
-0.093186,-0.049699,0,-4.50627,2.25968,0
-0.093186,-0.049699,0,-4.50627,2.25968,0
-0.093186,-0.049699,0,-4.50627,2.25968,0
-0.093186,-0.049699,0,-4.50627,2.25968,0
-0.093186,-0.049699,0,-4.50627,2.25968,0
-0.093186,-0.049699,0,-4.50627,2.25968,0
-0.092721,-0.0505,0,-4.45705,2.31274,0
-0.092718,-0.05051,0,-4.45705,2.31291,0
-0.092718,-0.050511,0,-4.45687,2.31308,0
-0.092718,-0.050511,0,-4.45687,2.31308,0
-0.092718,-0.05051,0,-4.45687,2.31308,0
-0.092718,-0.05051,0,-4.45687,2.31308,0
-0.092718,-0.05051,0,-4.45687,2.31308,0
-0.092718,-0.05051,0,-4.45687,2.31308,0
-0.092718,-0.05051,0,-4.45687,2.31308,0
-0.092718,-0.05051,0,-4.45687,2.31308,0
-0.092718,-0.05051,0,-4.45687,2.31308,0
-0.092718,-0.05051,0,-4.45687,2.31308,0
-0.092718,-0.05051,0,-4.45687,2.31308,0
-0.092718,-0.05051,0,-4.45687,2.31308,0
-0.092718,-0.05051,0,-4.45687,2.31308,0
-0.092718,-0.05051,0,-4.45687,2.31308,0
-0.092718,-0.05051,0,-4.45687,2.31308,0
-0.092718,-0.05051,0,-4.4567,2.31308,0
-0.092718,-0.05051,0,-4.45687,2.31308,0
-0.092718,-0.05051,0,-4.4567,2.31308,0
-0.092718,-0.05051,0,-4.4567,2.31308,0
-0.092718,-0.05051,0,-4.45652,2.31308,0
-0.092718,-0.05051,0,-4.45652,2.31308,0
-0.092718,-0.05051,0,-4.45652,2.31308,0
-0.092718,-0.05051,0,-4.45652,2.31308,0
-0.092718,-0.05051,0,-4.45652,2.31308,0
-0.092718,-0.05051,0,-4.45635,2.31308,0
-0.092718,-0.05051,0,-4.45652,2.31308,0
-0.092718,-0.05051,0,-4.45635,2.31308,0
-0.092121,-0.051702,0,-4.3991,2.36928,0
-0.09212,-0.051712,0,-4.39893,2.36928,0
-0.09212,-0.051709,0,-4.3991,2.36928,0
-0.09212,-0.05171,0,-4.3991,2.36928,0
-0.09212,-0.05171,0,-4.3991,2.36928,0
-0.092121,-0.05171,0,-4.3991,2.36928,0
-0.092121,-0.05171,0,-4.39893,2.36928,0
-0.092121,-0.05171,0,-4.39893,2.36928,0
-0.092121,-0.05171,0,-4.39893,2.36928,0
-0.092121,-0.05171,0,-4.39893,2.36928,0
-0.092121,-0.05171,0,-4.39893,2.36928,0
-0.092121,-0.05171,0,-4.39893,2.36928,0
-0.092121,-0.05171,0,-4.39893,2.36928,0
-0.092121,-0.05171,0,-4.39893,2.36928,0
-0.092121,-0.05171,0,-4.39875,2.36928,0
-0.092121,-0.05171,0,-4.39893,2.36928,0
-0.092121,-0.05171,0,-4.39875,2.36928,0
-0.092121,-0.05171,0,-4.39893,2.36928,0
-0.092121,-0.05171,0,-4.39893,2.36928,0
-0.092121,-0.05171,0,-4.39893,2.36928,0
-0.092121,-0.05171,0,-4.39875,2.36928,0
-0.092121,-0.05171,0,-4.39875,2.36928,0
-0.092121,-0.05171,0,-4.39893,2.36928,0
-0.092121,-0.05171,0,-4.39875,2.36928,0
-0.092121,-0.05171,0,-4.39875,2.36928,0
-0.092121,-0.05171,0,-4.39875,2.36928,0
-0.092121,-0.05171,0,-4.39875,2.36928,0
-0.091477,-0.052726,0,-4.35582,2.40524,0
-0.091474,-0.052737,0,-4.35582,2.40524,0
-0.091475,-0.052735,0,-4.35564,2.40541,0
-0.091475,-0.052736,0,-4.35564,2.40541,0
-0.091476,-0.052736,0,-4.35564,2.40541,0
-0.091476,-0.052736,0,-4.35564,2.40541,0
-0.091476,-0.052736,0,-4.35564,2.40541,0
-0.091477,-0.052736,0,-4.35564,2.40541,0
-0.091477,-0.052736,0,-4.35547,2.40541,0
-0.091477,-0.052736,0,-4.35564,2.40541,0
-0.091477,-0.052736,0,-4.35547,2.40541,0
-0.091477,-0.052736,0,-4.35547,2.40541,0
-0.091477,-0.052736,0,-4.35547,2.40541,0
-0.091477,-0.052736,0,-4.35547,2.40541,0
-0.091477,-0.052736,0,-4.35547,2.40541,0
-0.091477,-0.052736,0,-4.35547,2.40541,0
-0.091477,-0.052736,0,-4.35547,2.40541,0
-0.091477,-0.052736,0,-4.35564,2.40541,0
-0.091477,-0.052736,0,-4.35564,2.40541,0
-0.091255,-0.053349,0,-4.32213,2.4295,0
-0.091255,-0.05336,0,-4.32196,2.42967,0
-0.091254,-0.05336,0,-4.32178,2.42985,0
-0.091254,-0.05336,0,-4.32178,2.42985,0
-0.091254,-0.05336,0,-4.32161,2.42985,0
-0.091254,-0.05336,0,-4.32161,2.42985,0
-0.091254,-0.05336,0,-4.32161,2.42985,0
-0.091254,-0.05336,0,-4.32178,2.42985,0
-0.091254,-0.05336,0,-4.32161,2.42985,0
-0.091254,-0.05336,0,-4.32144,2.42985,0
-0.091254,-0.05336,0,-4.32126,2.42985,0
-0.091254,-0.05336,0,-4.32109,2.42985,0
-0.091254,-0.05336,0,-4.32109,2.42985,0
-0.091254,-0.05336,0,-4.32109,2.42985,0
-0.091254,-0.05336,0,-4.32109,2.42985,0
-0.091254,-0.05336,0,-4.32109,2.42985,0
-0.091254,-0.05336,0,-4.32109,2.42985,0
-0.091254,-0.05336,0,-4.32091,2.42985,0
-0.091254,-0.05336,0,-4.32109,2.42985,0
-0.091254,-0.05336,0,-4.32091,2.42985,0
-0.091254,-0.05336,0,-4.32091,2.42985,0
-0.090643,-0.054376,0,-4.25721,2.47453,0
-0.09064,-0.054386,0,-4.25738,2.4747,0
-0.090641,-0.054385,0,-4.25738,2.4747,0
-0.090641,-0.054385,0,-4.25738,2.4747,0
-0.090642,-0.054386,0,-4.25738,2.4747,0
-0.090642,-0.054386,0,-4.25738,2.4747,0
-0.090643,-0.054387,0,-4.25738,2.4747,0
-0.090643,-0.054387,0,-4.25738,2.4747,0
-0.090643,-0.054387,0,-4.25738,2.4747,0
-0.090643,-0.054387,0,-4.25756,2.4747,0
-0.090644,-0.054387,0,-4.25756,2.4747,0
-0.090644,-0.054387,0,-4.25756,2.4747,0
-0.090644,-0.054387,0,-4.25756,2.4747,0
-0.090314,-0.05544,0,-4.23382,2.48744,0
-0.090314,-0.055451,0,-4.23382,2.48744,0
-0.090313,-0.055449,0,-4.23382,2.48744,0
-0.090313,-0.055449,0,-4.23382,2.48744,0
-0.090313,-0.05545,0,-4.23382,2.48744,0
-0.090313,-0.05545,0,-4.23382,2.48744,0
-0.090313,-0.05545,0,-4.23365,2.48744,0
-0.090313,-0.05545,0,-4.23382,2.48744,0
-0.090313,-0.05545,0,-4.23365,2.48744,0
-0.090313,-0.05545,0,-4.23382,2.48744,0
-0.090313,-0.05545,0,-4.23365,2.48744,0
-0.090313,-0.05545,0,-4.23382,2.48744,0
-0.090313,-0.05545,0,-4.23382,2.48744,0
-0.090313,-0.05545,0,-4.23382,2.48744,0
-0.090313,-0.05545,0,-4.23399,2.48744,0
-0.090313,-0.05545,0,-4.23399,2.48744,0
-0.090313,-0.05545,0,-4.23399,2.48744,0
-0.090823,-0.054874,0,-4.21305,2.49634,0
-0.090832,-0.054863,0,-4.21305,2.49634,0
-0.090833,-0.054863,0,-4.21288,2.49634,0
-0.090833,-0.054863,0,-4.21305,2.49634,0
-0.090833,-0.054863,0,-4.21288,2.49634,0
-0.090833,-0.054863,0,-4.21322,2.49634,0
-0.090833,-0.054863,0,-4.21305,2.49634,0
-0.090833,-0.054863,0,-4.2134,2.49634,0
-0.090833,-0.054863,0,-4.21322,2.49634,0
-0.091472,-0.053359,0,-4.19036,2.50821,0
-0.091473,-0.053348,0,-4.19036,2.50821,0
-0.091474,-0.053348,0,-4.19036,2.50821,0
-0.091474,-0.053348,0,-4.19036,2.50821,0
-0.091474,-0.053348,0,-4.19036,2.50821,0
-0.091474,-0.053348,0,-4.19036,2.50821,0
-0.091475,-0.053348,0,-4.19036,2.50821,0
-0.091475,-0.053348,0,-4.19036,2.50821,0
-0.091475,-0.053348,0,-4.19036,2.50821,0
-0.091475,-0.053348,0,-4.19036,2.50821,0
-0.091475,-0.053348,0,-4.19036,2.50804,0
-0.091476,-0.053348,0,-4.19036,2.50804,0
-0.091614,-0.051926,0,-4.16558,2.52462,0
-0.091614,-0.051914,0,-4.16558,2.52462,0
-0.091615,-0.051914,0,-4.1654,2.52462,0
-0.091615,-0.051914,0,-4.1654,2.52462,0
-0.091615,-0.051915,0,-4.1654,2.52462,0
-0.091615,-0.051915,0,-4.1654,2.52462,0
-0.091616,-0.051916,0,-4.1654,2.52462,0
-0.091616,-0.051916,0,-4.16523,2.52462,0
-0.091616,-0.051917,0,-4.1654,2.52462,0
-0.091616,-0.051917,0,-4.1654,2.52462,0
-0.091717,-0.050793,0,-4.14446,2.54085,0
-0.091717,-0.05078,0,-4.14446,2.54085,0
-0.091718,-0.050782,0,-4.14446,2.54102,0
-0.091718,-0.050782,0,-4.14446,2.54102,0
-0.091718,-0.050781,0,-4.14446,2.54102,0
-0.091718,-0.050781,0,-4.14446,2.54102,0
-0.091718,-0.050781,0,-4.14446,2.54102,0
-0.091718,-0.050781,0,-4.14446,2.54102,0
-0.091718,-0.050781,0,-4.14446,2.54102,0
-0.091718,-0.050781,0,-4.14446,2.54102,0
-0.091718,-0.050781,0,-4.14446,2.54102,0
-0.091718,-0.050781,0,-4.14428,2.54102,0
-0.091718,-0.050781,0,-4.14446,2.54102,0
-0.09189,-0.049925,0,-4.11566,2.5672,0
-0.09189,-0.049923,0,-4.11584,2.5672,0
-0.091891,-0.049923,0,-4.11566,2.5672,0
-0.091891,-0.049924,0,-4.11584,2.5672,0
-0.091891,-0.049924,0,-4.11584,2.5672,0
-0.091892,-0.049924,0,-4.11566,2.5672,0
-0.091892,-0.049924,0,-4.11566,2.5672,0
-0.091893,-0.049924,0,-4.11584,2.5672,0
-0.091893,-0.049924,0,-4.11566,2.5672,0
-0.091893,-0.049924,0,-4.11584,2.5672,0
-0.091893,-0.049924,0,-4.11566,2.5672,0
-0.091893,-0.049924,0,-4.11584,2.5672,0
-0.091893,-0.049924,0,-4.11566,2.5672,0
-0.092171,-0.049382,0,-4.09,2.59251,0
-0.092174,-0.049369,0,-4.09,2.59269,0
-0.092174,-0.049369,0,-4.08983,2.59286,0
-0.092174,-0.049369,0,-4.08983,2.59286,0
-0.092174,-0.049369,0,-4.09,2.59286,0
-0.092174,-0.049369,0,-4.09,2.59286,0
-0.092174,-0.049369,0,-4.09,2.59286,0
-0.092174,-0.049369,0,-4.08983,2.59286,0
-0.092174,-0.049369,0,-4.08983,2.59286,0
-0.092174,-0.049369,0,-4.09,2.59286,0
-0.092174,-0.049369,0,-4.09,2.59286,0
-0.092174,-0.049369,0,-4.09,2.59286,0
-0.092174,-0.049369,0,-4.09,2.59286,0
-0.092174,-0.049369,0,-4.09,2.59286,0
-0.092174,-0.049369,0,-4.09,2.59286,0
-0.092174,-0.049369,0,-4.09,2.59286,0
-0.092174,-0.049369,0,-4.09,2.59286,0
-0.092174,-0.049369,0,-4.09,2.59286,0
-0.092174,-0.049369,0,-4.09,2.59286,0
-0.092174,-0.049369,0,-4.09,2.59286,0
-0.092377,-0.048161,0,-4.07203,2.61189,0
-0.092378,-0.048151,0,-4.07203,2.61189,0
-0.092378,-0.048149,0,-4.07203,2.61189,0
-0.092378,-0.048149,0,-4.07203,2.61189,0
-0.092378,-0.048151,0,-4.07203,2.61189,0
-0.092378,-0.048151,0,-4.07203,2.61189,0
-0.09247,-0.047114,0,-4.04637,2.64278,0
-0.09247,-0.047104,0,-4.04637,2.64278,0
-0.092471,-0.047107,0,-4.04637,2.64295,0
-0.092471,-0.047106,0,-4.04637,2.64295,0
-0.092472,-0.047106,0,-4.04655,2.64295,0
-0.092472,-0.047106,0,-4.04637,2.64295,0
-0.092473,-0.047106,0,-4.04637,2.64295,0
-0.092473,-0.047106,0,-4.04637,2.64295,0
-0.092474,-0.047106,0,-4.0462,2.64295,0
-0.092474,-0.047106,0,-4.0462,2.64295,0
-0.092475,-0.047106,0,-4.0462,2.64295,0
-0.092475,-0.047106,0,-4.0462,2.64295,0
-0.092547,-0.046108,0,-4.02316,2.67332,0
-0.092547,-0.046097,0,-4.02316,2.67332,0
-0.092547,-0.046097,0,-4.02316,2.6735,0
-0.092547,-0.046097,0,-4.02316,2.6735,0
-0.092547,-0.046097,0,-4.02333,2.6735,0
-0.092547,-0.046097,0,-4.02316,2.6735,0
-0.092547,-0.046097,0,-4.02333,2.6735,0
-0.092547,-0.046097,0,-4.02333,2.6735,0
-0.092547,-0.046097,0,-4.02316,2.6735,0
-0.092547,-0.046097,0,-4.02316,2.6735,0
-0.092547,-0.046097,0,-4.02316,2.6735,0
-0.092547,-0.046097,0,-4.02316,2.6735,0
-0.092858,-0.045688,0,-3.9982,2.70962,0
-0.092865,-0.045676,0,-3.9982,2.70962,0
-0.092863,-0.04568,0,-3.99803,2.70997,0
-0.092863,-0.045678,0,-3.99803,2.70997,0
-0.092864,-0.045678,0,-3.99803,2.70997,0
-0.092864,-0.045678,0,-3.99785,2.70997,0
-0.092865,-0.045678,0,-3.99785,2.70997,0
-0.092865,-0.045678,0,-3.99785,2.70997,0
-0.092865,-0.045678,0,-3.99785,2.70997,0
-0.092865,-0.045678,0,-3.99785,2.70997,0
-0.092865,-0.045678,0,-3.99803,2.70997,0
-0.092865,-0.045678,0,-3.99785,2.70997,0
-0.09289,-0.045252,0,-3.97062,2.75134,0
-0.09289,-0.045241,0,-3.97062,2.75151,0
-0.092891,-0.045243,0,-3.97062,2.75169,0
-0.092891,-0.045243,0,-3.97062,2.75169,0
-0.092891,-0.045243,0,-3.97062,2.75169,0
-0.092892,-0.045243,0,-3.97062,2.75169,0
-0.092892,-0.045243,0,-3.97062,2.75169,0
-0.092892,-0.045243,0,-3.97062,2.75169,0
-0.092892,-0.045243,0,-3.97062,2.75169,0
-0.092892,-0.045243,0,-3.97062,2.75169,0
-0.092892,-0.045243,0,-3.97045,2.75169,0
-0.092892,-0.045243,0,-3.97062,2.75169,0
-0.092892,-0.045243,0,-3.97045,2.75169,0
-0.093288,-0.043689,0,-3.94863,2.78624,0
-0.093289,-0.043678,0,-3.94863,2.78624,0
-0.093289,-0.043679,0,-3.94863,2.78624,0
-0.093289,-0.043679,0,-3.94863,2.78624,0
-0.093289,-0.043679,0,-3.94863,2.78624,0
-0.093289,-0.043679,0,-3.94863,2.78624,0
-0.093289,-0.043679,0,-3.94863,2.78624,0
-0.093289,-0.043679,0,-3.94863,2.78624,0
-0.093289,-0.043679,0,-3.94863,2.78624,0
-0.093289,-0.043679,0,-3.94863,2.78624,0
-0.093289,-0.043679,0,-3.94863,2.78624,0
-0.093289,-0.043679,0,-3.94881,2.78624,0
-0.093289,-0.043679,0,-3.94863,2.78624,0
-0.093289,-0.043679,0,-3.94881,2.78624,0
-0.093289,-0.043679,0,-3.94846,2.78624,0
-0.093289,-0.043679,0,-3.94881,2.78624,0
-0.093289,-0.043679,0,-3.94863,2.78624,0
-0.093289,-0.043679,0,-3.94881,2.78624,0
-0.093289,-0.043679,0,-3.94881,2.78624,0
-0.093289,-0.043679,0,-3.94881,2.78624,0
-0.093289,-0.043679,0,-3.94881,2.78624,0
-0.093289,-0.043679,0,-3.94881,2.78624,0
-0.093289,-0.043679,0,-3.94881,2.78624,0
-0.093289,-0.043679,0,-3.94881,2.78624,0
-0.093289,-0.043679,0,-3.94881,2.78624,0
-0.093289,-0.043679,0,-3.94881,2.78624,0
-0.093289,-0.043679,0,-3.94881,2.78624,0
-0.093289,-0.043679,0,-3.94898,2.78624,0
-0.093289,-0.043679,0,-3.94881,2.78624,0
-0.093369,-0.041621,0,-3.92472,2.83145,0
-0.093369,-0.041611,0,-3.92472,2.83145,0
-0.093369,-0.041611,0,-3.92455,2.83145,0
-0.093369,-0.041611,0,-3.92472,2.83145,0
-0.093369,-0.041611,0,-3.92455,2.83145,0
-0.093369,-0.041611,0,-3.92455,2.83145,0
-0.093369,-0.041611,0,-3.92455,2.83145,0
-0.093369,-0.041611,0,-3.92455,2.83145,0
-0.093369,-0.041611,0,-3.92455,2.83145,0
-0.093369,-0.041611,0,-3.92455,2.83145,0
-0.093369,-0.041611,0,-3.92455,2.83145,0
-0.093369,-0.041611,0,-3.92437,2.83145,0
-0.093369,-0.041611,0,-3.92437,2.83145,0
-0.093369,-0.041611,0,-3.92437,2.83145,0
-0.093369,-0.041611,0,-3.92437,2.83145,0
-0.093369,-0.041611,0,-3.92437,2.83145,0
-0.093369,-0.041611,0,-3.92437,2.83145,0
-0.093369,-0.041611,0,-3.92437,2.83145,0
-0.093369,-0.041611,0,-3.9242,2.83145,0
-0.093369,-0.041611,0,-3.92437,2.83145,0
-0.093369,-0.041611,0,-3.92437,2.83145,0
-0.093369,-0.041611,0,-3.92437,2.83145,0
-0.093369,-0.041611,0,-3.92437,2.83145,0
-0.093369,-0.041611,0,-3.92437,2.83145,0
-0.093369,-0.041611,0,-3.92437,2.83145,0
-0.093369,-0.041611,0,-3.9242,2.83145,0
-0.093369,-0.041611,0,-3.92437,2.83145,0
-0.093529,-0.039394,0,-3.90657,2.87229,0
-0.093529,-0.039384,0,-3.90657,2.87229,0
-0.09353,-0.039387,0,-3.90657,2.87229,0
-0.09353,-0.039386,0,-3.90657,2.87229,0
-0.093531,-0.039385,0,-3.9064,2.87229,0
-0.093531,-0.039386,0,-3.90657,2.87229,0
-0.093531,-0.039386,0,-3.90657,2.87229,0
-0.093531,-0.039386,0,-3.90657,2.87229,0
-0.093531,-0.039386,0,-3.90657,2.87229,0
-0.094043,-0.036784,0,-3.88842,2.92517,0
-0.094043,-0.03678,0,-3.88824,2.92517,0
-0.094043,-0.036781,0,-3.88824,2.92517,0
-0.094043,-0.036782,0,-3.88824,2.92517,0
-0.094043,-0.036782,0,-3.88807,2.92517,0
-0.094043,-0.036781,0,-3.88807,2.92517,0
-0.094043,-0.036781,0,-3.88807,2.92517,0
-0.094043,-0.036781,0,-3.88807,2.92517,0
-0.094043,-0.036781,0,-3.88824,2.92517,0
-0.094287,-0.034648,0,-3.88196,2.95467,0
-0.094287,-0.034644,0,-3.88179,2.95467,0
-0.094287,-0.034644,0,-3.88179,2.95467,0
-0.094287,-0.034646,0,-3.88179,2.95467,0
-0.094287,-0.034646,0,-3.88196,2.95467,0
-0.094287,-0.034645,0,-3.88196,2.95467,0
-0.094287,-0.034645,0,-3.88196,2.95467,0
-0.094287,-0.034646,0,-3.88196,2.95467,0
-0.094287,-0.034646,0,-3.88214,2.95467,0
-0.094287,-0.034646,0,-3.88214,2.95467,0
-0.094287,-0.034646,0,-3.88214,2.95467,0
-0.094326,-0.032912,0,-3.87498,2.99917,0
-0.094326,-0.0329,0,-3.87515,2.99917,0
-0.094797,-0.03023,0,-3.8776,3.00493,0
-0.095243,-0.03,0,-4.38636,3.07457,0
-0.095244,-0.03,0,-4.38828,3.07457,0
-0.094907,-0.030521,0,-4.38863,3.14299,0
-0.094905,-0.030531,0,-4.38863,3.14299,0
-0.094904,-0.030537,0,-4.38828,3.14334,0
-0.094905,-0.030534,0,-4.38846,3.14334,0
-0.094905,-0.030535,0,-4.38846,3.14334,0
-0.094499,-0.031044,0,-4.38322,3.23846,0
-0.09449,-0.031057,0,-4.38322,3.23881,0
-0.09449,-0.031059,0,-4.38305,3.23951,0
-0.094491,-0.031058,0,-4.38305,3.23951,0
-0.094491,-0.031058,0,-4.38305,3.23951,0
-0.094491,-0.031058,0,-4.38305,3.23951,0
-0.094491,-0.031058,0,-4.38305,3.23951,0
-0.094491,-0.031058,0,-4.38287,3.23951,0
-0.094491,-0.031058,0,-4.3827,3.23951,0
-0.094491,-0.031058,0,-4.38287,3.23951,0
-0.094491,-0.031058,0,-4.38287,3.23951,0
-0.094491,-0.031058,0,-4.3827,3.23951,0
-0.094491,-0.031058,0,-4.38287,3.23951,0
-0.094491,-0.031058,0,-4.38287,3.23951,0
-0.094491,-0.031058,0,-4.38287,3.23951,0
-0.094491,-0.031058,0,-4.38287,3.23951,0
-0.094491,-0.031058,0,-4.3827,3.23951,0
-0.094491,-0.031058,0,-4.3827,3.23951,0
-0.094491,-0.031058,0,-4.3827,3.23951,0
-0.094491,-0.031058,0,-4.3827,3.23951,0
-0.094491,-0.031058,0,-4.38252,3.23951,0
-0.094491,-0.031058,0,-4.3827,3.23951,0
-0.094491,-0.031058,0,-4.38252,3.23951,0
-0.094491,-0.031058,0,-4.38287,3.23951,0
-0.094491,-0.031058,0,-4.38252,3.23951,0
-0.094491,-0.031058,0,-4.38287,3.23951,0
-0.094491,-0.031058,0,-4.38252,3.23951,0
-0.094491,-0.031058,0,-4.3827,3.23951,0
-0.094491,-0.031058,0,-4.3827,3.23951,0
-0.094491,-0.031058,0,-4.3827,3.23951,0
-0.094283,-0.031097,0,-4.37938,3.31438,0
-0.094282,-0.031133,0,-4.37938,3.31473,0
-0.094277,-0.031175,0,-4.37886,3.32154,0
-0.094278,-0.031161,0,-4.37921,3.31997,0
-0.094279,-0.031161,0,-4.37886,3.31979,0
-0.094279,-0.031161,0,-4.37886,3.31979,0
-0.094279,-0.031161,0,-4.37868,3.31997,0
-0.094279,-0.031161,0,-4.37868,3.32014,0
-0.094279,-0.031161,0,-4.37851,3.32014,0
-0.094279,-0.031161,0,-4.37851,3.32014,0
-0.094379,-0.030621,0,-4.382,3.36133,0
-0.094379,-0.03061,0,-4.38182,3.36133,0
-0.094514,-0.030222,0,-4.38584,3.4088,0
-0.094516,-0.030209,0,-4.38566,3.40898,0
-0.09497,-0.030107,0,-4.41272,3.34039,0
-0.09498,-0.030107,0,-4.41289,3.34021,0
-0.094982,-0.030106,0,-4.41272,3.33951,0
-0.094982,-0.030106,0,-4.41272,3.33951,0
-0.09498,-0.030106,0,-4.41272,3.34004,0
-0.09498,-0.030106,0,-4.41272,3.34004,0
-0.094919,-0.03006,0,-4.42144,3.36203,0
-0.094915,-0.030059,0,-4.42162,3.36307,0
-0.094915,-0.030059,0,-4.42144,3.36325,0
-0.094915,-0.030059,0,-4.42127,3.36325,0
-0.094916,-0.030059,0,-4.42127,3.36307,0
-0.094916,-0.030059,0,-4.42127,3.36307,0
-0.094917,-0.030059,0,-4.42127,3.36307,0
-0.094917,-0.030059,0,-4.42127,3.36307,0
-0.094918,-0.030059,0,-4.42127,3.36307,0
-0.094918,-0.030059,0,-4.42127,3.36307,0
-0.094918,-0.030059,0,-4.42127,3.36307,0
-0.094918,-0.030059,0,-4.42127,3.36307,0
-0.094918,-0.030059,0,-4.42109,3.36307,0
-0.094745,-0.030032,0,-4.41987,3.44999,0
-0.094735,-0.030032,0,-4.41987,3.45226,0
-0.094715,-0.030017,0,-4.42476,3.49834,0
-0.094694,-0.030017,0,-4.42528,3.50026,0
-0.094682,-0.030016,0,-4.42528,3.50008,0
-0.094685,-0.030016,0,-4.42528,3.50008,0
-0.094686,-0.030017,0,-4.42511,3.50008,0
-0.094686,-0.030017,0,-4.42528,3.50008,0
-0.094685,-0.030017,0,-4.42528,3.50008,0
-0.094686,-0.030017,0,-4.42528,3.50008,0
-0.094686,-0.030017,0,-4.42528,3.50008,0
-0.094548,-0.03001,0,-4.4286,3.56501,0
-0.094537,-0.03001,0,-4.4286,3.56728,0
-0.094483,-0.030005,0,-4.4382,3.60079,0
-0.094509,-0.030005,0,-4.43942,3.60219,0
-0.094674,-0.030001,0,-4.6143,3.59171,0
-0.094676,-0.030001,0,-4.61622,3.59136,0
-0.094676,-0.030001,0,-4.61587,3.59136,0
-0.094676,-0.030001,0,-4.61587,3.59136,0
-0.094676,-0.030001,0,-4.61605,3.59119,0
-0.094676,-0.030001,0,-4.61605,3.59119,0
-0.094676,-0.030001,0,-4.61605,3.59119,0
-0.094676,-0.030001,0,-4.61605,3.59119,0
-0.094567,-0.030546,0,-4.62512,3.65507,0
-0.094567,-0.030556,0,-4.62512,3.65507,0
-0.094566,-0.030557,0,-4.62512,3.65524,0
-0.094566,-0.030557,0,-4.62512,3.65524,0
-0.094566,-0.030556,0,-4.62512,3.65524,0
-0.094566,-0.030556,0,-4.62512,3.65524,0
-0.094566,-0.030556,0,-4.62512,3.65524,0
-0.094566,-0.030556,0,-4.62512,3.65524,0
-0.094566,-0.030556,0,-4.62512,3.65524,0
-0.094566,-0.030556,0,-4.62512,3.65524,0
-0.094566,-0.030556,0,-4.62512,3.65524,0
-0.094566,-0.030556,0,-4.62512,3.65524,0
-0.094566,-0.030556,0,-4.62512,3.65524,0
-0.094566,-0.030556,0,-4.62512,3.65524,0
-0.094566,-0.030556,0,-4.62512,3.65524,0
-0.094423,-0.030322,0,-4.64205,3.68264,0
-0.094412,-0.030308,0,-4.64258,3.68299,0
-0.094326,-0.030231,0,-4.64676,3.68788,0
-0.094314,-0.030227,0,-4.64572,3.68631,0
-0.094117,-0.035105,0,-4.64816,3.77672,0
-0.094117,-0.035118,0,-4.64799,3.77672,0
-0.094369,-0.030058,0,-4.91153,3.69696,0
-0.094369,-0.030036,0,-4.91153,3.69696,0
-0.094315,-0.032121,0,-4.25913,3.8104,0
-0.094125,-0.031103,0,-4.32318,3.66414,0
-0.094125,-0.031092,0,-4.32336,3.66414,0
-0.094124,-0.031092,0,-4.32336,3.66397,0
-0.094124,-0.031092,0,-4.32336,3.66397,0
-0.093981,-0.036148,0,-4.30922,3.78789,0
-0.093844,-0.030809,0,-4.45897,3.6631,0
-0.093844,-0.030794,0,-4.45897,3.6631,0
-0.094481,-0.033805,0,-4.41272,3.90081,0
-0.094481,-0.033817,0,-4.41237,3.90081,0
-0.094416,-0.033868,0,-4.41621,3.9043,0
-0.094404,-0.033871,0,-4.41481,3.90291,0
-0.093525,-0.037261,0,-4.42197,3.93188,0
-0.093525,-0.037271,0,-4.42197,3.93188,0
-0.093525,-0.03727,0,-4.42197,3.93188,0
-0.093525,-0.03727,0,-4.42179,3.93188,0
-0.093525,-0.03727,0,-4.42162,3.93188,0
-0.093525,-0.03727,0,-4.42162,3.93188,0
-0.093525,-0.03727,0,-4.42127,3.93188,0
-0.093525,-0.03727,0,-4.42127,3.93188,0
-0.093525,-0.03727,0,-4.42127,3.93188,0
-0.093525,-0.03727,0,-4.42109,3.93188,0
-0.093525,-0.03727,0,-4.42127,3.93188,0
-0.093525,-0.03727,0,-4.42092,3.93188,0
-0.093525,-0.03727,0,-4.42109,3.93188,0
-0.093525,-0.03727,0,-4.42074,3.93188,0
-0.093525,-0.03727,0,-4.42074,3.93188,0
-0.093525,-0.03727,0,-4.42057,3.93188,0
-0.093451,-0.037316,0,-4.4176,3.93659,0
-0.093439,-0.037319,0,-4.4183,3.93484,0
-0.092894,-0.03766,0,-4.28967,3.97045,0
-0.092882,-0.037663,0,-4.28932,3.97045,0
-0.09288,-0.037663,0,-4.2895,3.9708,0
-0.092881,-0.037663,0,-4.28932,3.9708,0
-0.092881,-0.037663,0,-4.2895,3.9708,0
-0.092881,-0.037663,0,-4.2895,3.9708,0
-0.092881,-0.037663,0,-4.2895,3.9708,0
-0.092881,-0.037663,0,-4.28967,3.9708,0
-0.092881,-0.037663,0,-4.28967,3.9708,0
-0.092881,-0.037663,0,-4.28967,3.9708,0
-0.092881,-0.037663,0,-4.28967,3.9708,0
-0.092881,-0.037663,0,-4.28984,3.9708,0
-0.092881,-0.037663,0,-4.28967,3.9708,0
-0.092881,-0.037663,0,-4.28967,3.9708,0
-0.092881,-0.037663,0,-4.28967,3.9708,0
-0.092881,-0.037663,0,-4.28967,3.9708,0
-0.092881,-0.037663,0,-4.28967,3.9708,0
-0.092881,-0.037663,0,-4.28967,3.9708,0
-0.092881,-0.037663,0,-4.28967,3.9708,0
-0.092881,-0.037663,0,-4.28967,3.9708,0
-0.092881,-0.037663,0,-4.28967,3.9708,0
-0.092881,-0.037663,0,-4.28984,3.9708,0
-0.092881,-0.037663,0,-4.28967,3.9708,0
-0.092881,-0.037663,0,-4.28967,3.9708,0
-0.092881,-0.037663,0,-4.28967,3.9708,0
-0.092881,-0.037663,0,-4.28967,3.9708,0
-0.092881,-0.037663,0,-4.28967,3.9708,0
-0.092881,-0.037663,0,-4.28967,3.9708,0
-0.092881,-0.037663,0,-4.28967,3.9708,0
-0.092881,-0.037663,0,-4.28967,3.9708,0
-0.092881,-0.037663,0,-4.28967,3.9708,0
-0.092412,-0.039925,0,-4.06452,4.06487,0
-0.092412,-0.039937,0,-4.06452,4.06505,0
-0.092395,-0.041598,0,-4.17291,4.02647,0
-0.092395,-0.041609,0,-4.17291,4.02647,0
-0.091948,-0.041688,0,-4.04672,4.04131,0
-0.091944,-0.041712,0,-4.04655,4.04131,0
-0.091946,-0.041707,0,-4.04655,4.04148,0
-0.091946,-0.041708,0,-4.04655,4.04148,0
-0.091946,-0.041708,0,-4.04655,4.04148,0
-0.091946,-0.041708,0,-4.04655,4.04148,0
-0.091946,-0.041708,0,-4.04655,4.04148,0
-0.091946,-0.041708,0,-4.04655,4.04148,0
-0.091946,-0.041708,0,-4.04655,4.04148,0
-0.091946,-0.041708,0,-4.04637,4.04148,0
-0.091946,-0.041708,0,-4.04655,4.04148,0
-0.091946,-0.041708,0,-4.04655,4.04148,0
-0.09154,-0.042862,0,-3.89453,4.08948,0
-0.09154,-0.042875,0,-3.89453,4.08948,0
-0.091539,-0.042872,0,-3.89435,4.08966,0
-0.091539,-0.042873,0,-3.89453,4.08966,0
-0.091442,-0.044364,0,-3.91076,4.08407,0
-0.091442,-0.044376,0,-3.91076,4.08407,0
-0.091442,-0.044375,0,-3.91076,4.08407,0
-0.091442,-0.044375,0,-3.91076,4.08407,0
-0.09136,-0.04447,0,-3.82663,4.10693,0
-0.091363,-0.044329,0,-3.75019,4.13381,0
-0.091364,-0.044318,0,-3.74775,4.13486,0
-0.091367,-0.044325,0,-3.74111,4.13818,0
-0.091367,-0.044323,0,-3.74268,4.13713,0
-0.091366,-0.044323,0,-3.74181,4.13643,0
-0.091366,-0.044323,0,-3.74233,4.13695,0
-0.091366,-0.044324,0,-3.74199,4.13713,0
-0.091366,-0.044324,0,-3.74216,4.13713,0
-0.091366,-0.044325,0,-3.74216,4.13713,0
-0.091366,-0.044325,0,-3.74199,4.13713,0
-0.091366,-0.044325,0,-3.74199,4.13713,0
-0.090937,-0.045502,0,-3.61126,4.1942,0
-0.090937,-0.045515,0,-3.61109,4.19438,0
-0.091106,-0.046649,0,-3.69329,4.15772,0
-0.091106,-0.046663,0,-3.69347,4.15772,0
-0.090917,-0.047498,0,-3.73308,4.14411,0
-0.090916,-0.04751,0,-3.73308,4.14411,0
-0.090997,-0.046454,0,-3.70115,4.15144,0
-0.090997,-0.046441,0,-3.70115,4.15144,0
-0.090997,-0.046442,0,-3.70115,4.15144,0
-0.090997,-0.046442,0,-3.70115,4.15144,0
-0.09108,-0.046382,0,-3.69504,4.15406,0
-0.091094,-0.046372,0,-3.69661,4.15353,0
-0.091092,-0.046374,0,-3.69661,4.15336,0
-0.091092,-0.046374,0,-3.69661,4.15336,0
-0.090952,-0.046111,0,-3.61144,4.18251,0
-0.09095,-0.046108,0,-3.61109,4.18286,0
-0.09095,-0.046108,0,-3.61109,4.18286,0
-0.090951,-0.046109,0,-3.61126,4.18286,0
-0.091007,-0.045844,0,-3.55175,4.20781,0
-0.091009,-0.045833,0,-3.5514,4.20781,0
-0.091009,-0.045831,0,-3.5514,4.20834,0
-0.091009,-0.045832,0,-3.5514,4.20834,0
-0.091009,-0.045832,0,-3.55157,4.20799,0
-0.091009,-0.045832,0,-3.55157,4.20799,0
-0.091009,-0.045832,0,-3.5514,4.20799,0
-0.091009,-0.045832,0,-3.5514,4.20799,0
-0.091009,-0.045832,0,-3.5514,4.20799,0
-0.091009,-0.045832,0,-3.5514,4.20799,0
-0.090437,-0.047113,0,-3.51178,4.22701,0
-0.090436,-0.047125,0,-3.51178,4.22701,0
-0.090435,-0.047126,0,-3.51178,4.22701,0
-0.090436,-0.047126,0,-3.51178,4.22701,0
-0.08986,-0.048806,0,-3.50602,4.22876,0
-0.089859,-0.048816,0,-3.50602,4.22876,0
-0.08986,-0.048818,0,-3.50602,4.22876,0
-0.08986,-0.048818,0,-3.50602,4.22876,0
-0.08986,-0.048817,0,-3.50602,4.22858,0
-0.08986,-0.048817,0,-3.50584,4.22858,0
-0.08986,-0.048817,0,-3.50584,4.22858,0
-0.08986,-0.048817,0,-3.50584,4.22858,0
-0.090147,-0.048403,0,-3.43219,4.25023,0
-0.09015,-0.048399,0,-3.43184,4.2504,0
-0.09015,-0.0484,0,-3.43202,4.2504,0
-0.090149,-0.0484,0,-3.43202,4.2504,0
-0.090149,-0.0484,0,-3.43202,4.2504,0
-0.089907,-0.048617,0,-3.32974,4.2895,0
-0.08989,-0.048627,0,-3.32747,4.29037,0
-0.089406,-0.049591,0,-3.23689,4.32824,0
-0.089402,-0.049605,0,-3.23671,4.32824,0
-0.089637,-0.049974,0,-3.34527,4.27937,0
-0.089646,-0.049987,0,-3.34597,4.27937,0
-0.089561,-0.050484,0,-3.40706,4.25407,0
-0.08956,-0.050498,0,-3.40723,4.25389,0
-0.08929,-0.050262,0,-3.34649,4.26942,0
-0.089279,-0.050251,0,-3.3458,4.26977,0
-0.08917,-0.050141,0,-3.33794,4.27274,0
-0.089162,-0.050133,0,-3.33934,4.27187,0
-0.089166,-0.050136,0,-3.33934,4.27187,0
-0.089165,-0.050135,0,-3.33951,4.27187,0
-0.089164,-0.050134,0,-3.33951,4.27204,0
-0.089165,-0.050135,0,-3.33934,4.27204,0
-0.089165,-0.050135,0,-3.33951,4.27204,0
-0.089469,-0.049674,0,-3.29448,4.28478,0
-0.089474,-0.04966,0,-3.29431,4.28478,0
-0.0893,-0.049809,0,-3.2313,4.30869,0
-0.089288,-0.049817,0,-3.22956,4.30887,0
-0.089291,-0.049815,0,-3.22973,4.30922,0
-0.089289,-0.049815,0,-3.22991,4.30922,0
-0.089289,-0.049816,0,-3.22991,4.30922,0
-0.089289,-0.049816,0,-3.22991,4.30922,0
-0.089289,-0.049816,0,-3.22991,4.30922,0
-0.089289,-0.049816,0,-3.22991,4.30922,0
-0.089289,-0.049816,0,-3.22991,4.30922,0
-0.088802,-0.050736,0,-3.1957,4.32091,0
-0.088799,-0.050749,0,-3.1957,4.32091,0
-0.0883,-0.051651,0,-3.16969,4.32667,0
-0.088297,-0.051662,0,-3.16952,4.32667,0
-0.088297,-0.051662,0,-3.16952,4.32667,0
-0.088297,-0.051662,0,-3.16934,4.32667,0
-0.088297,-0.051662,0,-3.16934,4.32667,0
-0.088297,-0.051662,0,-3.16917,4.32667,0
-0.088297,-0.051662,0,-3.16934,4.32667,0
-0.088297,-0.051662,0,-3.16917,4.32667,0
-0.088297,-0.051662,0,-3.16917,4.32667,0
-0.088034,-0.052509,0,-3.18261,4.31568,0
-0.088033,-0.052523,0,-3.18261,4.3155,0
-0.089079,-0.051235,0,-3.14805,4.31952,0
-0.089087,-0.051222,0,-3.14805,4.31952,0
-0.089188,-0.051156,0,-3.14927,4.3176,0
-0.089196,-0.051153,0,-3.14892,4.31794,0
-0.089194,-0.051156,0,-3.14892,4.31864,0
-0.089195,-0.051156,0,-3.14892,4.31829,0
-0.089196,-0.051155,0,-3.14892,4.31794,0
-0.089196,-0.051155,0,-3.14892,4.31794,0
-0.089596,-0.04902,0,-3.14159,4.31655,0
-0.089596,-0.04901,0,-3.14177,4.31655,0
-0.089596,-0.049006,0,-3.14159,4.31655,0
-0.089596,-0.049008,0,-3.14177,4.31655,0
-0.089596,-0.049008,0,-3.14177,4.31655,0
-0.089596,-0.049007,0,-3.14177,4.31655,0
-0.089596,-0.049007,0,-3.14177,4.31655,0
-0.089596,-0.049007,0,-3.14177,4.31655,0
-0.089596,-0.049007,0,-3.14177,4.31655,0
-0.089596,-0.049007,0,-3.14177,4.31655,0
-0.089596,-0.049007,0,-3.14177,4.31655,0
-0.089596,-0.049007,0,-3.14177,4.31655,0
-0.089596,-0.049007,0,-3.14177,4.31655,0
-0.089652,-0.048962,0,-3.14107,4.31655,0
-0.089654,-0.048958,0,-3.14107,4.31655,0
-0.089663,-0.048914,0,-3.14212,4.31515,0
-0.089661,-0.048911,0,-3.14177,4.31533,0
-0.089724,-0.047211,0,-3.14683,4.31044,0
-0.089724,-0.047199,0,-3.14683,4.31044,0
-0.08996,-0.045627,0,-3.12763,4.32231,0
-0.08996,-0.045616,0,-3.12763,4.32231,0
-0.08996,-0.045619,0,-3.12763,4.32231,0
-0.08996,-0.045619,0,-3.12763,4.32231,0
-0.08996,-0.045617,0,-3.12746,4.32231,0
-0.08996,-0.045618,0,-3.12746,4.32231,0
-0.08996,-0.045618,0,-3.12746,4.32231,0
-0.08996,-0.045618,0,-3.12746,4.32231,0
-0.08996,-0.045618,0,-3.12728,4.32231,0
-0.08996,-0.045618,0,-3.12746,4.32231,0
-0.08996,-0.045618,0,-3.12728,4.32231,0
-0.08996,-0.045618,0,-3.12746,4.32231,0
-0.08996,-0.045618,0,-3.12728,4.32231,0
-0.08996,-0.045618,0,-3.12728,4.32231,0
-0.090296,-0.04426,0,-3.09569,4.34674,0
-0.090297,-0.044251,0,-3.09569,4.34674,0
-0.090297,-0.04425,0,-3.09587,4.34674,0
-0.090297,-0.04425,0,-3.09587,4.34674,0
-0.090297,-0.044251,0,-3.09587,4.34674,0
-0.090297,-0.044251,0,-3.09587,4.34674,0
-0.090297,-0.044251,0,-3.09587,4.34674,0
-0.090297,-0.044251,0,-3.09587,4.34674,0
-0.090297,-0.044251,0,-3.09587,4.34674,0
-0.090297,-0.044251,0,-3.09587,4.34674,0
-0.090297,-0.044251,0,-3.09587,4.34674,0
-0.090567,-0.04262,0,-3.06235,4.37763,0
-0.090567,-0.042605,0,-3.06235,4.37763,0
-0.090255,-0.042528,0,-3.10529,4.33086,0
-0.090245,-0.042528,0,-3.10546,4.33069,0
-0.090001,-0.042187,0,-3.13967,4.29368,0
-0.089996,-0.042176,0,-3.13967,4.29351,0
-0.090364,-0.040757,0,-3.10669,4.33121,0
-0.090364,-0.040741,0,-3.10669,4.33121,0
-0.090562,-0.040509,0,-3.06986,4.38147,0
-0.090571,-0.040496,0,-3.06951,4.38252,0
-0.090573,-0.040495,0,-3.06951,4.3827,0
-0.090573,-0.040495,0,-3.06969,4.38252,0
-0.090848,-0.03982,0,-3.05188,4.40923,0
-0.09085,-0.03981,0,-3.05188,4.40923,0
-0.09085,-0.03981,0,-3.05188,4.40923,0
-0.09085,-0.03981,0,-3.05188,4.40923,0
-0.09085,-0.03981,0,-3.05188,4.40923,0
-0.09085,-0.039811,0,-3.05188,4.40923,0
-0.091231,-0.037896,0,-3.04438,4.42458,0
-0.091231,-0.037885,0,-3.04438,4.42458,0
-0.091231,-0.037886,0,-3.04455,4.42458,0
-0.091231,-0.037886,0,-3.04455,4.42458,0
-0.091231,-0.037886,0,-3.04455,4.42458,0
-0.091231,-0.037886,0,-3.04438,4.42458,0
-0.091231,-0.037886,0,-3.04455,4.42458,0
-0.091442,-0.036256,0,-3.03373,4.45251,0
-0.091442,-0.036246,0,-3.03373,4.45251,0
-0.091443,-0.036238,0,-3.03373,4.45268,0
-0.091443,-0.03624,0,-3.03373,4.45268,0
-0.091444,-0.036241,0,-3.03373,4.45268,0
-0.091444,-0.03624,0,-3.03373,4.45268,0
-0.091598,-0.034844,0,-3.02047,4.49562,0
-0.091599,-0.034832,0,-3.02064,4.49562,0
-0.091599,-0.034833,0,-3.02064,4.49562,0
-0.091599,-0.034833,0,-3.02064,4.49562,0
-0.091599,-0.034832,0,-3.02064,4.49562,0
-0.091599,-0.034832,0,-3.02064,4.49562,0
-0.091599,-0.034832,0,-3.02064,4.49562,0
-0.091599,-0.034832,0,-3.02064,4.49562,0
-0.091599,-0.034832,0,-3.02064,4.49562,0
-0.091599,-0.034832,0,-3.02064,4.49562,0
-0.091599,-0.034832,0,-3.02064,4.49562,0
-0.091941,-0.034502,0,-2.99237,4.58882,0
-0.091942,-0.034492,0,-2.99237,4.58882,0
-0.091906,-0.033331,0,-3.02221,4.5307,0
-0.091906,-0.033321,0,-3.02204,4.5307,0
-0.091906,-0.033324,0,-3.02204,4.53053,0
-0.091906,-0.033323,0,-3.02204,4.53053,0
-0.091906,-0.033323,0,-3.02186,4.53053,0
-0.091906,-0.033323,0,-3.02186,4.53053,0
-0.091913,-0.033374,0,-3.02064,4.53751,0
-0.091912,-0.033374,0,-3.02064,4.53559,0
-0.091912,-0.033373,0,-3.02082,4.53611,0
-0.091912,-0.033373,0,-3.02082,4.53611,0
-0.091912,-0.033373,0,-3.02082,4.53611,0
-0.091912,-0.033373,0,-3.02082,4.53611,0
-0.091912,-0.033373,0,-3.02082,4.53611,0
-0.091912,-0.033373,0,-3.02099,4.53611,0
-0.091912,-0.033373,0,-3.02082,4.53594,0
-0.091912,-0.033373,0,-3.02082,4.53594,0
-0.091912,-0.033373,0,-3.02099,4.53594,0
-0.091912,-0.033373,0,-3.02099,4.53594,0
-0.091912,-0.033373,0,-3.02116,4.53594,0
-0.091912,-0.033373,0,-3.02099,4.53594,0
-0.091912,-0.033373,0,-3.02116,4.53576,0
-0.091912,-0.033373,0,-3.02116,4.53576,0
-0.091794,-0.034138,0,-3.01069,4.59737,0
-0.091793,-0.034151,0,-3.01069,4.59737,0
-0.091789,-0.034393,0,-2.99935,4.65183,0
-0.09179,-0.034406,0,-2.99935,4.652,0
-0.09179,-0.034403,0,-2.99917,4.65235,0
-0.09179,-0.034403,0,-2.99917,4.65235,0
-0.09179,-0.034405,0,-2.99917,4.65235,0
-0.09179,-0.034404,0,-2.99917,4.65235,0
-0.09179,-0.034404,0,-2.99917,4.65235,0
-0.091653,-0.031724,0,-2.99952,4.67486,0
-0.091653,-0.031711,0,-2.99952,4.67486,0
-0.092144,-0.035281,0,-2.98155,4.78028,0
-0.092144,-0.035295,0,-2.98137,4.78028,0
-0.091668,-0.031363,0,-3.08574,4.61448,0
-0.091668,-0.031352,0,-3.08574,4.61448,0
-0.092173,-0.0338,0,-3.05468,4.77068,0
-0.092173,-0.033815,0,-3.05485,4.77068,0
-0.09194,-0.032126,0,-3.03513,4.84748,0
-0.09194,-0.032109,0,-3.03513,4.84748,0
-0.092328,-0.031095,0,-3.09342,4.73141,0
-0.092329,-0.031081,0,-3.09342,4.73106,0
-0.092065,-0.032619,0,-3.08923,4.80192,0
-0.092065,-0.032629,0,-3.08923,4.80192,0
-0.092065,-0.032628,0,-3.08923,4.80192,0
-0.092065,-0.032628,0,-3.08923,4.80192,0
-0.092065,-0.032628,0,-3.08923,4.8021,0
-0.092065,-0.032628,0,-3.08923,4.8021,0
-0.092065,-0.032629,0,-3.08923,4.8021,0
-0.092065,-0.032629,0,-3.08923,4.8021,0
-0.09173,-0.032194,0,-3.07213,4.88535,0
-0.091722,-0.03218,0,-3.07213,4.8857,0
-0.09167,-0.03212,0,-3.0723,4.89443,0
-0.091671,-0.032117,0,-3.07213,4.89233,0
-0.091675,-0.032119,0,-3.0723,4.89216,0
-0.091674,-0.032119,0,-3.07213,4.89216,0
-0.091674,-0.032118,0,-3.0723,4.89233,0
-0.091674,-0.032118,0,-3.07213,4.89233,0
-0.091674,-0.032118,0,-3.07213,4.89233,0
-0.091674,-0.032118,0,-3.07213,4.89233,0
-0.091674,-0.032118,0,-3.07213,4.89233,0
-0.091674,-0.032118,0,-3.07213,4.89233,0
-0.091674,-0.032118,0,-3.07213,4.89216,0
-0.091863,-0.031199,0,-3.06043,4.96616,0
-0.091863,-0.031189,0,-3.06043,4.96633,0
-0.091864,-0.031187,0,-3.06043,4.96633,0
-0.09196,-0.031098,0,-3.06585,4.95883,0
-0.091963,-0.031096,0,-3.06393,4.96075,0
-0.09225,-0.03059,0,-3.11105,4.89076,0
-0.092254,-0.030579,0,-3.11105,4.89059,0
-0.09227,-0.032639,0,-3.10564,4.97611,0
-0.09227,-0.032652,0,-3.10564,4.97611,0
-0.091823,-0.034166,0,-3.09342,5.044,0
-0.091822,-0.034188,0,-3.09325,5.044,0
-0.091981,-0.030055,0,-3.41753,4.94783,0
-0.091981,-0.030038,0,-3.41753,4.94783,0
-0.091857,-0.039149,0,-2.82586,5.28014,0
-0.091857,-0.039169,0,-2.82604,5.28014,0
-0.092219,-0.031957,0,-4.01827,4.95237,0
-0.092219,-0.031932,0,-4.01827,4.95237,0
-0.090965,-0.04171,0,-2.66075,5.52309,0
-0.090965,-0.041729,0,-2.66075,5.52309,0
-0.09163,-0.043569,0,-3.40653,5.35799,0
-0.091631,-0.043587,0,-3.4088,5.35781,0
-0.091349,-0.044999,0,-3.48385,5.43827,0
-0.091349,-0.045013,0,-3.48385,5.43827,0
-0.091256,-0.043647,0,-3.51701,5.48574,0
-0.091256,-0.04363,0,-3.51701,5.48574,0
-0.09161,-0.043865,0,-3.52591,5.49866,0
-0.091825,-0.044364,0,-3.52836,5.50355,0
-0.091916,-0.044179,0,-3.5507,5.54194,0
-0.091921,-0.044163,0,-3.55105,5.54264,0
-0.09177,-0.04336,0,-3.57286,5.58453,0
-0.091769,-0.043345,0,-3.57286,5.58453,0
-0.091682,-0.043346,0,-3.57688,5.5943,0
-0.091666,-0.043346,0,-3.57566,5.59029,0
-0.091604,-0.043394,0,-3.57618,5.59221,0
-0.091598,-0.043398,0,-3.57618,5.59186,0
-0.091427,-0.04484,0,-3.57792,5.59553,0
-0.091427,-0.044852,0,-3.57792,5.59553,0
-0.091414,-0.043209,0,-3.56606,5.57266,0
-0.091414,-0.043206,0,-3.56606,5.57266,0
-0.091414,-0.043206,0,-3.56606,5.57266,0
-0.091414,-0.043208,0,-3.56606,5.57266,0
-0.091414,-0.043208,0,-3.56606,5.57266,0
-0.091414,-0.043207,0,-3.56606,5.57266,0
-0.091414,-0.043207,0,-3.56588,5.57266,0
-0.091414,-0.043207,0,-3.56588,5.57266,0
-0.091415,-0.043207,0,-3.56606,5.57266,0
-0.091415,-0.043207,0,-3.56606,5.57266,0
-0.091535,-0.041959,0,-3.57164,5.58505,0
-0.091535,-0.041955,0,-3.57182,5.58505,0
-0.091535,-0.041956,0,-3.57182,5.58505,0
-0.091535,-0.041957,0,-3.57182,5.58505,0
-0.091535,-0.041957,0,-3.57182,5.58505,0
-0.091535,-0.041956,0,-3.57199,5.58505,0
-0.091535,-0.041956,0,-3.57164,5.58505,0
-0.091535,-0.041956,0,-3.57182,5.58488,0
-0.091535,-0.041956,0,-3.57164,5.58488,0
-0.091535,-0.041956,0,-3.57182,5.58488,0
-0.091535,-0.041956,0,-3.57164,5.58488,0
-0.091577,-0.041911,0,-3.57094,5.58244,0
-0.091575,-0.041907,0,-3.57094,5.58296,0
-0.091565,-0.041912,0,-3.57129,5.58418,0
-0.091569,-0.04191,0,-3.57129,5.58313,0
-0.091569,-0.04191,0,-3.57129,5.58313,0
-0.091593,-0.040027,0,-3.57478,5.59186,0
-0.091594,-0.040016,0,-3.57478,5.59186,0
-0.091597,-0.039959,0,-3.57548,5.59448,0
-0.091597,-0.039955,0,-3.57496,5.59361,0
-0.091538,-0.037749,0,-3.58438,5.62136,0
-0.091538,-0.037737,0,-3.58438,5.62136,0
-0.091538,-0.037734,0,-3.58438,5.62136,0
-0.091538,-0.037735,0,-3.58438,5.62136,0
-0.091538,-0.037736,0,-3.58438,5.62136,0
-0.091538,-0.037735,0,-3.58438,5.62136,0
-0.091538,-0.037735,0,-3.58438,5.62136,0
-0.091538,-0.037735,0,-3.58438,5.62118,0
-0.091538,-0.037735,0,-3.58438,5.62118,0
-0.091538,-0.037735,0,-3.58438,5.62118,0
-0.091538,-0.037735,0,-3.58438,5.62118,0
-0.091501,-0.035806,0,-3.58456,5.62729,0
-0.091501,-0.035795,0,-3.58456,5.62729,0
-0.091501,-0.035796,0,-3.58456,5.62729,0
-0.091501,-0.035797,0,-3.58456,5.62729,0
-0.091502,-0.035796,0,-3.58456,5.62712,0
-0.091502,-0.035796,0,-3.58456,5.62712,0
-0.091515,-0.033377,0,-3.57601,5.60687,0
-0.091515,-0.033347,0,-3.57618,5.60687,0
-0.09102,-0.030043,0,-3.10128,5.61595,0
-0.09102,-0.030024,0,-3.10128,5.61595,0
-0.091007,-0.030011,0,-2.49739,5.47475,0
-0.091007,-0.030011,0,-2.4946,5.47457,0
-0.090567,-0.041509,0,-2.26177,5.62886,0
-0.090567,-0.041536,0,-2.26177,5.62886,0
-0.090375,-0.030048,0,-2.90702,5.34943,0
-0.090375,-0.030031,0,-2.90702,5.34943,0
-0.088582,-0.045792,0,-1.94639,5.88281,0
-0.088582,-0.045808,0,-1.94639,5.88281,0
-0.089398,-0.043122,0,-2.37417,5.75889,0
-0.089398,-0.043112,0,-2.37417,5.75889,0
-0.089632,-0.043015,0,-2.6728,5.7451,0
-0.089634,-0.043015,0,-2.67489,5.7451,0
-0.089355,-0.043036,0,-2.78083,5.79222,0
-0.089353,-0.043013,0,-2.78118,5.7924,0
-0.089325,-0.040479,0,-2.82429,5.82434,0
-0.089325,-0.040466,0,-2.82429,5.82434,0
-0.089577,-0.035029,0,-2.74436,5.75261,0
-0.089577,-0.035013,0,-2.74436,5.75261,0
-0.088985,-0.036618,0,-2.14693,5.83708,0
-0.088984,-0.036635,0,-2.14588,5.83708,0
-0.088339,-0.040689,0,-2.15461,5.84214,0
-0.088339,-0.040702,0,-2.15461,5.84214,0
-0.088366,-0.040703,0,-2.16142,5.84005,0
-0.088363,-0.040703,0,-2.16089,5.84092,0
-0.088364,-0.040703,0,-2.16089,5.84092,0
-0.088365,-0.040703,0,-2.16072,5.84074,0
-0.088365,-0.040703,0,-2.16072,5.84074,0
-0.088096,-0.040847,0,-2.05076,5.88124,0
-0.088087,-0.04085,0,-2.04937,5.88159,0
-0.088086,-0.040851,0,-2.04937,5.88246,0
-0.088087,-0.040851,0,-2.04937,5.88211,0
-0.088211,-0.040853,0,-2.13454,5.84563,0
-0.088218,-0.040877,0,-2.13716,5.84493,0
-0.088217,-0.04088,0,-2.13663,5.84458,0
-0.088217,-0.040878,0,-2.13663,5.84458,0
-0.088217,-0.040878,0,-2.13681,5.84476,0
-0.088217,-0.040878,0,-2.13663,5.84476,0
-0.087819,-0.042098,0,-2.16875,5.83481,0
-0.087818,-0.042111,0,-2.16875,5.83481,0
-0.087789,-0.041906,0,-2.07799,5.85698,0
-0.08779,-0.041892,0,-2.07555,5.85732,0
-0.087789,-0.041977,0,-2.06891,5.85942,0
-0.087789,-0.041979,0,-2.07136,5.85872,0
-0.08747,-0.042594,0,-1.95128,5.90113,0
-0.087468,-0.042606,0,-1.9511,5.90131,0
-0.087414,-0.0436,0,-2.04378,5.86378,0
-0.087414,-0.04361,0,-2.04378,5.86361,0
-0.087414,-0.04361,0,-2.04378,5.86361,0
-0.087414,-0.04361,0,-2.04378,5.86343,0
-0.087414,-0.04361,0,-2.04378,5.86343,0
-0.087414,-0.04361,0,-2.04378,5.86343,0
-0.087414,-0.04361,0,-2.04378,5.86343,0
-0.087414,-0.04361,0,-2.04378,5.86343,0
-0.087414,-0.04361,0,-2.04396,5.86343,0
-0.087414,-0.04361,0,-2.04378,5.86343,0
-0.087044,-0.044085,0,-1.97763,5.88176,0
-0.087035,-0.044096,0,-1.97746,5.88176,0
-0.087036,-0.044097,0,-1.97746,5.88193,0
-0.087036,-0.044097,0,-1.97763,5.88193,0
-0.087036,-0.044096,0,-1.97746,5.88193,0
-0.087037,-0.044096,0,-1.97763,5.88193,0
-0.087037,-0.044096,0,-1.97763,5.88193,0
-0.087037,-0.044096,0,-1.97746,5.88193,0
-0.087037,-0.044096,0,-1.97746,5.88193,0
-0.087037,-0.044096,0,-1.97746,5.88193,0
-0.087037,-0.044096,0,-1.97746,5.88193,0
-0.087037,-0.044096,0,-1.97728,5.88193,0
-0.087037,-0.044096,0,-1.97728,5.88193,0
-0.08676,-0.044631,0,-1.84708,5.92085,0
-0.086757,-0.044642,0,-1.84638,5.92103,0
-0.086757,-0.044644,0,-1.84638,5.92138,0
-0.086757,-0.044643,0,-1.84638,5.92138,0
-0.086783,-0.045071,0,-1.77465,5.94738,0
-0.086699,-0.04602,0,-1.82335,5.92696,0
-0.086699,-0.04603,0,-1.82335,5.92696,0
-0.086699,-0.046032,0,-1.82352,5.92696,0
-0.086699,-0.046032,0,-1.82335,5.92696,0
-0.086699,-0.046032,0,-1.82335,5.92696,0
-0.086699,-0.046032,0,-1.82352,5.92696,0
-0.086194,-0.046836,0,-1.82701,5.92417,0
-0.08619,-0.046846,0,-1.82701,5.92417,0
-0.086188,-0.046851,0,-1.82701,5.92417,0
-0.086189,-0.046849,0,-1.82701,5.92417,0
-0.086189,-0.04685,0,-1.82701,5.92417,0
-0.086189,-0.046851,0,-1.82701,5.92417,0
