-0.101637,-0.032132,0,1.62961,1.56905,0
-0.101637,-0.03212,0,1.62961,1.56905,0
-0.101637,-0.032121,0,1.62961,1.56905,0
-0.101637,-0.032121,0,1.62961,1.56905,0
-0.101637,-0.032121,0,1.62961,1.56905,0
-0.101637,-0.032121,0,1.62961,1.56905,0
-0.101637,-0.032121,0,1.62961,1.56905,0
-0.101637,-0.032121,0,1.62961,1.56905,0
-0.101637,-0.032121,0,1.62961,1.56905,0
-0.101637,-0.032121,0,1.62961,1.56905,0
-0.101637,-0.032121,0,1.62961,1.56905,0
-0.101637,-0.032121,0,1.62961,1.56905,0
-0.101843,-0.031906,0,1.62228,1.49871,0
-0.101845,-0.031905,0,1.62211,1.49645,0
-0.101844,-0.031905,0,1.62211,1.49714,0
-0.101844,-0.031906,0,1.62211,1.49749,0
-0.101844,-0.031906,0,1.62211,1.49732,0
-0.101844,-0.031906,0,1.62211,1.49714,0
-0.101844,-0.031906,0,1.62211,1.49714,0
-0.101844,-0.031906,0,1.62211,1.49714,0
-0.101844,-0.031906,0,1.62211,1.49714,0
-0.101844,-0.031906,0,1.62211,1.49714,0
-0.101844,-0.031906,0,1.62211,1.49714,0
-0.101844,-0.031906,0,1.62211,1.49714,0
-0.101844,-0.031906,0,1.62211,1.49714,0
-0.101844,-0.031906,0,1.62211,1.49714,0
-0.101844,-0.031906,0,1.62211,1.49714,0
-0.101821,-0.032582,0,1.63049,1.56643,0
-0.101821,-0.032594,0,1.63049,1.56661,0
-0.101675,-0.032353,0,1.63939,1.64445,0
-0.101668,-0.032339,0,1.63956,1.64585,0
-0.101173,-0.034232,0,1.6551,1.79315,0
-0.101173,-0.034245,0,1.6551,1.79315,0
-0.100965,-0.032751,0,1.63782,1.64777,0
-0.100965,-0.03274,0,1.63782,1.64777,0
-0.100965,-0.032743,0,1.63782,1.64777,0
-0.100965,-0.032742,0,1.63782,1.64777,0
-0.100965,-0.032742,0,1.63782,1.64777,0
-0.100965,-0.032742,0,1.63782,1.64777,0
-0.100965,-0.032742,0,1.63782,1.64777,0
-0.100965,-0.032742,0,1.63782,1.64777,0
-0.100965,-0.032742,0,1.63782,1.64777,0
-0.100965,-0.032742,0,1.63782,1.64777,0
-0.100965,-0.032742,0,1.63782,1.64777,0
-0.100965,-0.032742,0,1.63782,1.64777,0
-0.101281,-0.031892,0,1.65213,1.78006,0
-0.101284,-0.031891,0,1.65213,1.78076,0
-0.101283,-0.031891,0,1.65213,1.78076,0
-0.101283,-0.031891,0,1.65213,1.78076,0
-0.101283,-0.031891,0,1.65213,1.78076,0
-0.101283,-0.031891,0,1.65213,1.78076,0
-0.101283,-0.031891,0,1.65213,1.78076,0
-0.101283,-0.031891,0,1.65213,1.78076,0
-0.101283,-0.031891,0,1.65213,1.78076,0
-0.101283,-0.031891,0,1.65213,1.78076,0
-0.101283,-0.031891,0,1.65213,1.78076,0
-0.101283,-0.031891,0,1.65213,1.78076,0
-0.101283,-0.031891,0,1.65213,1.78076,0
-0.101283,-0.031891,0,1.65213,1.78076,0
-0.101283,-0.031891,0,1.65213,1.78076,0
-0.101283,-0.031891,0,1.65213,1.78076,0
-0.101283,-0.031891,0,1.65213,1.78076,0
-0.101283,-0.031891,0,1.65213,1.78076,0
-0.100962,-0.031608,0,1.65771,1.84237,0
-0.10095,-0.031603,0,1.65771,1.84254,0
-0.100951,-0.031603,0,1.65771,1.84307,0
-0.100951,-0.031603,0,1.65771,1.84307,0
-0.100951,-0.031603,0,1.65771,1.84307,0
-0.100951,-0.031603,0,1.65771,1.84307,0
-0.100951,-0.031603,0,1.65771,1.84307,0
-0.100951,-0.031603,0,1.65771,1.84307,0
-0.100951,-0.031603,0,1.65771,1.84307,0
-0.100951,-0.031603,0,1.65771,1.84307,0
-0.100951,-0.031603,0,1.65771,1.84307,0
-0.100951,-0.031603,0,1.65771,1.84307,0
-0.100951,-0.031603,0,1.65771,1.84307,0
-0.100951,-0.031603,0,1.65771,1.84307,0
-0.100951,-0.031603,0,1.65771,1.84307,0
-0.100951,-0.031603,0,1.65771,1.84307,0
-0.100951,-0.031603,0,1.65771,1.84307,0
-0.100951,-0.031603,0,1.65771,1.84307,0
-0.100951,-0.031603,0,1.65771,1.84307,0
-0.100951,-0.031603,0,1.65771,1.84307,0
-0.100951,-0.031603,0,1.65771,1.84307,0
-0.100951,-0.031603,0,1.65771,1.84307,0
-0.100793,-0.031321,0,1.66487,1.92073,0
-0.100787,-0.03131,0,1.66487,1.92178,0
-0.100786,-0.031308,0,1.66504,1.92196,0
-0.100786,-0.031308,0,1.66504,1.92196,0
-0.100787,-0.031309,0,1.66504,1.92178,0
-0.100787,-0.031309,0,1.66504,1.92178,0
-0.100786,-0.031309,0,1.66504,1.92178,0
-0.100786,-0.031309,0,1.66504,1.92178,0
-0.100787,-0.031309,0,1.66504,1.92178,0
-0.100787,-0.031309,0,1.66504,1.92178,0
-0.100786,-0.031309,0,1.66504,1.92178,0
-0.100786,-0.031309,0,1.66504,1.92178,0
-0.100787,-0.031309,0,1.66504,1.92178,0
-0.100787,-0.031309,0,1.66504,1.92178,0
-0.100786,-0.031309,0,1.66504,1.92178,0
-0.100786,-0.031309,0,1.66504,1.92178,0
-0.100787,-0.031309,0,1.66504,1.92178,0
-0.100787,-0.031309,0,1.66504,1.92178,0
-0.100786,-0.031309,0,1.66504,1.92178,0
-0.100786,-0.031309,0,1.66504,1.92178,0
-0.100871,-0.031074,0,1.67429,2.0258,0
-0.100874,-0.031064,0,1.67447,2.02825,0
-0.100782,-0.030858,0,1.67098,2.05338,0
-0.100787,-0.030841,0,1.6708,2.05233,0
-0.100812,-0.030817,0,1.66295,2.00852,0
-0.100813,-0.030817,0,1.66278,2.00503,0
-0.100813,-0.030816,0,1.66278,2.00538,0
-0.100813,-0.030816,0,1.66278,2.00538,0
-0.100814,-0.030816,0,1.66853,1.95459,0
-0.10093,-0.030934,0,1.65789,1.88356,0
-0.100938,-0.030941,0,1.65771,1.88146,0
-0.100939,-0.03094,0,1.65736,1.87396,0
-0.100939,-0.03094,0,1.65736,1.87728,0
-0.101013,-0.030992,0,1.68878,1.97571,0
-0.101011,-0.030969,0,1.68965,1.97973,0
-0.101777,-0.031961,0,1.70728,2.08288,0
-0.101783,-0.03197,0,1.70728,2.08305,0
-0.101244,-0.030979,0,1.69943,2.05879,0
-0.101241,-0.030968,0,1.69943,2.05862,0
-0.101242,-0.030967,0,1.69943,2.05862,0
-0.101242,-0.030967,0,1.69943,2.05862,0
-0.100774,-0.031033,0,1.81776,2.07642,0
-0.100237,-0.03049,0,1.82352,2.17293,0
-0.100226,-0.03048,0,1.82352,2.17381,0
-0.100224,-0.030478,0,1.82352,2.17398,0
-0.100225,-0.030479,0,1.82352,2.17381,0
-0.10025,-0.030416,0,1.82247,2.16927,0
-0.100245,-0.030412,0,1.82282,2.17067,0
-0.100245,-0.030415,0,1.82282,2.17067,0
-0.100245,-0.030414,0,1.82282,2.17067,0
-0.100246,-0.030413,0,1.82265,2.17049,0
-0.100246,-0.030413,0,1.82265,2.17049,0
-0.100247,-0.030413,0,1.82265,2.17049,0
-0.100247,-0.030413,0,1.82265,2.17049,0
-0.100247,-0.030413,0,1.82265,2.17049,0
-0.100361,-0.030333,0,1.81776,2.15129,0
-0.101146,-0.031267,0,1.82998,2.25915,0
-0.101153,-0.031278,0,1.82998,2.25915,0
-0.101154,-0.031279,0,1.82998,2.25933,0
-0.101154,-0.031278,0,1.82998,2.25933,0
-0.100914,-0.030647,0,1.82195,2.24729,0
-0.100906,-0.030609,0,1.82195,2.24711,0
-0.100906,-0.030609,0,1.82195,2.24711,0
-0.100906,-0.030609,0,1.82195,2.24711,0
-0.100906,-0.030609,0,1.82195,2.24711,0
-0.100906,-0.030609,0,1.82195,2.24711,0
-0.100504,-0.030961,0,2.66669,2.29197,0
-0.100502,-0.030962,0,2.66913,2.29214,0
-0.100018,-0.030078,0,2.68973,2.31553,0
-0.1,-0.03,0,1.58022,2.26701,0
-0.1,-0.03,0,1.57341,2.26701,0
-0.1,-0.03,0,1.59261,2.39093,0
-0.1,-0.03,0,1.58616,2.39145,0
-0.100011,-0.03014,0,2.38063,2.42199,0
-0.100011,-0.03014,0,2.38778,2.42182,0
-0.099829,-0.030036,0,2.37923,2.51537,0
-0.099828,-0.030036,0,2.38587,2.51519,0
-0.099951,-0.030002,0,2.30087,2.50682,0
-0.099547,-0.030008,0,2.39058,2.59862,0
-0.099501,-0.030008,0,2.39197,2.60019,0
-0.099497,-0.030007,0,2.38534,2.60072,0
-0.099498,-0.030007,0,2.38761,2.60037,0
-0.099705,-0.030005,0,2.38796,2.62271,0
-0.099997,-0.03,0,1.99229,2.67891,0
-0.099999,-0.03,0,1.98863,2.67908,0
-0.100081,-0.030451,0,2.03959,2.80003,0
-0.099989,-0.030494,0,2.04221,2.80213,0
-0.099127,-0.029999,0,0.92485,2.76443,0
-0.099123,-0.029999,0,0.922581,2.76443,0
-0.09936,-0.032702,0,0.918392,2.92273,0
-0.099224,-0.032133,0,0.915425,2.99167,0
-0.099223,-0.032123,0,0.915425,2.99184,0
-0.098827,-0.030304,0,0.862193,2.98731,0
-0.098827,-0.030292,0,0.862193,2.98731,0
-0.098383,-0.034062,0,0.849277,3.06009,0
-0.098383,-0.034075,0,0.849277,3.06009,0
-0.098441,-0.034075,0,0.843518,3.05625,0
-0.098443,-0.034075,0,0.845437,3.05782,0
-0.098472,-0.034024,0,0.837234,3.0531,0
-0.098469,-0.034024,0,0.839503,3.05468,0
-0.098352,-0.030544,0,0.746128,3.02867,0
-0.098352,-0.030528,0,0.746128,3.02867,0
-0.098776,-0.034624,0,0.74351,3.20634,0
-0.098776,-0.034635,0,0.74351,3.20634,0
-0.098776,-0.034644,0,0.74351,3.20634,0
-0.098776,-0.034642,0,0.74351,3.20634,0
-0.098776,-0.034641,0,0.74351,3.20634,0
-0.097932,-0.031201,0,0.544368,3.23008,0
-0.097932,-0.031181,0,0.544368,3.23008,0
-0.098611,-0.037472,0,0.836187,3.38594,0
-0.098611,-0.037491,0,0.836187,3.38594,0
-0.09785,-0.038998,0,0.834442,3.38175,0
-0.097793,-0.041262,0,0.832522,3.3835,0
-0.097793,-0.041266,0,0.832522,3.3835,0
-0.097793,-0.041265,0,0.832522,3.3835,0
-0.097793,-0.041264,0,0.832522,3.3835,0
-0.097793,-0.041264,0,0.832522,3.3835,0
-0.097434,-0.038268,0,0.816989,3.41578,0
-0.097434,-0.038254,0,0.816989,3.41578,0
-0.097445,-0.038173,0,0.814196,3.42329,0
-0.097443,-0.038166,0,0.814894,3.42154,0
-0.097444,-0.038169,0,0.814894,3.42137,0
-0.097444,-0.038169,0,0.814894,3.42154,0
-0.097444,-0.038168,0,0.814894,3.42172,0
-0.097444,-0.038168,0,0.814894,3.42172,0
-0.097444,-0.038168,0,0.814894,3.42172,0
-0.097444,-0.038168,0,0.814894,3.42172,0
-0.097444,-0.038168,0,0.814894,3.42172,0
-0.097444,-0.038168,0,0.814894,3.42172,0
-0.097542,-0.038219,0,0.812451,3.4287,0
-0.097689,-0.035819,0,0.781558,3.50968,0
-0.097689,-0.035806,0,0.781558,3.50968,0
-0.097616,-0.035745,0,0.781558,3.51597,0
-0.097599,-0.035742,0,0.781558,3.51265,0
-0.097443,-0.038989,0,0.760614,3.60655,0
-0.097443,-0.039002,0,0.760614,3.60655,0
-0.097444,-0.039003,0,0.760614,3.60655,0
-0.097444,-0.039003,0,0.760614,3.60655,0
-0.097444,-0.039002,0,0.760614,3.60655,0
-0.097444,-0.039002,0,0.760614,3.60655,0
-0.097444,-0.039002,0,0.760614,3.60655,0
-0.097444,-0.039002,0,0.760614,3.60655,0
-0.097444,-0.039002,0,0.760614,3.60655,0
-0.09697,-0.038602,0,0.748397,3.65664,0
-0.096957,-0.038594,0,0.748397,3.65699,0
-0.096955,-0.038593,0,0.748223,3.65734,0
-0.096955,-0.038594,0,0.748223,3.65734,0
-0.096956,-0.038594,0,0.748397,3.65734,0
-0.096956,-0.038594,0,0.748397,3.65734,0
-0.096955,-0.038594,0,0.748397,3.65734,0
-0.096955,-0.038594,0,0.748397,3.65734,0
-0.096955,-0.038594,0,0.748397,3.65734,0
-0.096955,-0.038594,0,0.748397,3.65734,0
-0.096955,-0.038594,0,0.748397,3.65734,0
-0.096956,-0.038594,0,0.748397,3.65734,0
-0.096721,-0.034606,0,0.733387,3.72453,0
-0.096721,-0.034594,0,0.733387,3.72453,0
-0.096722,-0.034597,0,0.733387,3.72453,0
-0.096722,-0.034596,0,0.733387,3.72453,0
-0.097305,-0.035017,0,0.729373,3.76712,0
-0.097316,-0.035021,0,0.729373,3.76729,0
-0.097316,-0.035022,0,0.729373,3.76747,0
-0.097316,-0.035021,0,0.729373,3.76747,0
-0.097316,-0.035021,0,0.729373,3.76747,0
-0.097109,-0.030082,0,1.07547,3.88336,0
-0.097109,-0.030068,0,1.07547,3.88336,0
-0.097746,-0.031228,0,0.990823,3.75403,0
-0.098014,-0.037752,0,2.05373,3.83065,0
-0.096231,-0.030069,0,1.86192,3.72087,0
-0.096716,-0.033853,0,1.8675,3.87446,0
-0.096716,-0.033873,0,1.8675,3.87446,0
-0.096827,-0.030101,0,1.70623,3.80761,0
-0.096827,-0.030088,0,1.70623,3.80761,0
-0.096624,-0.032698,0,1.71007,3.97953,0
-0.096624,-0.032699,0,1.71007,3.97953,0
-0.096624,-0.032699,0,1.71007,3.97953,0
-0.095858,-0.030379,0,1.55753,3.9125,0
-0.095858,-0.03036,0,1.55753,3.9125,0
-0.096323,-0.033169,0,2.06647,4.03642,0
-0.096323,-0.03318,0,2.06647,4.03642,0
-0.096324,-0.033182,0,2.06647,4.03642,0
-0.096331,-0.033132,0,2.0628,4.02874,0
-0.096328,-0.033159,0,2.06472,4.03311,0
-0.096253,-0.030041,0,1.37619,3.95893,0
-0.096253,-0.03002,0,1.37619,3.95893,0
-0.096495,-0.043837,0,2.3089,4.32999,0
-0.096495,-0.043857,0,2.3089,4.32999,0
-0.094985,-0.044293,0,1.84534,4.21898,0
-0.094732,-0.043996,0,1.71705,4.3518,0
-0.094722,-0.043984,0,1.71566,4.3539,0
-0.094377,-0.042609,0,1.67866,4.419,0
-0.094376,-0.042594,0,1.67866,4.419,0
-0.094748,-0.040754,0,1.70711,4.35774,0
-0.094748,-0.040739,0,1.70711,4.35756,0
-0.095699,-0.043451,0,1.72212,4.33854,0
-0.0957,-0.043465,0,1.72212,4.33854,0
-0.094039,-0.038327,0,1.72334,4.33662,0
-0.094039,-0.038311,0,1.72334,4.33662,0
-0.095194,-0.039873,0,1.71164,4.36071,0
-0.0952,-0.039889,0,1.71164,4.36071,0
-0.095363,-0.040146,0,1.68913,4.40521,0
-0.095364,-0.040159,0,1.68913,4.40521,0
-0.094739,-0.041475,0,1.65789,4.48637,0
-0.094737,-0.041485,0,1.65789,4.48637,0
-0.094737,-0.041487,0,1.65789,4.48654,0
-0.094737,-0.041486,0,1.65789,4.48654,0
-0.094737,-0.041485,0,1.65789,4.48654,0
-0.094365,-0.038469,0,1.64532,4.52162,0
-0.094365,-0.038457,0,1.64532,4.52162,0
-0.094973,-0.039176,0,1.63188,4.57241,0
-0.094974,-0.039205,0,1.63188,4.57241,0
-0.094072,-0.039191,0,1.62263,4.61413,0
-0.093364,-0.031111,0,2.48884,4.66893,0
-0.093364,-0.031096,0,2.48884,4.66893,0
-0.094181,-0.030176,0,2.08148,4.3237,0
-0.094202,-0.030156,0,2.07869,4.32178,0
-0.094711,-0.034544,0,3.06305,4.63053,0
-0.094704,-0.041615,0,0.0801106,4.12142,0
-0.094704,-0.041616,0,0.0767945,4.12142,0
-0.089601,-0.053322,0,-1.37811,4.67085,0
-0.089601,-0.053337,0,-1.37811,4.67085,0
-0.095569,-0.037604,0,-1.73765,4.22579,0
-0.094425,-0.030041,0,-1.57848,4.40259,0
-0.094425,-0.030028,0,-1.57848,4.40259,0
-0.09446,-0.030301,0,-1.542,4.6506,0
-0.094461,-0.030304,0,-1.542,4.65305,0
-0.094324,-0.033196,0,-1.52507,4.77225,0
-0.094324,-0.033211,0,-1.52507,4.77225,0
-0.094301,-0.031646,0,-1.54881,4.64101,0
-0.095043,-0.032632,0,-1.54235,4.68062,0
-0.095049,-0.032644,0,-1.54235,4.68062,0
-0.09452,-0.031361,0,-1.54723,4.64746,0
-0.091467,-0.03,0,-1.47498,4.53716,0
-0.091452,-0.03,0,-1.47498,4.53716,0
-0.094326,-0.030865,0,-1.42995,4.78953,0
-0.094337,-0.030865,0,-1.42995,4.78953,0
-0.09413,-0.034576,0,-1.42332,4.83439,0
-0.09413,-0.034589,0,-1.42332,4.83439,0
-0.094048,-0.032333,0,-1.43658,4.76929,0
-0.094048,-0.03232,0,-1.43658,4.76929,0
-0.094377,-0.030113,0,-1.42297,4.84835,0
-0.094378,-0.030102,0,-1.42297,4.84835,0
-0.094373,-0.030101,0,-1.42175,4.85568,0
-0.094374,-0.030101,0,-1.42209,4.85324,0
-0.093973,-0.033817,0,-1.41983,4.86999,0
-0.093385,-0.032062,0,-1.40516,4.94626,0
-0.093385,-0.032057,0,-1.40516,4.94626,0
-0.093385,-0.032058,0,-1.40516,4.94626,0
-0.093385,-0.03206,0,-1.40499,4.94626,0
-0.093385,-0.032058,0,-1.40499,4.94626,0
-0.093385,-0.032058,0,-1.40499,4.94626,0
-0.093385,-0.032058,0,-1.40499,4.94626,0
-0.093385,-0.032058,0,-1.40499,4.94626,0
-0.093385,-0.032058,0,-1.40499,4.94626,0
-0.093385,-0.032058,0,-1.40499,4.94626,0
-0.093385,-0.032058,0,-1.40499,4.94626,0
-0.093668,-0.031521,0,-1.38823,5.04418,0
-0.093673,-0.031507,0,-1.38823,5.0447,0
-0.093683,-0.031424,0,-1.38701,5.05308,0
-0.093681,-0.031421,0,-1.38719,5.05081,0
-0.093681,-0.031423,0,-1.38719,5.05081,0
-0.093681,-0.031422,0,-1.38701,5.05081,0
-0.094006,-0.031405,0,-1.39574,5.00438,0
-0.094016,-0.031405,0,-1.39574,5.00403,0
-0.094018,-0.031405,0,-1.39574,5.00368,0
-0.094017,-0.031405,0,-1.39574,5.00368,0
-0.094017,-0.031405,0,-1.39574,5.00368,0
-0.094017,-0.031405,0,-1.39574,5.00368,0
-0.094017,-0.031405,0,-1.39574,5.00368,0
-0.094017,-0.031405,0,-1.39574,5.00368,0
-0.093453,-0.033037,0,-1.38614,5.07071,0
-0.093452,-0.033049,0,-1.38614,5.07088,0
-0.092833,-0.033863,0,-1.37445,5.13773,0
-0.092829,-0.033876,0,-1.37445,5.13773,0
-0.093586,-0.031868,0,-1.38649,5.08781,0
-0.093586,-0.031856,0,-1.38649,5.08781,0
-0.093521,-0.031917,0,-1.38858,5.07734,0
-0.093509,-0.031925,0,-1.38806,5.08153,0
-0.093641,-0.032337,0,-1.37741,5.15186,0
-0.093642,-0.032351,0,-1.37741,5.15186,0
-0.092904,-0.033963,0,-1.37096,5.19759,0
-0.092902,-0.033967,0,-1.37096,5.19759,0
-0.092902,-0.033966,0,-1.37096,5.19759,0
-0.092781,-0.03154,0,-1.38178,5.15466,0
-0.092781,-0.031528,0,-1.38178,5.15466,0
-0.092908,-0.033308,0,-1.36921,5.23529,0
-0.092908,-0.033319,0,-1.36921,5.23529,0
-0.092908,-0.033321,0,-1.36921,5.23529,0
-0.092908,-0.03332,0,-1.36921,5.23529,0
-0.092908,-0.03332,0,-1.36921,5.23529,0
-0.092908,-0.03332,0,-1.36921,5.23529,0
-0.092908,-0.03332,0,-1.36921,5.23529,0
-0.092908,-0.03332,0,-1.36921,5.23529,0
-0.092908,-0.03332,0,-1.36921,5.23529,0
-0.092908,-0.03332,0,-1.36921,5.23529,0
-0.092908,-0.03332,0,-1.36921,5.23529,0
-0.092908,-0.03332,0,-1.36921,5.23529,0
-0.092908,-0.03332,0,-1.36921,5.23529,0
-0.092908,-0.03332,0,-1.36921,5.23529,0
-0.092908,-0.03332,0,-1.36921,5.23529,0
-0.092908,-0.03332,0,-1.36921,5.23529,0
-0.092329,-0.034124,0,-1.34146,5.37736,0
-0.092323,-0.034134,0,-1.34146,5.37753,0
-0.09232,-0.034141,0,-1.34129,5.37806,0
-0.092323,-0.034138,0,-1.34129,5.37806,0
-0.092322,-0.034138,0,-1.34129,5.37806,0
-0.092395,-0.034095,0,-1.34408,5.36741,0
-0.092403,-0.03409,0,-1.34338,5.37055,0
-0.092652,-0.031744,0,-1.35769,5.31976,0
-0.092652,-0.031731,0,-1.35769,5.31976,0
-0.092652,-0.031733,0,-1.35769,5.31976,0
-0.092652,-0.031733,0,-1.35769,5.31976,0
-0.092557,-0.034452,0,-1.33989,5.43129,0
-0.092557,-0.034462,0,-1.33989,5.43129,0
-0.092557,-0.034466,0,-1.33989,5.43129,0
-0.092557,-0.034463,0,-1.33989,5.43129,0
-0.092557,-0.034463,0,-1.33989,5.43129,0
-0.092557,-0.034464,0,-1.33989,5.43129,0
-0.092557,-0.034464,0,-1.33989,5.43129,0
-0.092046,-0.032304,0,-1.33622,5.45572,0
-0.092045,-0.032295,0,-1.33622,5.45572,0
-0.092045,-0.032293,0,-1.33622,5.45572,0
-0.092045,-0.032294,0,-1.33622,5.45572,0
-0.092444,-0.032883,0,-1.32558,5.52222,0
-0.092451,-0.032897,0,-1.32558,5.5224,0
-0.092503,-0.032957,0,-1.32436,5.5292,0
-0.092497,-0.032951,0,-1.32453,5.52746,0
-0.092499,-0.032953,0,-1.3247,5.52816,0
-0.092499,-0.032952,0,-1.3247,5.52816,0
-0.092499,-0.032952,0,-1.3247,5.52781,0
-0.092499,-0.032952,0,-1.3247,5.52781,0
-0.0925,-0.032952,0,-1.3247,5.52781,0
-0.0925,-0.032952,0,-1.3247,5.52781,0
-0.0925,-0.032952,0,-1.3247,5.52781,0
-0.0925,-0.032952,0,-1.3247,5.52781,0
-0.092501,-0.032952,0,-1.3247,5.52781,0
-0.092501,-0.032952,0,-1.3247,5.52781,0
-0.092104,-0.034903,0,-1.31493,5.58802,0
-0.092103,-0.034915,0,-1.31493,5.58802,0
-0.092031,-0.034878,0,-1.31825,5.5786,0
-0.092021,-0.034873,0,-1.31755,5.58139,0
-0.09163,-0.031424,0,-1.33029,5.54578,0
-0.09163,-0.031407,0,-1.33029,5.54578,0
-0.091707,-0.035402,0,-1.31022,5.66656,0
-0.091707,-0.035414,0,-1.31022,5.66656,0
-0.09155,-0.031682,0,-1.32296,5.6348,0
-0.09155,-0.031668,0,-1.32296,5.6348,0
-0.091515,-0.037324,0,-1.31545,5.69361,0
-0.091515,-0.037337,0,-1.31545,5.69361,0
-0.091784,-0.030889,0,-1.32907,5.66394,0
-0.091784,-0.030875,0,-1.32907,5.66394,0
-0.091287,-0.038334,0,-1.29661,5.85942,0
-0.091287,-0.038346,0,-1.29661,5.85942,0
-0.090932,-0.031344,0,-1.30586,5.84458,0
-0.090932,-0.031334,0,-1.30586,5.84458,0
-0.091321,-0.036722,0,-1.29416,5.92592,0
-0.091321,-0.036734,0,-1.29416,5.92592,0
-0.090883,-0.031764,0,-1.28805,5.95053,0
-0.090883,-0.031752,0,-1.28805,5.95053,0
-0.090417,-0.037533,0,-1.25158,6.12733,0
-0.090417,-0.037544,0,-1.25158,6.12733,0
-0.090429,-0.031732,0,-1.30132,6.03919,0
-0.090429,-0.03172,0,-1.30132,6.03936,0
-0.090694,-0.037875,0,-1.27461,6.17044,0
-0.090694,-0.037888,0,-1.27461,6.17044,0
-0.089958,-0.032853,0,-1.25384,6.21564,0
-0.090233,-0.034398,0,-1.24145,6.27917,0
-0.090233,-0.034411,0,-1.24145,6.27917,0
-0.090339,-0.034366,0,-1.24425,6.27236,0
-0.090336,-0.034385,0,-1.24302,6.27516,0
-0.0895,-0.037175,0,-1.21039,0.0975639,0
-0.0895,-0.037175,0,-1.21039,0.095644,0
-0.089708,-0.034001,0,-1.26973,0.00959931,0
-0.089708,-0.033988,0,-1.26973,0.00959931,0
-0.089411,-0.034602,0,-1.20794,0.178024,0
-0.089409,-0.034617,0,-1.20794,0.178547,0
-0.089004,-0.037057,0,-1.16152,0.289027,0
-0.089004,-0.037068,0,-1.16152,0.289027,0
-0.089147,-0.032358,0,-1.28194,0.141023,0
-0.089147,-0.032344,0,-1.28194,0.141023,0
-0.088935,-0.039775,0,-1.21388,0.338594,0
-0.088935,-0.039789,0,-1.21388,0.338594,0
-0.088498,-0.034885,0,-1.23482,0.325853,0
-0.088498,-0.034868,0,-1.23482,0.325678,0
-0.089233,-0.033391,0,-1.23988,0.337372,0
-0.089235,-0.033378,0,-1.23988,0.337372,0
-0.089003,-0.038518,0,-1.17792,0.477173,0
-0.089003,-0.038531,0,-1.17792,0.477173,0
-0.088363,-0.034393,0,-1.28578,0.403171,0
-0.088363,-0.034379,0,-1.28578,0.403171,0
-0.088429,-0.037568,0,-1.16518,0.568105,0
-0.088429,-0.03758,0,-1.16518,0.568105,0
-0.088048,-0.03598,0,-1.26519,0.511731,0
-0.087929,-0.034059,0,-1.19485,0.575086,0
-0.087929,-0.034045,0,-1.19485,0.575086,0
-0.088005,-0.033976,0,-1.1959,0.580497,0
-0.088016,-0.03397,0,-1.19555,0.578751,0
-0.088014,-0.033973,0,-1.19555,0.578751,0
-0.088014,-0.033972,0,-1.19555,0.578751,0
-0.088015,-0.033971,0,-1.19573,0.578926,0
-0.088015,-0.033971,0,-1.19573,0.578926,0
-0.088014,-0.033972,0,-1.19573,0.578926,0
-0.088014,-0.033972,0,-1.19573,0.578926,0
-0.088015,-0.033972,0,-1.19573,0.578926,0
-0.088015,-0.033972,0,-1.19573,0.578926,0
-0.088015,-0.033972,0,-1.19573,0.578926,0
-0.088015,-0.033972,0,-1.19573,0.578926,0
-0.088015,-0.033972,0,-1.19573,0.578926,0
-0.088015,-0.033972,0,-1.19573,0.578926,0
-0.088015,-0.033972,0,-1.19573,0.578926,0
-0.088052,-0.038619,0,-1.06221,0.736005,0
-0.088052,-0.038631,0,-1.06221,0.736005,0
-0.087464,-0.037417,0,-1.20847,0.684693,0
-0.087462,-0.037402,0,-1.20847,0.684693,0
-0.087518,-0.034165,0,-1.34565,0.658687,0
-0.087518,-0.03415,0,-1.34565,0.658687,0
-0.087705,-0.035342,0,-1.04667,0.767945,0
-0.088274,-0.03706,0,-1.08786,0.757298,0
-0.087399,-0.037104,0,-1.14912,0.739845,0
-0.087386,-0.037104,0,-1.14912,0.739845,0
-0.08717,-0.034568,0,-1.10689,0.760964,0
-0.08691,-0.039926,0,-0.877901,0.910189,0
-0.08691,-0.039938,0,-0.877901,0.910189,0
-0.08691,-0.039941,0,-0.877901,0.910189,0
-0.086825,-0.037954,0,-0.954172,0.893609,0
-0.086825,-0.037942,0,-0.954172,0.893609,0
-0.087055,-0.035237,0,-1.01596,0.883835,0
-0.087055,-0.035227,0,-1.01596,0.883835,0
-0.087055,-0.035222,0,-1.01596,0.883835,0
-0.086854,-0.034736,0,-0.941605,0.929737,0
-0.08685,-0.034723,0,-0.941256,0.929911,0
-0.087007,-0.036929,0,-0.835838,1.00164,0
-0.087007,-0.036943,0,-0.835838,1.00164,0
-0.086763,-0.036723,0,-0.957313,0.964993,0
-0.086753,-0.036711,0,-0.959058,0.964643,0
-0.086753,-0.03671,0,-0.958884,0.963945,0
-0.086753,-0.036711,0,-0.958884,0.96412,0
-0.086755,-0.036711,0,-0.958884,0.964469,0
-0.086755,-0.036711,0,-0.958884,0.964469,0
-0.086723,-0.03413,0,-0.928515,0.980177,0
-0.086789,-0.036475,0,-0.812625,1.05592,0
-0.086789,-0.036486,0,-0.812625,1.05592,0
-0.086789,-0.036488,0,-0.812625,1.05592,0
-0.086789,-0.036487,0,-0.812625,1.05592,0
-0.086789,-0.036486,0,-0.812625,1.05592,0
-0.086039,-0.037388,0,-0.858353,1.05191,0
-0.08603,-0.0374,0,-0.858353,1.05191,0
-0.085939,-0.035151,0,-0.77161,1.06936,0
-0.085939,-0.035141,0,-0.77161,1.06936,0
-0.086755,-0.034184,0,-0.740369,1.09868,0
-0.086766,-0.034171,0,-0.740369,1.09886,0
-0.086841,-0.034172,0,-0.743685,1.10183,0
-0.086848,-0.034172,0,-0.742638,1.10095,0
-0.086845,-0.034172,0,-0.742812,1.1006,0
-0.086845,-0.034172,0,-0.742812,1.10078,0
-0.086404,-0.036204,0,-0.655022,1.17845,0
-0.085873,-0.03742,0,-0.690278,1.17565,0
-0.085872,-0.037429,0,-0.690278,1.17565,0
-0.086348,-0.036125,0,-0.762883,1.16832,0
-0.086348,-0.036112,0,-0.762883,1.16832,0
-0.086197,-0.033201,0,-0.651531,1.20026,0
-0.086197,-0.033187,0,-0.651531,1.20026,0
-0.086086,-0.039116,0,-0.455182,1.31755,0
-0.086086,-0.039132,0,-0.455182,1.31755,0
-0.085415,-0.037377,0,-0.530755,1.29992,0
-0.085415,-0.037361,0,-0.530755,1.29992,0
-0.086083,-0.035421,0,-0.575086,1.29573,0
-0.086084,-0.035411,0,-0.575086,1.29573,0
-0.086084,-0.035412,0,-0.575086,1.29573,0
-0.086084,-0.035412,0,-0.575086,1.29573,0
-0.086084,-0.035412,0,-0.575086,1.29573,0
-0.086084,-0.035412,0,-0.575086,1.29573,0
-0.086084,-0.035412,0,-0.575086,1.29573,0
-0.086084,-0.035412,0,-0.575086,1.29573,0
-0.085697,-0.034292,0,-0.480315,1.3439,0
-0.085696,-0.034288,0,-0.480315,1.34408,0
-0.085696,-0.034289,0,-0.48014,1.34408,0
-0.085696,-0.034289,0,-0.48014,1.34408,0
-0.085696,-0.034289,0,-0.48014,1.34408,0
-0.085696,-0.034289,0,-0.48014,1.34408,0
-0.085696,-0.034289,0,-0.48014,1.34408,0
-0.085696,-0.034289,0,-0.48014,1.34408,0
-0.085696,-0.034289,0,-0.48014,1.34408,0
-0.085696,-0.034289,0,-0.48014,1.34408,0
-0.085696,-0.034289,0,-0.48014,1.34408,0
-0.085696,-0.034289,0,-0.48014,1.34408,0
-0.085696,-0.034289,0,-0.48014,1.34408,0
-0.085696,-0.034289,0,-0.48014,1.34408,0
-0.085696,-0.034289,0,-0.48014,1.34408,0
-0.085696,-0.034289,0,-0.48014,1.34408,0
-0.085696,-0.034289,0,-0.48014,1.34408,0
-0.085696,-0.034289,0,-0.48014,1.34408,0
-0.085617,-0.034483,0,-0.359538,1.42838,0
-0.085614,-0.034491,0,-0.357094,1.42977,0
-0.085415,-0.035318,0,-0.258134,1.50762,0
-0.085414,-0.035331,0,-0.25796,1.50762,0
-0.084851,-0.03701,0,-0.421846,1.43326,0
-0.08485,-0.037015,0,-0.421846,1.43309,0
-0.08485,-0.037014,0,-0.421846,1.43309,0
-0.08485,-0.037013,0,-0.421846,1.43309,0
-0.08485,-0.037014,0,-0.421846,1.43309,0
-0.085334,-0.035942,0,-0.441568,1.43658,0
-0.085336,-0.035929,0,-0.441568,1.43658,0
-0.085571,-0.033078,0,-0.387812,1.46084,0
-0.085571,-0.033066,0,-0.387812,1.46084,0
-0.085683,-0.036171,0,-0.300546,1.54182,0
-0.084619,-0.036345,0,-0.217817,1.57917,0
-0.084609,-0.036346,0,-0.217817,1.57917,0
-0.08461,-0.036346,0,-0.217817,1.57917,0
-0.08461,-0.036346,0,-0.217817,1.57917,0
-0.08461,-0.036346,0,-0.217817,1.57917,0
-0.08461,-0.036346,0,-0.217817,1.57917,0
-0.08461,-0.036346,0,-0.217817,1.57917,0
-0.08461,-0.036346,0,-0.217817,1.57917,0
-0.08461,-0.036346,0,-0.217817,1.57917,0
-0.08461,-0.036346,0,-0.217817,1.57917,0
-0.08461,-0.036346,0,-0.217817,1.57917,0
-0.08461,-0.036346,0,-0.217817,1.57917,0
-0.08461,-0.036346,0,-0.217817,1.57917,0
-0.08461,-0.036346,0,-0.217817,1.57917,0
-0.08461,-0.036346,0,-0.217817,1.57917,0
-0.08461,-0.036346,0,-0.217817,1.57917,0
-0.08461,-0.036346,0,-0.217817,1.57917,0
-0.08461,-0.036346,0,-0.217817,1.57917,0
-0.08461,-0.036346,0,-0.217817,1.57917,0
-0.08461,-0.036346,0,-0.217817,1.57917,0
-0.084409,-0.033974,0,-0.17017,1.60378,0
-0.084409,-0.033963,0,-0.17017,1.60378,0
-0.084409,-0.033962,0,-0.17017,1.60378,0
-0.08441,-0.033963,0,-0.17017,1.60378,0
-0.08441,-0.033963,0,-0.17017,1.60378,0
-0.08441,-0.033963,0,-0.17017,1.60378,0
-0.08441,-0.033963,0,-0.17017,1.60378,0
-0.08441,-0.033963,0,-0.17017,1.60378,0
-0.08441,-0.033963,0,-0.17017,1.60378,0
-0.084942,-0.034723,0,-0.138405,1.64166,0
-0.084122,-0.037689,0,-0.167377,1.6427,0
-0.084122,-0.037701,0,-0.167377,1.6427,0
-0.084357,-0.034725,0,-0.14556,1.65178,0
-0.084357,-0.034713,0,-0.14556,1.65178,0
-0.084614,-0.03436,0,-0.0750492,1.69821,0
-0.08462,-0.03435,0,-0.0745256,1.69821,0
-0.084619,-0.034353,0,-0.0747001,1.69873,0
-0.08462,-0.034352,0,-0.0747001,1.69873,0
-0.084703,-0.032478,0,-0.0158825,1.74882,0
-0.084703,-0.032466,0,-0.0158825,1.74882,0
-0.084715,-0.032467,0,-0.0165806,1.7565,0
-0.084712,-0.032467,0,-0.0164061,1.75353,0
-0.0847,-0.032446,0,-0.0228638,1.75214,0
-0.084837,-0.034563,0,-0.0649262,1.74952,0
-0.084837,-0.034575,0,-0.0649262,1.74952,0
-0.084431,-0.033695,0,0.0122173,1.80153,0
-0.084428,-0.033685,0,0.0122173,1.80153,0
-0.084428,-0.033681,0,0.0123918,1.8017,0
-0.084428,-0.033684,0,0.0123918,1.8017,0
-0.084428,-0.033683,0,0.0123918,1.8017,0
-0.084428,-0.033683,0,0.0123918,1.8017,0
-0.084428,-0.033683,0,0.0123918,1.8017,0
-0.084428,-0.033683,0,0.0123918,1.8017,0
-0.084428,-0.033683,0,0.0123918,1.8017,0
-0.084428,-0.033683,0,0.0123918,1.8017,0
-0.084428,-0.033683,0,0.0123918,1.8017,0
-0.084428,-0.033683,0,0.0123918,1.8017,0
-0.084428,-0.033683,0,0.0123918,1.8017,0
-0.084428,-0.033683,0,0.0123918,1.8017,0
-0.084428,-0.033683,0,0.0123918,1.8017,0
-0.084428,-0.033683,0,0.0123918,1.8017,0
-0.084428,-0.033683,0,0.0123918,1.8017,0
-0.084428,-0.033683,0,0.0123918,1.8017,0
-0.084428,-0.033683,0,0.0123918,1.8017,0
-0.084428,-0.033683,0,0.0123918,1.8017,0
-0.084428,-0.033683,0,0.0123918,1.8017,0
-0.083985,-0.032759,0,0.126187,1.8874,0
-0.083983,-0.032747,0,0.126362,1.8874,0
-0.084784,-0.035964,0,0.210312,1.97292,0
-0.084784,-0.035976,0,0.210312,1.97292,0
-0.084172,-0.034411,0,-0.00575959,1.89037,0
-0.084488,-0.03077,0,0.163537,1.94587,0
-0.084488,-0.030756,0,0.163537,1.94587,0
-0.084711,-0.034988,0,0.112399,1.94046,0
-0.084711,-0.035002,0,0.112399,1.94046,0
-0.083672,-0.031772,0,0.167552,1.97589,0
-0.083672,-0.031759,0,0.167552,1.97589,0
-0.084362,-0.036023,0,0.223402,2.04779,0
-0.084362,-0.036037,0,0.223402,2.04779,0
-0.083796,-0.032024,0,0.214326,2.05547,0
-0.083796,-0.032014,0,0.214326,2.05547,0
-0.083796,-0.032016,0,0.214326,2.05547,0
-0.083796,-0.032016,0,0.214326,2.05547,0
-0.083796,-0.032015,0,0.214326,2.05547,0
-0.083796,-0.032015,0,0.214326,2.05547,0
-0.083796,-0.032015,0,0.214326,2.05547,0
-0.083796,-0.032015,0,0.214326,2.05547,0
-0.083796,-0.032015,0,0.214326,2.05547,0
-0.083796,-0.032015,0,0.214326,2.05547,0
-0.083796,-0.032015,0,0.214326,2.05547,0
-0.083796,-0.032015,0,0.214326,2.05547,0
-0.083796,-0.032015,0,0.214326,2.05547,0
-0.083872,-0.031747,0,0.270177,2.11813,0
-0.083875,-0.031735,0,0.270875,2.11883,0
-0.083922,-0.031667,0,0.266686,2.12564,0
-0.083923,-0.031659,0,0.267908,2.12354,0
-0.08392,-0.031662,0,0.267908,2.12354,0
-0.08392,-0.031661,0,0.267908,2.12354,0
-0.083921,-0.03166,0,0.267908,2.12372,0
-0.083921,-0.03166,0,0.267908,2.12372,0
-0.083921,-0.03166,0,0.267908,2.12372,0
-0.083921,-0.03166,0,0.267908,2.12372,0
-0.083921,-0.03166,0,0.267908,2.12372,0
-0.083921,-0.03166,0,0.267908,2.12372,0
-0.083921,-0.03166,0,0.267908,2.12372,0
-0.083921,-0.03166,0,0.267908,2.12372,0
-0.083921,-0.03166,0,0.267908,2.12372,0
-0.083921,-0.03166,0,0.267908,2.12372,0
-0.083921,-0.03166,0,0.267908,2.12372,0
-0.083921,-0.03166,0,0.267908,2.12372,0
-0.083921,-0.03166,0,0.267908,2.12372,0
-0.083921,-0.03166,0,0.267908,2.12372,0
-0.083849,-0.03177,0,0.330565,2.19213,0
-0.083839,-0.03177,0,0.331962,2.19423,0
-0.083781,-0.031767,0,0.337721,2.20121,0
-0.083787,-0.031768,0,0.335801,2.19946,0
-0.083787,-0.031768,0,0.336499,2.19911,0
-0.083845,-0.033386,0,0.4016,2.26893,0
-0.083691,-0.03322,0,0.176802,2.21151,0
-0.083689,-0.033219,0,0.175057,2.21133,0
-0.083308,-0.03576,0,0.112574,2.23978,0
-0.083308,-0.035775,0,0.112574,2.23978,0
-0.083452,-0.031484,0,0.185878,2.24467,0
-0.083452,-0.031474,0,0.185878,2.24467,0
-0.083545,-0.031528,0,0.230558,2.27626,0
-0.083549,-0.03153,0,0.231256,2.27731,0
-0.083548,-0.03153,0,0.231082,2.27731,0
-0.083941,-0.032329,0,0.31765,2.3157,0
-0.083943,-0.032342,0,0.317824,2.31588,0
-0.083677,-0.031319,0,0.416785,2.35829,0
-0.083676,-0.031307,0,0.416785,2.35829,0
-0.083636,-0.031289,0,0.409803,2.35811,0
-0.083646,-0.031294,0,0.411549,2.35811,0
-0.083646,-0.031294,0,0.411025,2.35829,0
-0.083646,-0.031294,0,0.4112,2.35829,0
-0.083647,-0.031294,0,0.411374,2.35829,0
-0.083647,-0.031294,0,0.411374,2.35829,0
-0.083647,-0.031294,0,0.411374,2.35829,0
-0.083518,-0.030296,0,0.455182,2.41292,0
-0.083518,-0.030287,0,0.455182,2.41292,0
-0.083517,-0.030287,0,0.455182,2.41309,0
-0.083517,-0.030287,0,0.455182,2.41309,0
-0.083518,-0.030288,0,0.455182,2.41309,0
-0.083518,-0.030288,0,0.455182,2.41309,0
-0.083518,-0.030288,0,0.455182,2.41309,0
-0.083518,-0.030288,0,0.455182,2.41309,0
-0.083518,-0.030288,0,0.455182,2.41309,0
-0.083518,-0.030288,0,0.455182,2.41309,0
-0.083518,-0.030288,0,0.455182,2.41309,0
-0.083518,-0.030288,0,0.455182,2.41309,0
-0.083518,-0.030288,0,0.455182,2.41309,0
-0.083518,-0.030288,0,0.455182,2.41309,0
-0.083518,-0.030288,0,0.455182,2.41309,0
-0.083518,-0.030288,0,0.455182,2.41309,0
-0.083518,-0.030288,0,0.455182,2.41309,0
-0.083518,-0.030288,0,0.455182,2.41309,0
-0.083707,-0.030116,0,0.304909,2.3993,0
-0.083712,-0.030112,0,0.302815,2.39913,0
-0.083669,-0.030058,0,0.455705,2.45236,0
-0.083668,-0.030057,0,0.458149,2.45271,0
-0.083554,-0.03085,0,0.531802,2.53177,0
-0.083554,-0.030854,0,0.531802,2.53177,0
-0.083554,-0.030854,0,0.531802,2.53177,0
-0.083154,-0.032687,0,0.383274,2.54364,0
-0.083154,-0.032697,0,0.383274,2.54364,0
-0.083154,-0.0327,0,0.383274,2.54364,0
-0.082825,-0.031121,0,0.399506,2.60072,0
-0.082825,-0.03111,0,0.399506,2.60072,0
-0.082825,-0.031111,0,0.399506,2.60072,0
-0.082825,-0.031111,0,0.399506,2.60072,0
-0.082825,-0.031111,0,0.399506,2.60072,0
-0.082825,-0.031111,0,0.399506,2.60072,0
-0.082825,-0.031111,0,0.399506,2.60072,0
-0.082825,-0.031111,0,0.399506,2.60072,0
-0.082825,-0.031111,0,0.399506,2.60072,0
-0.082825,-0.031111,0,0.399506,2.60072,0
-0.082825,-0.031111,0,0.399506,2.60072,0
-0.082825,-0.031111,0,0.399506,2.60072,0
-0.082825,-0.031111,0,0.39968,2.60072,0
-0.082825,-0.031111,0,0.39968,2.60072,0
-0.082825,-0.031111,0,0.39968,2.60072,0
-0.082825,-0.031111,0,0.39968,2.60072,0
-0.082825,-0.031111,0,0.39968,2.60072,0
-0.082825,-0.031111,0,0.39968,2.60072,0
-0.082968,-0.03032,0,0.459022,2.65883,0
-0.082968,-0.030308,0,0.459196,2.65901,0
-0.082969,-0.030312,0,0.459196,2.65901,0
-0.082969,-0.030311,0,0.459196,2.65901,0
-0.082969,-0.03031,0,0.459196,2.65918,0
-0.082969,-0.03031,0,0.459196,2.65918,0
-0.082969,-0.03031,0,0.459371,2.65918,0
-0.082969,-0.03031,0,0.459371,2.65918,0
-0.083064,-0.030197,0,0.466177,2.66163,0
-0.083066,-0.030194,0,0.463909,2.6611,0
-0.083065,-0.030195,0,0.464432,2.66058,0
-0.083065,-0.030195,0,0.464432,2.66058,0
-0.083065,-0.030195,0,0.464083,2.66075,0
-0.083065,-0.030195,0,0.464083,2.66075,0
-0.083065,-0.030195,0,0.464258,2.66075,0
-0.083065,-0.030195,0,0.464258,2.66075,0
-0.083065,-0.030195,0,0.464258,2.66075,0
-0.083065,-0.030195,0,0.464258,2.66075,0
-0.083125,-0.030062,0,0.529358,2.72952,0
-0.08313,-0.030058,0,0.531627,2.73144,0
-0.083649,-0.033587,0,0.44279,2.82028,0
-0.083649,-0.033602,0,0.44279,2.82028,0
-0.082668,-0.033695,0,0.445233,2.8318,0
-0.082656,-0.033695,0,0.445233,2.8318,0
-0.082657,-0.033695,0,0.445233,2.8318,0
-0.082657,-0.033695,0,0.445233,2.8318,0
-0.082138,-0.03084,0,0.454309,2.8695,0
-0.082138,-0.03083,0,0.454309,2.8695,0
-0.082346,-0.030457,0,0.463385,2.8962,0
-0.08235,-0.030445,0,0.463385,2.8962,0
-0.08235,-0.030446,0,0.463385,2.89655,0
-0.08235,-0.030446,0,0.463385,2.89655,0
-0.083136,-0.033406,0,0.478918,2.91871,0
-0.083136,-0.033418,0,0.478918,2.91871,0
-0.082537,-0.034103,0,0.441917,2.98661,0
-0.082536,-0.034114,0,0.441917,2.98661,0
-0.081518,-0.03341,0,0.422893,3.03042,0
-0.081506,-0.033408,0,0.422893,3.03042,0
-0.082224,-0.033177,0,0.444884,3.00458,0
-0.082235,-0.033177,0,0.444884,3.00458,0
-0.082555,-0.031188,0,0.443314,3.02483,0
-0.082555,-0.031177,0,0.443314,3.02483,0
-0.082543,-0.030335,0,0.479966,3.02919,0
-0.082543,-0.03032,0,0.479966,3.02919,0
-0.082474,-0.030191,0,0.486772,3.02902,0
-0.082478,-0.030191,0,0.485027,3.02902,0
-0.082477,-0.030195,0,0.485551,3.02884,0
-0.082477,-0.030194,0,0.485376,3.02884,0
-0.082478,-0.030193,0,0.485202,3.02884,0
-0.082478,-0.030193,0,0.485202,3.02884,0
-0.082478,-0.030194,0,0.485376,3.02884,0
-0.082478,-0.030194,0,0.485376,3.02884,0
-0.082327,-0.030031,0,0.559203,3.09621,0
-0.082317,-0.030021,0,0.561996,3.09831,0
-0.082549,-0.03001,0,0.582591,3.10738,0
-0.082556,-0.03001,0,0.582591,3.10738,0
-0.082556,-0.03001,0,0.582591,3.10738,0
-0.082554,-0.03001,0,0.582416,3.10738,0
-0.082554,-0.03001,0,0.582416,3.10738,0
-0.082555,-0.03001,0,0.582416,3.10738,0
-0.082555,-0.03001,0,0.582416,3.10738,0
-0.082555,-0.03001,0,0.582416,3.10738,0
-0.082555,-0.03001,0,0.582416,3.10738,0
-0.082555,-0.03001,0,0.582416,3.10738,0
-0.082555,-0.03001,0,0.582416,3.10738,0
-0.082555,-0.03001,0,0.582416,3.10738,0
-0.082555,-0.03001,0,0.582416,3.10738,0
-0.082555,-0.03001,0,0.582416,3.10738,0
-0.082555,-0.03001,0,0.582416,3.10738,0
-0.082165,-0.030002,0,0.701273,3.1854,0
-0.081426,-0.030002,0,0.707207,3.2231,0
-0.081133,-0.03208,0,0.690801,3.29536,0
-0.081133,-0.032094,0,0.690801,3.29536,0
-0.081384,-0.034161,0,0.722566,3.27057,0
-0.080813,-0.032797,0,0.695165,3.32642,0
-0.080812,-0.032783,0,0.695165,3.3266,0
-0.080403,-0.033208,0,0.667065,3.39851,0
-0.080378,-0.03322,0,0.667065,3.39868,0
-0.080433,-0.033273,0,0.669683,3.39798,0
-0.080442,-0.033275,0,0.66881,3.39798,0
-0.081989,-0.036399,0,0.658513,3.43254,0
-0.081989,-0.036417,0,0.658513,3.43254,0
-0.079986,-0.035101,0,0.652928,3.45226,0
-0.079969,-0.035094,0,0.652928,3.45226,0
-0.081078,-0.035191,0,0.651008,3.46116,0
-0.081083,-0.035193,0,0.651008,3.46134,0
-0.081083,-0.035193,0,0.651008,3.46134,0
-0.081163,-0.035277,0,0.654149,3.4547,0
-0.08118,-0.035293,0,0.653102,3.45732,0
-0.081368,-0.033963,0,0.636347,3.49886,0
-0.081368,-0.03395,0,0.636347,3.49886,0
-0.081193,-0.032033,0,0.641409,3.4938,0
-0.081193,-0.032022,0,0.641409,3.4938,0
-0.081193,-0.032024,0,0.641409,3.4938,0
-0.081193,-0.032023,0,0.641409,3.4938,0
-0.081193,-0.032023,0,0.641409,3.4938,0
-0.081193,-0.032023,0,0.641409,3.4938,0
-0.081372,-0.030387,0,0.649961,3.4849,0
-0.081372,-0.030363,0,0.649961,3.4849,0
-0.08008,-0.030002,0,0.948063,3.59451,0
-0.080068,-0.030001,0,0.948063,3.59451,0
-0.080061,-0.030001,0,0.948412,3.59468,0
-0.080955,-0.033215,0,0.952775,3.62173,0
-0.080955,-0.03323,0,0.952775,3.62173,0
-0.080163,-0.033177,0,0.932529,3.67636,0
-0.080148,-0.033175,0,0.932529,3.67654,0
-0.079458,-0.032185,0,0.920487,3.71528,0
-0.079453,-0.032174,0,0.920487,3.71546,0
-0.079445,-0.032174,0,0.921185,3.71773,0
-0.079447,-0.032174,0,0.92101,3.7172,0
-0.079848,-0.033774,0,0.923105,3.7261,0
-0.079848,-0.033779,0,0.923105,3.7261,0
-0.079848,-0.033777,0,0.923105,3.7261,0
-0.079917,-0.033834,0,0.92485,3.72349,0
-0.079926,-0.033839,0,0.924326,3.72436,0
-0.079902,-0.03248,0,0.918916,3.74425,0
-0.079902,-0.032462,0,0.918916,3.74425,0
-0.079917,-0.033026,0,0.907048,3.78702,0
-0.079918,-0.033036,0,0.907048,3.78702,0
-0.079919,-0.033039,0,0.907048,3.78719,0
-0.079918,-0.033037,0,0.907048,3.78719,0
-0.079918,-0.033037,0,0.907048,3.78719,0
-0.079918,-0.033038,0,0.907048,3.78719,0
-0.079918,-0.033038,0,0.907048,3.78719,0
-0.079918,-0.033037,0,0.907048,3.78719,0
-0.079918,-0.033037,0,0.907048,3.78719,0
-0.079786,-0.031941,0,0.899892,3.81704,0
-0.080446,-0.03175,0,0.894307,3.84409,0
-0.080459,-0.031749,0,0.894307,3.84409,0
-0.080457,-0.031749,0,0.894307,3.84426,0
-0.080457,-0.031749,0,0.894307,3.84426,0
-0.080457,-0.031749,0,0.894307,3.84426,0
-0.080457,-0.031749,0,0.894307,3.84426,0
-0.080457,-0.031749,0,0.894307,3.84426,0
-0.080457,-0.031749,0,0.894307,3.84426,0
-0.080457,-0.031749,0,0.894307,3.84426,0
-0.080457,-0.031749,0,0.894307,3.84426,0
-0.080457,-0.031749,0,0.894307,3.84426,0
-0.080457,-0.031749,0,0.894307,3.84426,0
-0.080457,-0.031749,0,0.894307,3.84426,0
-0.080457,-0.031749,0,0.894307,3.84426,0
-0.080457,-0.031749,0,0.894307,3.84426,0
-0.079929,-0.030044,0,0.930086,3.89627,0
-0.079929,-0.030031,0,0.930086,3.89627,0
-0.079955,-0.030018,0,0.936369,3.89854,0
-0.079973,-0.030015,0,0.937242,3.89924,0
-0.080188,-0.030008,0,0.932704,3.93118,0
-0.080254,-0.030006,0,0.929213,3.95352,0
-0.080272,-0.030005,0,0.928864,3.95596,0
-0.080313,-0.030004,0,0.927468,3.96836,0
-0.079963,-0.030001,0,0.971799,3.96678,0
-0.07995,-0.030001,0,0.971974,3.96696,0
-0.080353,-0.030283,0,0.990474,3.91512,0
-0.080378,-0.030291,0,0.990649,3.9146,0
-0.079891,-0.030009,0,1.13848,3.98145,0
-0.079878,-0.030006,0,1.139,3.98197,0
-0.080923,-0.030439,0,1.15907,3.94741,0
-0.08093,-0.03044,0,1.15907,3.94741,0
-0.080928,-0.03044,0,1.15907,3.94741,0
-0.080517,-0.030228,0,1.16012,3.97167,0
-0.080503,-0.030226,0,1.16012,3.97185,0
-0.080934,-0.031338,0,1.1788,3.94532,0
-0.080942,-0.031376,0,1.1788,3.94532,0
-0.080942,-0.031377,0,1.1788,3.94532,0
-0.078592,-0.030003,0,1.31109,4.04847,0
-0.078578,-0.030003,0,1.31109,4.04847,0
-0.079432,-0.031498,0,1.30586,4.0921,0
-0.079437,-0.03152,0,1.30586,4.0921,0
-0.079439,-0.031531,0,1.30586,4.0921,0
-0.079374,-0.031474,0,1.298,4.12351,0
-0.079364,-0.031461,0,1.29765,4.12823,0
-0.079177,-0.031195,0,1.28037,4.18966,0
-0.079171,-0.031182,0,1.2802,4.19019,0
-0.079243,-0.03126,0,1.27147,4.22527,0
-0.079255,-0.03127,0,1.27112,4.22858,0
-0.079644,-0.033207,0,1.27426,4.23015,0
-0.079644,-0.03322,0,1.27426,4.23015,0
-0.079468,-0.033867,0,1.29852,4.16907,0
-0.079466,-0.033881,0,1.29852,4.16872,0
-0.079048,-0.031886,0,1.28055,4.21864,0
-0.078506,-0.030274,0,1.29294,4.2223,0
-0.078506,-0.030263,0,1.29294,4.2223,0
-0.079437,-0.03109,0,1.30044,4.21567,0
-0.079449,-0.031095,0,1.30044,4.21567,0
-0.079448,-0.031095,0,1.30044,4.21567,0
-0.079448,-0.031094,0,1.30044,4.21567,0
-0.079434,-0.030041,0,1.33954,4.27937,0
-0.079434,-0.030031,0,1.33954,4.27937,0
-0.079434,-0.030029,0,1.33954,4.27955,0
-0.079434,-0.030031,0,1.33954,4.27955,0
-0.079434,-0.030031,0,1.33954,4.27955,0
-0.079434,-0.030031,0,1.33954,4.27955,0
-0.079434,-0.030031,0,1.33954,4.27955,0
-0.079434,-0.030031,0,1.33954,4.27955,0
-0.079434,-0.030031,0,1.33954,4.27955,0
-0.079434,-0.030031,0,1.33954,4.27955,0
-0.079434,-0.030031,0,1.33954,4.27955,0
-0.079434,-0.030031,0,1.33954,4.27955,0
-0.079434,-0.030031,0,1.33954,4.27955,0
-0.079434,-0.030031,0,1.33954,4.27955,0
-0.079434,-0.030031,0,1.33954,4.27955,0
-0.079434,-0.030031,0,1.33954,4.27955,0
-0.079434,-0.030031,0,1.33954,4.27955,0
-0.079434,-0.030031,0,1.33954,4.27955,0
-0.079434,-0.030031,0,1.33954,4.27955,0
-0.079298,-0.030001,0,1.54758,4.39683,0
-0.079297,-0.030001,0,1.55003,4.39806,0
-0.079693,-0.030001,0,1.58197,4.4108,0
-0.079704,-0.030001,0,1.58197,4.41097,0
-0.079699,-0.030001,0,1.58214,4.41097,0
-0.079647,-0.030767,0,1.57149,4.46961,0
-0.078443,-0.034551,0,1.59331,4.41952,0
-0.078579,-0.034077,0,1.57446,4.46403,0
-0.078513,-0.034098,0,1.55998,4.50033,0
-0.078396,-0.033844,0,1.55631,4.51412,0
-0.078394,-0.03384,0,1.55614,4.51447,0
-0.078394,-0.033841,0,1.55614,4.51447,0
-0.078541,-0.036882,0,1.5605,4.50661,0
-0.078541,-0.036894,0,1.5605,4.50661,0
-0.078318,-0.035651,0,1.5413,4.54658,0
-0.078317,-0.035638,0,1.5413,4.54658,0
-0.078628,-0.037036,0,1.54217,4.54501,0
-0.078628,-0.037048,0,1.54217,4.54501,0
-0.07846,-0.034609,0,1.53833,4.55321,0
-0.07846,-0.034596,0,1.53833,4.55321,0
-0.078729,-0.031962,0,1.51477,4.61325,0
-0.078729,-0.03195,0,1.51477,4.61325,0
-0.079311,-0.030635,0,1.51948,4.60034,0
-0.079312,-0.030621,0,1.51948,4.60034,0
-0.079283,-0.030005,0,1.7195,4.71152,0
-0.079263,-0.030002,0,1.72229,4.71256,0
-0.078193,-0.03894,0,2.90999,5.23302,0
-0.078193,-0.038963,0,2.90999,5.23302,0
-0.076113,-0.046076,0,2.53335,4.91747,0
-0.076113,-0.046099,0,2.53335,4.91747,0
-0.076105,-0.046104,0,2.34241,4.84224,0
-0.076141,-0.046117,0,2.26823,4.86877,0
-0.076143,-0.046117,0,2.26561,4.86982,0
-0.076219,-0.045809,0,2.16124,4.92549,0
-0.07624,-0.045792,0,2.15932,4.92584,0
-0.076528,-0.045721,0,2.11656,4.95115,0
-0.076545,-0.04572,0,2.11621,4.95098,0
-0.078127,-0.045576,0,2.06944,4.98641,0
-0.078938,-0.040496,0,2.09666,4.95132,0
-0.078938,-0.040479,0,2.09666,4.95132,0
-0.077849,-0.038074,0,2.09474,4.95639,0
-0.077849,-0.038064,0,2.09474,4.95639,0
-0.077849,-0.038065,0,2.09474,4.95639,0
-0.077849,-0.038065,0,2.09474,4.95639,0
-0.077849,-0.038065,0,2.09474,4.95639,0
-0.077849,-0.038065,0,2.09474,4.95639,0
-0.077849,-0.038065,0,2.09474,4.95639,0
-0.077744,-0.036362,0,2.07973,4.98222,0
-0.077744,-0.036348,0,2.07973,4.98222,0
-0.077583,-0.035616,0,2.05495,5.03248,0
-0.07758,-0.035613,0,2.05478,5.03266,0
-0.07758,-0.035613,0,2.05478,5.03266,0
-0.077833,-0.035844,0,2.03505,5.07559,0
-0.077846,-0.035852,0,2.03505,5.07629,0
-0.077848,-0.035853,0,2.0347,5.07681,0
-0.077847,-0.035853,0,2.03488,5.07681,0
-0.077846,-0.035852,0,2.03505,5.07646,0
-0.077604,-0.033972,0,2.008,5.1372,0
-0.077604,-0.033959,0,2.008,5.1372,0
-0.078336,-0.033394,0,2.0183,5.11085,0
-0.078661,-0.03176,0,2.02598,5.0899,0
-0.078661,-0.031747,0,2.02598,5.0899,0
-0.078512,-0.030719,0,2.03383,5.08292,0
-0.078511,-0.030681,0,2.03383,5.08275,0
-0.077804,-0.030004,0,2.40821,5.24576,0
-0.078182,-0.031429,0,2.44346,5.16967,0
-0.078182,-0.031442,0,2.44346,5.16967,0
-0.077603,-0.031503,0,2.46214,5.14541,0
-0.077588,-0.031503,0,2.46214,5.14541,0
-0.077299,-0.030963,0,2.45638,5.17682,0
-0.077298,-0.030949,0,2.45638,5.17682,0
-0.077012,-0.030407,0,2.44189,5.23058,0
-0.077007,-0.030392,0,2.44189,5.23075,0
-0.077478,-0.032127,0,2.44137,5.25414,0
-0.077478,-0.032141,0,2.44137,5.25414,0
-0.077547,-0.032206,0,2.4398,5.26112,0
-0.077555,-0.032208,0,2.43997,5.2585,0
-0.077392,-0.033352,0,2.43124,5.29009,0
-0.077392,-0.033363,0,2.43124,5.29009,0
-0.077271,-0.0323,0,2.42356,5.31348,0
-0.078374,-0.031744,0,2.41554,5.34228,0
-0.078387,-0.031743,0,2.41554,5.34245,0
-0.078307,-0.031825,0,2.41798,5.33652,0
-0.078293,-0.031837,0,2.41746,5.33861,0
-0.077543,-0.031772,0,2.44014,5.28521,0
-0.076756,-0.030197,0,2.42897,5.32587,0
-0.076752,-0.03017,0,2.42897,5.32587,0
-0.077271,-0.030004,0,2.4946,5.3812,0
-0.077292,-0.030002,0,2.49495,5.38137,0
-0.077533,-0.030001,0,2.5419,5.4107,0
-0.077544,-0.030001,0,2.54225,5.41087,0
-0.077546,-0.030001,0,2.54242,5.41122,0
-0.077546,-0.030001,0,2.54225,5.41122,0
-0.077499,-0.030001,0,2.54539,5.40965,0
-0.077526,-0.030001,0,2.54294,5.4107,0
-0.076863,-0.030001,0,2.79113,5.51856,0
-0.07685,-0.030001,0,2.792,5.51873,0
-0.077411,-0.030006,0,2.86286,5.48819,0
-0.077424,-0.030004,0,2.86304,5.48819,0
-0.077358,-0.032026,0,2.89201,5.46026,0
-0.076273,-0.032992,0,2.89236,5.47702,0
-0.076256,-0.033,0,2.89236,5.47702,0
-0.076551,-0.032407,0,2.85204,5.55468,0
-0.076552,-0.03239,0,2.85204,5.55468,0
-0.079176,-0.032262,0,2.84733,5.60268,0
-0.079192,-0.032262,0,2.84733,5.60268,0
-0.076899,-0.033987,0,2.86862,5.56743,0
-0.076887,-0.033989,0,2.86862,5.56743,0
-0.075841,-0.033166,0,2.86391,5.58191,0
-0.075584,-0.031848,0,2.83162,5.65138,0
-0.075584,-0.031835,0,2.83162,5.65138,0
-0.076102,-0.032266,0,2.82167,5.68471,0
-0.076104,-0.032282,0,2.82167,5.68471,0
-0.076119,-0.030611,0,2.81766,5.71211,0
-0.076119,-0.030597,0,2.81766,5.71211,0
-0.076542,-0.030299,0,2.8297,5.69361,0
-0.076558,-0.030299,0,2.8297,5.69361,0
-0.076703,-0.030048,0,2.86984,5.69082,0
-0.076707,-0.030037,0,2.87037,5.69082,0
-0.076803,-0.030021,0,2.89166,5.65591,0
-0.076827,-0.030021,0,2.89288,5.65312,0
-0.076782,-0.030009,0,2.92011,5.62747,0
-0.076752,-0.030007,0,2.9236,5.62869,0
-0.076033,-0.03,0,3.19291,5.71072,0
-0.080302,-0.031069,0,3.16603,5.791,0
-0.080315,-0.031069,0,3.16603,5.791,0
-0.076512,-0.030912,0,3.24753,5.68174,0
-0.076495,-0.030912,0,3.24753,5.68174,0
-0.076297,-0.030269,0,3.26795,5.71386,0
-0.075387,-0.030004,0,3.4095,5.78158,0
-0.075372,-0.030004,0,3.40968,5.78158,0
-0.076307,-0.030365,0,3.42085,5.80462,0
-0.076327,-0.030369,0,3.42085,5.80462,0
-0.076104,-0.030105,0,3.45278,5.84232,0
-0.076102,-0.030101,0,3.45052,5.84249,0
-0.075622,-0.03005,0,3.44772,5.88281,0
-0.075609,-0.03005,0,3.44772,5.88281,0
-0.075612,-0.03005,0,3.44772,5.88281,0
-0.075376,-0.031237,0,3.48193,5.88333,0
-0.075375,-0.031248,0,3.48193,5.88333,0
-0.075374,-0.031253,0,3.48193,5.88333,0
-0.075374,-0.03125,0,3.48193,5.88333,0
-0.075374,-0.031251,0,3.48193,5.88333,0
-0.075004,-0.032117,0,3.50514,5.88438,0
-0.075003,-0.03213,0,3.50514,5.88438,0
-0.074746,-0.030148,0,3.4842,5.92592,0
-0.076281,-0.030005,0,3.56571,5.99154,0
-0.076297,-0.030005,0,3.56571,5.99154,0
-0.075814,-0.031514,0,3.61126,5.97705,0
-0.075813,-0.031529,0,3.61126,5.97705,0
-0.07509,-0.030421,0,3.63046,6.00498,0
-0.073771,-0.030211,0,3.64809,6.01423,0
-0.07376,-0.030211,0,3.64809,6.01423,0
-0.074895,-0.030897,0,3.64425,6.05141,0
-0.074913,-0.030899,0,3.64425,6.05141,0
-0.074854,-0.03324,0,3.63744,6.08631,0
-0.074854,-0.033252,0,3.63744,6.08631,0
-0.074381,-0.031552,0,3.61737,6.12087,0
-0.074381,-0.031535,0,3.61737,6.12087,0
-0.074204,-0.030853,0,3.59852,6.1673,0
-0.074203,-0.030842,0,3.59852,6.16747,0
-0.074872,-0.032715,0,3.59817,6.18946,0
-0.074873,-0.032732,0,3.59817,6.18946,0
-0.074753,-0.030583,0,3.59416,6.20534,0
-0.074753,-0.030568,0,3.59416,6.20534,0
-0.074819,-0.030326,0,3.6233,6.17306,0
-0.074821,-0.030313,0,3.624,6.17236,0
-0.075203,-0.030164,0,3.65612,6.14391,0
-0.074758,-0.030013,0,3.74583,6.15019,0
-0.074736,-0.030012,0,3.74652,6.15019,0
-0.074032,-0.030001,0,3.96556,6.21634,0
-0.074013,-0.030001,0,3.96626,6.21651,0
-0.074047,-0.030001,0,4.00693,6.21041,0
-0.074049,-0.030001,0,4.00745,6.20988,0
-0.074049,-0.030001,0,4.0071,6.20988,0
-0.074042,-0.030001,0,4.04306,6.21198,0
-0.073914,-0.030001,0,4.10676,6.23833,0
-0.0739,-0.030001,0,4.10903,6.23938,0
-0.073788,-0.030001,0,4.11549,6.24147,0
-0.073793,-0.030001,0,4.11479,6.24095,0
-0.073791,-0.030001,0,4.11496,6.24095,0
-0.07413,-0.031668,0,4.11688,6.27777,0
-0.07413,-0.031679,0,4.11688,6.27795,0
-0.073717,-0.031096,0,4.11461,0.023911,0
-0.073717,-0.031096,0,4.11461,0.0214675,0
-0.073885,-0.030319,0,4.36681,-0.0719076,0
-0.073886,-0.030302,0,4.36681,-0.0719076,0
-0.07387,-0.030042,0,4.37153,0.0443314,0
-0.07387,-0.030041,0,4.36978,0.0446804,0
-0.073569,-0.030021,0,4.32266,0.0940732,0
-0.073554,-0.030021,0,4.32248,0.0945968,0
-0.073433,-0.030011,0,4.28566,0.146259,0
-0.073423,-0.030011,0,4.28356,0.148877,0
-0.072854,-0.031177,0,4.25407,0.207171,0
-0.072853,-0.031189,0,4.25407,0.207171,0
-0.072642,-0.030338,0,4.31969,0.204029,0
-0.072642,-0.030321,0,4.31986,0.204029,0
-0.072405,-0.030053,0,4.48794,0.245917,0
-0.072396,-0.030044,0,4.48968,0.24644,0
-0.07301,-0.031452,0,4.55479,0.255342,0
-0.073012,-0.031468,0,4.55479,0.255342,0
-0.07222,-0.032837,0,4.5958,0.25796,0
-0.072218,-0.032849,0,4.5958,0.25796,0
-0.072241,-0.031323,0,4.59074,0.268083,0
-0.072241,-0.03131,0,4.59074,0.268083,0
-0.072454,-0.031432,0,4.54972,0.302116,0
-0.072463,-0.03145,0,4.54955,0.302291,0
-0.072755,-0.03054,0,4.55164,0.322188,0
-0.072756,-0.030524,0,4.55164,0.322188,0
-0.073013,-0.032437,0,4.57765,0.339467,0
-0.073013,-0.032449,0,4.57765,0.339467,0
-0.072324,-0.030233,0,4.62949,0.328122,0
-0.072323,-0.030222,0,4.62949,0.328122,0
-0.072323,-0.030221,0,4.62949,0.328122,0
-0.072323,-0.030221,0,4.62949,0.328122,0
-0.072323,-0.030222,0,4.62949,0.328122,0
-0.072323,-0.030222,0,4.62949,0.327947,0
-0.072323,-0.030222,0,4.62949,0.327947,0
-0.072323,-0.030222,0,4.62949,0.327947,0
-0.072176,-0.030125,0,4.7178,0.333881,0
-0.07216,-0.03012,0,4.71867,0.333881,0
-0.071865,-0.030531,0,4.79233,0.35884,0
-0.070949,-0.030274,0,5.00613,0.415214,0
-0.070935,-0.030274,0,5.0063,0.415214,0
-0.071424,-0.030627,0,4.9878,0.445757,0
-0.071441,-0.030632,0,4.9878,0.445932,0
-0.071187,-0.033825,0,5.03458,0.464781,0
-0.071054,-0.032401,0,4.96721,0.464956,0
-0.071054,-0.032388,0,4.96721,0.464956,0
-0.07119,-0.030966,0,4.90909,0.477871,0
-0.07119,-0.030956,0,4.90909,0.477871,0
-0.07119,-0.030957,0,4.90909,0.477871,0
-0.07119,-0.030957,0,4.90909,0.477871,0
-0.07119,-0.030957,0,4.90909,0.477871,0
-0.07119,-0.030957,0,4.90909,0.477871,0
-0.07119,-0.030957,0,4.90909,0.477871,0
-0.07119,-0.030957,0,4.90909,0.477871,0
-0.07119,-0.030957,0,4.90909,0.477871,0
-0.07119,-0.030957,0,4.90909,0.477871,0
-0.07119,-0.030957,0,4.90909,0.477871,0
-0.07119,-0.030957,0,4.90909,0.477871,0
-0.070463,-0.030259,0,5.04575,0.520108,0
-0.070451,-0.030254,0,5.04592,0.520108,0
-0.070893,-0.031219,0,5.11347,0.556411,0
-0.070896,-0.031233,0,5.11347,0.556411,0
-0.070174,-0.033501,0,5.15623,0.571595,0
-0.070174,-0.033511,0,5.15623,0.571595,0
-0.070173,-0.033512,0,5.15605,0.571595,0
-0.070173,-0.033512,0,5.15605,0.571595,0
-0.070095,-0.031203,0,5.16391,0.573515,0
-0.070095,-0.031188,0,5.16391,0.573515,0
-0.070157,-0.03012,0,5.21295,0.598822,0
-0.070157,-0.030103,0,5.21295,0.598822,0
-0.069391,-0.032897,0,5.29777,0.644899,0
-0.069391,-0.032908,0,5.29777,0.644899,0
-0.069222,-0.03197,0,5.34036,0.653277,0
-0.069221,-0.031956,0,5.34053,0.653277,0
-0.069572,-0.030894,0,5.39813,0.674744,0
-0.069586,-0.030882,0,5.39813,0.674744,0
-0.069582,-0.030885,0,5.39813,0.674744,0
-0.069583,-0.030884,0,5.39813,0.674744,0
-0.069584,-0.030883,0,5.39813,0.674919,0
-0.069584,-0.030883,0,5.39813,0.674919,0
-0.069583,-0.030884,0,5.39813,0.674919,0
-0.069583,-0.030884,0,5.39813,0.674919,0
-0.069583,-0.030884,0,5.39813,0.674919,0
-0.069583,-0.030884,0,5.39813,0.674919,0
-0.069583,-0.030884,0,5.39813,0.674919,0
-0.068839,-0.031626,0,5.521,0.735307,0
-0.068827,-0.031639,0,5.52117,0.735482,0
-0.068341,-0.03312,0,5.53985,0.753982,0
-0.06834,-0.033133,0,5.53985,0.753982,0
-0.06834,-0.033134,0,5.53985,0.753982,0
-0.06834,-0.033133,0,5.53985,0.753982,0
-0.06834,-0.033133,0,5.53985,0.753982,0
-0.06834,-0.033133,0,5.53985,0.753982,0
-0.06834,-0.033133,0,5.53985,0.753982,0
-0.06834,-0.033133,0,5.53985,0.753982,0
-0.06834,-0.033133,0,5.53985,0.753982,0
-0.06834,-0.033133,0,5.53985,0.753982,0
-0.06834,-0.033133,0,5.53985,0.753982,0
-0.06795,-0.031943,0,5.59518,0.768643,0
-0.067949,-0.031931,0,5.59518,0.768643,0
-0.06853,-0.031896,0,5.63026,0.788191,0
-0.068543,-0.031889,0,5.63026,0.788191,0
-0.068474,-0.031827,0,5.63846,0.794474,0
-0.06846,-0.031824,0,5.63532,0.792205,0
-0.068461,-0.031827,0,5.63567,0.792554,0
-0.068461,-0.031826,0,5.63549,0.792554,0
-0.068461,-0.031825,0,5.63532,0.792554,0
-0.068461,-0.031825,0,5.63532,0.792554,0
-0.0685,-0.032106,0,5.58401,0.781384,0
-0.0685,-0.032119,0,5.58366,0.781209,0
-0.068079,-0.03158,0,5.63148,0.803724,0
-0.068071,-0.031569,0,5.63165,0.803724,0
-0.067921,-0.0319,0,5.69187,0.836885,0
-0.067918,-0.031914,0,5.69222,0.83706,0
-0.067391,-0.032443,0,5.754,0.868127,0
-0.067375,-0.032454,0,5.75435,0.868301,0
-0.067512,-0.033882,0,5.75453,0.870047,0
-0.067514,-0.033894,0,5.75453,0.870047,0
-0.067514,-0.033892,0,5.75453,0.869872,0
-0.067514,-0.033893,0,5.75453,0.869872,0
-0.0671,-0.032731,0,5.8095,0.885755,0
-0.067099,-0.03272,0,5.8095,0.885755,0
-0.068571,-0.0326,0,5.90829,0.925897,0
-0.067316,-0.032359,0,5.86308,0.905128,0
-0.067302,-0.032359,0,5.86308,0.905128,0
-0.066413,-0.032597,0,5.85837,0.905477,0
-0.066397,-0.032597,0,5.85837,0.905477,0
-0.06631,-0.032762,0,5.95559,0.945968,0
-0.066309,-0.032768,0,5.95751,0.946841,0
-0.066143,-0.033266,0,6.05315,0.991347,0
-0.066142,-0.033279,0,6.0535,0.991522,0
-0.065964,-0.034407,0,6.02872,0.976163,0
-0.065739,-0.03446,0,6.00865,0.958011,0
-0.065731,-0.034461,0,6.00847,0.957488,0
-0.065733,-0.034461,0,6.00847,0.957488,0
-0.065638,-0.033167,0,6.07409,0.974766,0
-0.065638,-0.033155,0,6.07409,0.974766,0
-0.065505,-0.032959,0,6.15752,1.0177,0
-0.065187,-0.033422,0,6.23048,1.05802,0
-0.065184,-0.033427,0,6.23065,1.05819,0
-0.065185,-0.033426,0,6.23065,1.05819,0
-0.065322,-0.034327,0,6.28022,1.08193,0
-0.065322,-0.034338,0,6.28022,1.08193,0
-0.065244,-0.03426,0,6.27847,1.07774,0
-0.065235,-0.034248,0,6.27882,1.07896,0
-0.065236,-0.034249,0,6.279,1.07914,0
-0.065236,-0.034249,0,6.27882,1.07896,0
-0.065236,-0.034249,0,6.27882,1.07896,0
-0.065236,-0.034249,0,6.27882,1.07896,0
-0.065236,-0.034249,0,6.27882,1.07879,0
-0.065236,-0.034249,0,6.27882,1.07879,0
-0.065236,-0.034249,0,6.27882,1.07879,0
-0.065236,-0.034249,0,6.27882,1.07879,0
-0.065236,-0.034249,0,6.27882,1.07879,0
-0.064286,-0.033715,0,0.0106465,1.07006,0
-0.065283,-0.032908,0,-0.0167552,1.03585,0
-0.065298,-0.032902,0,-0.0167552,1.03585,0
-0.064136,-0.031478,0,0.128282,1.13045,0
-0.064129,-0.031466,0,0.128282,1.13062,0
-0.06463,-0.033387,0,0.169821,1.16204,0
-0.064634,-0.033401,0,0.169821,1.16204,0
-0.063872,-0.033412,0,0.294612,1.19154,0
-0.063858,-0.03341,0,0.294786,1.19154,0
-0.063677,-0.03359,0,0.328645,1.20026,0
-0.063667,-0.033602,0,0.329344,1.20026,0
-0.06367,-0.033598,0,0.329169,1.20044,0
-0.063642,-0.033613,0,0.363203,1.18368,0
-0.06364,-0.033614,0,0.365646,1.18229,0
-0.063629,-0.033593,0,0.399506,1.16536,0
-0.063629,-0.03359,0,0.401426,1.16483,0
-0.063612,-0.03353,0,0.450993,1.14284,0
-0.063611,-0.033512,0,0.453262,1.14214,0
-0.063577,-0.033551,0,0.478744,1.1383,0
-0.06357,-0.033557,0,0.478046,1.1404,0
-0.063493,-0.033346,0,0.587652,1.14616,0
-0.063491,-0.033332,0,0.589921,1.14616,0
-0.063436,-0.033364,0,0.617148,1.15872,0
-0.063427,-0.033392,0,0.618719,1.1589,0
-0.063094,-0.032759,0,0.634427,1.1486,0
-0.063093,-0.032748,0,0.634427,1.1486,0
-0.063093,-0.03275,0,0.634427,1.14843,0
-0.063093,-0.03275,0,0.634427,1.14843,0
-0.063093,-0.032749,0,0.634253,1.14843,0
-0.063093,-0.032749,0,0.634253,1.14843,0
-0.063093,-0.032749,0,0.634253,1.14843,0
-0.063093,-0.032749,0,0.634253,1.14843,0
-0.063093,-0.032749,0,0.634253,1.14843,0
-0.063093,-0.032749,0,0.634253,1.14843,0
-0.063093,-0.032749,0,0.634253,1.14843,0
-0.063093,-0.032749,0,0.634253,1.14843,0
-0.063093,-0.032749,0,0.634253,1.14843,0
-0.063093,-0.032749,0,0.634253,1.14843,0
-0.06284,-0.032662,0,0.733736,1.17949,0
-0.062816,-0.032658,0,0.736703,1.18002,0
-0.062743,-0.032731,0,0.862891,1.19573,0
-0.062737,-0.032737,0,0.869872,1.19642,0
-0.062507,-0.032499,0,1.08943,1.10671,0
-0.062485,-0.032476,0,1.08996,1.10514,0
-0.062499,-0.032499,0,1.06919,1.08263,0
-0.0625,-0.0325,0,1.06395,1.07687,0
-0.0625,-0.0325,0,1.0636,1.07617,0
-0.062501,-0.0325,0,1.05086,1.06168,0
-0.062501,-0.0325,0,1.04964,1.05994,0
-0.062501,-0.032501,0,1.08717,1.08839,0
-0.062501,-0.032501,0,1.08874,1.08978,0
-0.062502,-0.032501,0,1.11928,1.11911,0
-0.062502,-0.032501,0,1.1198,1.11998,0
-0.062502,-0.032502,0,1.14738,1.15,0
-0.062502,-0.032502,0,1.15122,1.15541,0
-0.062503,-0.032503,0,1.17862,1.17914,0
-0.062503,-0.032503,0,1.17984,1.18037,0
-0.062504,-0.032504,0,1.19939,1.19956,0
-0.062504,-0.032504,0,1.20114,1.20131,0
-0.062505,-0.032505,0,1.26624,1.26624,0
-0.062505,-0.032505,0,1.27182,1.27235,0
-0.062506,-0.032506,0,1.30411,1.30428,0
-0.062506,-0.032506,0,1.28352,1.28491,0
-0.062507,-0.032507,0,1.29608,1.29591,0
-0.062507,-0.032508,0,1.26798,1.26868,0
-0.062508,-0.032508,0,1.26589,1.26589,0
-0.062508,-0.032508,0,1.24442,1.24459,0
-0.062509,-0.032509,0,1.23046,1.23133,0
-0.062509,-0.032509,0,1.2226,1.2226,0
-0.062509,-0.032509,0,1.2528,1.25227,0
-0.062509,-0.032509,0,1.2507,1.25105,0
-0.062468,-0.032466,0,1.27898,1.27898,0
-0.062505,-0.032506,0,1.28072,1.28107,0
-0.062479,-0.032477,0,1.30516,1.30498,0
-0.062498,-0.0325,0,1.3083,1.30882,0
-0.062491,-0.032492,0,1.33553,1.33553,0
-0.062497,-0.032497,0,1.3371,1.33762,0
-0.062494,-0.032495,0,1.34268,1.34303,0
-0.062495,-0.032496,0,1.33989,1.34059,0
-0.062496,-0.032496,0,1.38387,1.38387,0
-0.062496,-0.032496,0,1.38422,1.38544,0
-0.062496,-0.032496,0,1.39417,1.39365,0
-0.062464,-0.03246,0,1.38562,1.38492,0
-0.062398,-0.032396,0,1.38632,1.38649,0
-0.062444,-0.032446,0,1.36869,1.36904,0
-0.062335,-0.03233,0,1.35856,1.35874,0
-0.06225,-0.032244,0,1.34094,1.34111,0
-0.06233,-0.03233,0,1.33971,1.33971,0
-0.062265,-0.032262,0,1.29172,1.29242,0
-0.062313,-0.032314,0,1.32697,1.32662,0
-0.062304,-0.032305,0,1.32244,1.32226,0
-0.062312,-0.032312,0,1.33029,1.33029,0
-0.062299,-0.032299,0,1.33012,1.32994,0
-0.0623,-0.0323,0,1.33221,1.33256,0
-0.0623,-0.0323,0,1.34006,1.34041,0
-0.062061,-0.032053,0,1.34041,1.34076,0
-0.06202,-0.032019,0,1.34041,1.34076,0
-0.062045,-0.032046,0,1.34286,1.34268,0
-0.062036,-0.032037,0,1.36729,1.36764,0
-0.062045,-0.032045,0,1.37078,1.37131,0
-0.062039,-0.032039,0,1.43134,1.43187,0
-0.062044,-0.032044,0,1.43309,1.43379,0
-0.06204,-0.03204,0,1.47585,1.47672,0
-0.062043,-0.032043,0,1.4748,1.4755,0
-0.062041,-0.032042,0,1.48301,1.48283,0
-0.062041,-0.032042,0,1.48493,1.48545,0
-0.062042,-0.032042,0,1.49802,1.49802,0
-0.062042,-0.032042,0,1.49749,1.49871,0
-0.062042,-0.032042,0,1.48964,1.48964,0
-0.061909,-0.031903,0,1.53083,1.5324,0
-0.062032,-0.032034,0,1.52821,1.52856,0
-0.061947,-0.031943,0,1.50587,1.50622,0
-0.06186,-0.031857,0,1.49906,1.49906,0
-0.061853,-0.031852,0,1.46974,1.47027,0
-0.061661,-0.031651,0,1.44409,1.44513,0
-0.061727,-0.031727,0,1.43484,1.43518,0
-0.06173,-0.03173,0,1.43326,1.43431,0
-0.061727,-0.031727,0,1.43187,1.43204,0
-0.061728,-0.031729,0,1.46643,1.46608,0
-0.061728,-0.031728,0,1.47236,1.47288,0
-0.061728,-0.031728,0,1.50831,1.50849,0
-0.061728,-0.031728,0,1.51529,1.51564,0
-0.061728,-0.031728,0,1.54427,1.54427,0
-0.061728,-0.031728,0,1.54619,1.54741,0
-0.061728,-0.031728,0,1.57062,1.5708,0
-0.061728,-0.031728,0,1.57376,1.57429,0
-0.061728,-0.031728,0,1.60221,1.60204,0
-0.060153,-0.030056,0,1.67395,1.68477,0
-0.060138,-0.030041,0,1.67395,1.68477,0
-0.06144,-0.030836,0,1.61303,1.61146,0
-0.061487,-0.030842,0,1.61303,1.61129,0
-0.061488,-0.030842,0,1.61303,1.61129,0
-0.061284,-0.031121,0,1.53729,1.5214,0
-0.061216,-0.031196,0,1.49994,1.49662,0
-0.061204,-0.031203,0,1.49365,1.49313,0
-0.061205,-0.031205,0,1.55666,1.55631,0
-0.061204,-0.031205,0,1.56242,1.56294,0
-0.061204,-0.031205,0,1.60117,1.60151,0
-0.061205,-0.031205,0,1.60186,1.60291,0
-0.061205,-0.031205,0,1.63764,1.63886,0
-0.061205,-0.031205,0,1.63607,1.6366,0
-0.061205,-0.031205,0,1.65003,1.64986,0
-0.061205,-0.031205,0,1.64794,1.64899,0
-0.061205,-0.031205,0,1.70274,1.70309,0
-0.061205,-0.031205,0,1.7085,1.70955,0
-0.061205,-0.031205,0,1.74097,1.74131,0
-0.061205,-0.031205,0,1.72718,1.72823,0
-0.061101,-0.031094,0,1.75004,1.75109,0
-0.06117,-0.031171,0,1.71322,1.71409,0
-0.061112,-0.031109,0,1.7394,1.73887,0
-0.061125,-0.031123,0,1.72072,1.71985,0
-0.06112,-0.03112,0,1.72281,1.72281,0
-0.061122,-0.031121,0,1.70606,1.70379,0
-0.061122,-0.031121,0,1.70519,1.70274,0
-0.061121,-0.031121,0,1.7291,1.7291,0
-0.061122,-0.031122,0,1.73311,1.73521,0
-0.061121,-0.031122,0,1.75458,1.75528,0
-0.061121,-0.031121,0,1.76627,1.76697,0
-0.061121,-0.031121,0,1.78809,1.78844,0
-0.061121,-0.031121,0,1.78879,1.78896,0
-0.061121,-0.031121,0,1.78861,1.78966,0
-0.061121,-0.031121,0,1.78861,1.78949,0
-0.061122,-0.031121,0,1.78861,1.78914,0
-0.061122,-0.031121,0,1.78861,1.78914,0
-0.061122,-0.031121,0,1.78861,1.78914,0
-0.061122,-0.031121,0,1.78861,1.78931,0
-0.061122,-0.031121,0,1.78861,1.78931,0
-0.061122,-0.031121,0,1.78861,1.78931,0
-0.061122,-0.031121,0,1.78861,1.78931,0
-0.061012,-0.031008,0,1.83713,1.83766,0
-0.061005,-0.031,0,1.8387,1.83905,0
-0.060908,-0.030912,0,1.84307,1.84586,0
-0.060895,-0.030901,0,1.84202,1.84324,0
-0.060907,-0.030443,0,1.80135,1.79559,0
-0.060907,-0.03043,0,1.80118,1.79542,0
-0.06101,-0.030294,0,1.76592,1.75528,0
-0.061033,-0.030267,0,1.764,1.75161,0
-0.061121,-0.030972,0,1.73049,1.71042,0
-0.061125,-0.030974,0,1.73049,1.71042,0
-0.061125,-0.030974,0,1.73049,1.71042,0
-0.061123,-0.030973,0,1.73049,1.71042,0
-0.061123,-0.030973,0,1.73049,1.71042,0
-0.061049,-0.030269,0,1.7825,1.77186,0
-0.061048,-0.030258,0,1.78268,1.77221,0
-0.06065,-0.030134,0,1.82352,1.82177,0
-0.060644,-0.030133,0,1.82387,1.82212,0
-0.060646,-0.030133,0,1.82387,1.82212,0
-0.060735,-0.030117,0,1.82649,1.82666,0
-0.060745,-0.03012,0,1.82596,1.82509,0
-0.060743,-0.030121,0,1.82596,1.82527,0
-0.060743,-0.030121,0,1.82596,1.82527,0
-0.060744,-0.03012,0,1.82614,1.82527,0
-0.060744,-0.03012,0,1.82614,1.82527,0
-0.060744,-0.03012,0,1.82614,1.82527,0
-0.060744,-0.03012,0,1.82614,1.82527,0
-0.060744,-0.03012,0,1.82614,1.82527,0
-0.060744,-0.03012,0,1.82614,1.82527,0
-0.060744,-0.03012,0,1.82614,1.82527,0
-0.061068,-0.030063,0,1.87797,1.88897,0
-0.061082,-0.030063,0,1.87815,1.88914,0
-0.060939,-0.030045,0,1.90695,1.94377,0
-0.060939,-0.030029,0,1.90695,1.94377,0
-0.061559,-0.030116,0,1.86768,1.89665,0
-0.061572,-0.030116,0,1.86768,1.89647,0
-0.061613,-0.030067,0,1.85022,1.87605,0
-0.061634,-0.030064,0,1.84935,1.87448,0
-0.061576,-0.030037,0,1.83015,1.85162,0
-0.061565,-0.030036,0,1.82998,1.85075,0
-0.061296,-0.030019,0,1.86436,1.89386,0
-0.061282,-0.030019,0,1.86471,1.89455,0
-0.060918,-0.03001,0,1.8949,1.93278,0
-0.060906,-0.03001,0,1.89508,1.93295,0
-0.060968,-0.030006,0,1.90834,1.95023,0
-0.060976,-0.030006,0,1.90852,1.95041,0
-0.061036,-0.030003,0,1.91759,1.9628,0
-0.061199,-0.03,0,1.77448,2.0368,0
-0.061203,-0.03,0,1.77308,2.03802,0
-0.061271,-0.03,0,1.77186,2.03924,0
-0.061276,-0.03,0,1.77221,2.03924,0
-0.061457,-0.03,0,1.72857,2.04448,0
-0.062411,-0.03,0,1.75964,2.09195,0
-0.062424,-0.03,0,1.75964,2.09195,0
-0.061736,-0.03,0,1.71426,2.14763,0
-0.061709,-0.03,0,1.71391,2.1478,0
-0.061083,-0.03,0,1.54706,2.19074,0
-0.060892,-0.03,0,1.51774,2.21744,0
-0.060878,-0.03,0,1.51704,2.21779,0
-0.060937,-0.03,0,1.51407,2.22006,0
-0.060944,-0.03,0,1.51495,2.21988,0
-0.06115,-0.03,0,1.57481,2.29528,0
-0.061419,-0.03,0,1.58284,2.34433,0
-0.061442,-0.03,0,1.58284,2.34502,0
-0.062137,-0.03,0,1.42209,2.31169,0
-0.062152,-0.03,0,1.42157,2.31134,0
-0.062216,-0.03,0,1.31685,2.26998,0
-0.062218,-0.03,0,1.31476,2.26893,0
-0.06181,-0.03,0,1.24477,2.23838,0
-0.060779,-0.03,0,1.20724,2.23612,0
-0.060765,-0.03,0,1.20724,2.23612,0
-0.062479,-0.03045,0,1.32418,2.34223,0
-0.062494,-0.03045,0,1.32418,2.34223,0
-0.06186,-0.030037,0,1.25803,2.36335,0
-0.061,-0.030005,0,1.19189,2.4007,0
-0.060986,-0.030005,0,1.19171,2.4007,0
-0.060977,-0.030099,0,1.23691,2.44468,0
-0.06101,-0.030112,0,1.24058,2.44922,0
-0.061261,-0.030023,0,1.29835,2.53719,0
-0.061653,-0.030012,0,1.3364,2.58099,0
-0.06167,-0.030012,0,1.33657,2.58117,0
-0.06184,-0.030003,0,1.18927,2.56808,0
-0.061845,-0.030003,0,1.18665,2.56773,0
-0.062151,-0.030603,0,1.09031,2.56528,0
-0.062153,-0.03062,0,1.09031,2.56528,0
-0.061693,-0.030893,0,0.991347,2.54696,0
-0.061682,-0.030896,0,0.991347,2.54678,0
-0.061305,-0.030304,0,1.01142,2.54312,0
-0.0613,-0.030292,0,1.01142,2.54312,0
-0.06135,-0.030079,0,1.13534,2.58239,0
-0.061375,-0.030076,0,1.13603,2.58256,0
-0.061799,-0.030506,0,1.20847,2.62114,0
-0.061451,-0.030075,0,1.21056,2.67873,0
-0.061441,-0.030059,0,1.21056,2.67891,0
-0.061244,-0.030506,0,1.10479,2.6803,0
-0.06124,-0.030523,0,1.10357,2.6803,0
-0.06111,-0.031146,0,0.984715,2.66948,0
-0.061082,-0.031152,0,0.984715,2.66948,0
-0.061513,-0.030059,0,1.06675,2.69985,0
-0.062173,-0.03004,0,1.08594,2.72324,0
-0.071295,-0.040768,0,1.17914,2.65814,0
-0.071295,-0.040789,0,1.17914,2.65814,0
-0.062727,-0.030053,0,0.990823,2.72655,0
-0.062727,-0.030035,0,0.990823,2.72655,0
-0.062133,-0.030002,0,1.10951,2.85675,0
-0.062113,-0.030002,0,1.10985,2.85728,0
-0.061613,-0.030001,0,1.21126,2.95606,0
-0.061594,-0.030001,0,1.21178,2.95676,0
-0.061902,-0.030001,0,1.17077,3.01994,0
-0.061916,-0.030001,0,1.17077,3.01994,0
-0.062855,-0.031712,0,1.11143,3.06497,0
-0.062857,-0.031729,0,1.11143,3.06497,0
-0.06234,-0.031851,0,1.0362,3.02274,0
-0.06232,-0.031852,0,1.03603,3.02256,0
-0.061085,-0.03007,0,1.0355,3.03687,0
-0.061082,-0.030056,0,1.0355,3.03687,0
-0.063131,-0.030014,0,1.05418,3.06934,0
-0.062416,-0.031129,0,1.10165,3.06951,0
-0.062411,-0.03114,0,1.10165,3.06951,0
-0.062412,-0.031138,0,1.10165,3.06951,0
-0.062412,-0.031138,0,1.10165,3.06951,0
-0.062075,-0.030049,0,1.13761,3.12972,0
-0.061721,-0.030783,0,1.08891,3.17737,0
-0.06172,-0.030795,0,1.08891,3.17737,0
-0.061978,-0.030438,0,1.03847,3.20425,0
-0.06198,-0.030428,0,1.0383,3.20425,0
-0.061163,-0.030058,0,1.03655,3.22694,0
-0.061146,-0.030057,0,1.03655,3.22694,0
-0.063164,-0.030028,0,1.00828,3.26551,0
-0.063684,-0.030083,0,1.04423,3.25382,0
-0.063698,-0.030083,0,1.04441,3.25382,0
-0.062293,-0.030023,0,1.07512,3.27022,0
-0.062277,-0.030023,0,1.07512,3.27022,0
-0.062659,-0.03142,0,1.10113,3.2704,0
-0.062663,-0.03144,0,1.10113,3.2704,0
-0.061983,-0.030087,0,1.08577,3.31333,0
-0.061981,-0.030074,0,1.08577,3.31333,0
-0.063945,-0.032052,0,1.12329,3.28698,0
-0.063959,-0.032065,0,1.12329,3.28698,0
-0.062225,-0.030233,0,1.1116,3.29082,0
-0.062202,-0.030209,0,1.1116,3.29064,0
-0.062267,-0.030005,0,1.16309,3.39117,0
-0.063147,-0.030002,0,1.13638,3.4362,0
-0.063164,-0.030002,0,1.13638,3.4362,0
-0.063045,-0.030194,0,1.1123,3.48141,0
-0.063529,-0.030783,0,1.14162,3.46291,0
-0.063546,-0.030803,0,1.14179,3.46291,0
-0.061917,-0.030041,0,0.975988,3.37966,0
-0.061894,-0.030018,0,0.975814,3.37966,0
-0.063275,-0.030001,0,1.06657,3.50584,0
-0.063296,-0.030001,0,1.06657,3.50584,0
-0.061998,-0.030001,0,1.11998,3.58264,0
-0.061986,-0.030001,0,1.11998,3.58264,0
-0.061986,-0.03005,0,1.12172,3.58473,0
-0.061986,-0.030054,0,1.12137,3.58438,0
-0.061906,-0.030077,0,1.11893,3.59032,0
