-0.099739,-0.049274,0,1.24041,1.64654,0
-0.099372,-0.049978,0,1.28125,1.71932,0
-0.099002,-0.051748,0,1.30882,1.76313,0
-0.099089,-0.051013,0,1.23465,1.66243,0
-0.099089,-0.051001,0,1.2343,1.66225,0
-0.099193,-0.050409,0,1.17356,1.57307,0
-0.099193,-0.050396,0,1.17356,1.57289,0
-0.099284,-0.05023,0,1.21457,1.6345,0
-0.09913,-0.049688,0,1.30952,1.78408,0
-0.099129,-0.049677,0,1.30987,1.78477,0
-0.099129,-0.049675,0,1.30987,1.78512,0
-0.099129,-0.049676,0,1.30987,1.78512,0
-0.099129,-0.049676,0,1.30987,1.78495,0
-0.099129,-0.049676,0,1.30987,1.78495,0
-0.099129,-0.049676,0,1.30987,1.78495,0
-0.099129,-0.049676,0,1.30987,1.78495,0
-0.099129,-0.049676,0,1.30987,1.78495,0
-0.099129,-0.049676,0,1.30987,1.78495,0
-0.099129,-0.049676,0,1.30987,1.78495,0
-0.099129,-0.049676,0,1.30987,1.78495,0
-0.099129,-0.049676,0,1.30987,1.78495,0
-0.099129,-0.049676,0,1.30987,1.78495,0
-0.099129,-0.049676,0,1.30987,1.78495,0
-0.099129,-0.049676,0,1.30987,1.78495,0
-0.099129,-0.049676,0,1.30987,1.78495,0
-0.099129,-0.049676,0,1.30987,1.78477,0
-0.099129,-0.049676,0,1.30987,1.78477,0
-0.098915,-0.04951,0,1.36101,1.86506,0
-0.098907,-0.05032,0,1.42401,1.96559,0
-0.098907,-0.050326,0,1.42436,1.96594,0
-0.098907,-0.050325,0,1.42436,1.96594,0
-0.099011,-0.050342,0,1.36572,1.88042,0
-0.099015,-0.050343,0,1.3645,1.8778,0
-0.098778,-0.04983,0,1.28352,1.75598,0
-0.098775,-0.049818,0,1.28299,1.75545,0
-0.098546,-0.049799,0,1.24006,1.68773,0
-0.098544,-0.049772,0,1.24006,1.68756,0
-0.098425,-0.049245,0,1.30079,1.78111,0
-0.098425,-0.049233,0,1.30097,1.78146,0
-0.098567,-0.049409,0,1.3926,1.92597,0
-0.09857,-0.049416,0,1.39365,1.92841,0
-0.098737,-0.05012,0,1.47533,2.05513,0
-0.098919,-0.049378,0,1.39173,1.93348,0
-0.098889,-0.049526,0,1.29329,1.77779,0
-0.098889,-0.04953,0,1.29259,1.77517,0
-0.098566,-0.049084,0,1.23587,1.68337,0
-0.09865,-0.047873,0,1.37061,1.90642,0
-0.098634,-0.049699,0,1.46224,2.07293,0
-0.098634,-0.049711,0,1.46224,2.07293,0
-0.098192,-0.049345,0,1.40726,1.99072,0
-0.098186,-0.049333,0,1.40708,1.99037,0
-0.098397,-0.049763,0,1.37061,1.93487,0
-0.098402,-0.049765,0,1.37026,1.93417,0
-0.098401,-0.049765,0,1.37026,1.93417,0
-0.098298,-0.049396,0,1.42227,2.00975,0
-0.098119,-0.049753,0,1.48161,2.09806,0
-0.098117,-0.049764,0,1.48178,2.09841,0
-0.098117,-0.049763,0,1.48196,2.09893,0
-0.098117,-0.049763,0,1.48196,2.09893,0
-0.098074,-0.050392,0,1.5235,2.1567,0
-0.098073,-0.050405,0,1.5235,2.15688,0
-0.09825,-0.050327,0,1.47027,2.08637,0
-0.098263,-0.050323,0,1.46904,2.0848,0
-0.09826,-0.050324,0,1.46957,2.08514,0
-0.098261,-0.050324,0,1.46939,2.08514,0
-0.098261,-0.050323,0,1.46922,2.08514,0
-0.09826,-0.050323,0,1.46922,2.08514,0
-0.09826,-0.050323,0,1.46939,2.08514,0
-0.09826,-0.050323,0,1.46939,2.08514,0
-0.09826,-0.050323,0,1.46939,2.08514,0
-0.09826,-0.050323,0,1.46939,2.08514,0
-0.09826,-0.050323,0,1.46939,2.08514,0
-0.09826,-0.050323,0,1.46939,2.08514,0
-0.09826,-0.050323,0,1.46939,2.08514,0
-0.09826,-0.050323,0,1.46939,2.08514,0
-0.09826,-0.050323,0,1.46939,2.08514,0
-0.09826,-0.050323,0,1.46939,2.08514,0
-0.09826,-0.050323,0,1.46939,2.08514,0
-0.09826,-0.050323,0,1.46939,2.08514,0
-0.09826,-0.050323,0,1.46939,2.08514,0
-0.09826,-0.050323,0,1.46939,2.08514,0
-0.09826,-0.050323,0,1.46939,2.08514,0
-0.09826,-0.050323,0,1.46939,2.08532,0
-0.098159,-0.048792,0,1.51704,2.14885,0
-0.098071,-0.048407,0,1.57952,2.24467,0
-0.09807,-0.048396,0,1.57987,2.24502,0
-0.09807,-0.048397,0,1.57987,2.24554,0
-0.09807,-0.048397,0,1.57987,2.24554,0
-0.09807,-0.048397,0,1.57987,2.24554,0
-0.09807,-0.048397,0,1.57987,2.24554,0
-0.09807,-0.048397,0,1.57987,2.24554,0
-0.09807,-0.048397,0,1.57987,2.24554,0
-0.09807,-0.048397,0,1.57987,2.24554,0
-0.09807,-0.048397,0,1.57987,2.24554,0
-0.09807,-0.048397,0,1.57987,2.24554,0
-0.09807,-0.048397,0,1.57987,2.24554,0
-0.09807,-0.048397,0,1.57987,2.24554,0
-0.09807,-0.048397,0,1.57987,2.24554,0
-0.097992,-0.048338,0,1.63066,2.32303,0
-0.097922,-0.048693,0,1.6811,2.40018,0
-0.097922,-0.048704,0,1.6811,2.40053,0
-0.097921,-0.048703,0,1.68145,2.40087,0
-0.097921,-0.048703,0,1.68145,2.40087,0
-0.097921,-0.048703,0,1.68128,2.40087,0
-0.097921,-0.048703,0,1.68128,2.40087,0
-0.097921,-0.048703,0,1.68128,2.40087,0
-0.097921,-0.048703,0,1.68128,2.40087,0
-0.097921,-0.048703,0,1.68128,2.40087,0
-0.097921,-0.048703,0,1.68128,2.40087,0
-0.097921,-0.048703,0,1.68128,2.40087,0
-0.097921,-0.048703,0,1.68128,2.40087,0
-0.097921,-0.048703,0,1.68128,2.40087,0
-0.097921,-0.048703,0,1.68128,2.40087,0
-0.097921,-0.048703,0,1.68128,2.40087,0
-0.097921,-0.048703,0,1.68128,2.40087,0
-0.097921,-0.048703,0,1.68128,2.40087,0
-0.097921,-0.048703,0,1.68128,2.40087,0
-0.097613,-0.048955,0,1.75458,2.50699,0
-0.097598,-0.048965,0,1.75563,2.50839,0
-0.09749,-0.048889,0,1.75964,2.51537,0
-0.09749,-0.048886,0,1.75877,2.5131,0
-0.097472,-0.047328,0,1.71374,2.45027,0
-0.097894,-0.047509,0,1.65091,2.34956,0
-0.097907,-0.047511,0,1.65073,2.34904,0
-0.097798,-0.047353,0,1.59209,2.25305,0
-0.097789,-0.047343,0,1.59122,2.25043,0
-0.097673,-0.047341,0,1.5872,2.24345,0
-0.097668,-0.047341,0,1.58877,2.24572,0
-0.097549,-0.047677,0,1.65422,2.35585,0
-0.097548,-0.047689,0,1.6544,2.35602,0
-0.097204,-0.048666,0,1.73608,2.48535,0
-0.097204,-0.048679,0,1.73608,2.48535,0
-0.097185,-0.047301,0,1.68494,2.41449,0
-0.097185,-0.047289,0,1.68494,2.41449,0
-0.097186,-0.047289,0,1.68494,2.41431,0
-0.097186,-0.047289,0,1.68494,2.41431,0
-0.097186,-0.047289,0,1.68494,2.41431,0
-0.097186,-0.047289,0,1.68494,2.41431,0
-0.097431,-0.046811,0,1.73852,2.49861,0
-0.097433,-0.0468,0,1.73852,2.49896,0
-0.097279,-0.047321,0,1.77675,2.56197,0
-0.097279,-0.047331,0,1.77675,2.56214,0
-0.097186,-0.048526,0,1.81793,2.6255,0
-0.097083,-0.048214,0,1.74411,2.52619,0
-0.097082,-0.048203,0,1.74358,2.52549,0
-0.096918,-0.046543,0,1.66731,2.41815,0
-0.096918,-0.046528,0,1.66731,2.41815,0
-0.096988,-0.046006,0,1.80397,2.64173,0
-0.096988,-0.045993,0,1.80415,2.64313,0
-0.09696,-0.045993,0,1.80676,2.65011,0
-0.09697,-0.045993,0,1.80607,2.64784,0
-0.097198,-0.048777,0,1.81026,2.65482,0
-0.097198,-0.048788,0,1.81026,2.65482,0
-0.097198,-0.048789,0,1.81026,2.65482,0
-0.097198,-0.048789,0,1.81026,2.65482,0
-0.097198,-0.048788,0,1.81026,2.65482,0
-0.097198,-0.048788,0,1.81026,2.65482,0
-0.096727,-0.045848,0,1.79228,2.63056,0
-0.096727,-0.045836,0,1.79228,2.63056,0
-0.096931,-0.046414,0,1.82527,2.68519,0
-0.096934,-0.046425,0,1.82527,2.68536,0
-0.096998,-0.047981,0,1.87605,2.76513,0
-0.096998,-0.047991,0,1.87605,2.7653,0
-0.096999,-0.047989,0,1.87605,2.7653,0
-0.096999,-0.04799,0,1.87605,2.7653,0
-0.097,-0.04799,0,1.87605,2.7653,0
-0.097,-0.04799,0,1.87605,2.7653,0
-0.097,-0.04799,0,1.87605,2.7653,0
-0.097,-0.04799,0,1.87605,2.7653,0
-0.097001,-0.04799,0,1.87605,2.7653,0
-0.097001,-0.04799,0,1.87605,2.7653,0
-0.097001,-0.04799,0,1.87605,2.7653,0
-0.097001,-0.04799,0,1.87605,2.7653,0
-0.097001,-0.04799,0,1.87605,2.7653,0
-0.097001,-0.04799,0,1.87605,2.7653,0
-0.097001,-0.04799,0,1.87605,2.7653,0
-0.097001,-0.04799,0,1.87605,2.7653,0
-0.097001,-0.04799,0,1.87605,2.7653,0
-0.097001,-0.04799,0,1.87605,2.7653,0
-0.097001,-0.04799,0,1.87605,2.7653,0
-0.097001,-0.04799,0,1.87605,2.7653,0
-0.096311,-0.045479,0,1.92143,2.82516,0
-0.096511,-0.04493,0,1.95651,2.88136,0
-0.096512,-0.044919,0,1.95651,2.88154,0
-0.096461,-0.048132,0,1.97676,2.9161,0
-0.096461,-0.048137,0,1.97676,2.9161,0
-0.096461,-0.048136,0,1.97676,2.9161,0
-0.096031,-0.046101,0,1.99107,2.93285,0
-0.096295,-0.044799,0,2.00416,2.95188,0
-0.096295,-0.044789,0,2.00416,2.95188,0
-0.096295,-0.044788,0,2.00416,2.95188,0
-0.096295,-0.044788,0,2.00416,2.95188,0
-0.096295,-0.04479,0,2.00416,2.95205,0
-0.096295,-0.04479,0,2.00416,2.95205,0
-0.096295,-0.04479,0,2.00416,2.95205,0
-0.096295,-0.04479,0,2.00416,2.95205,0
-0.095883,-0.045596,0,2.06769,3.05782,0
-0.095881,-0.045608,0,2.06769,3.05799,0
-0.095568,-0.045531,0,2.11499,3.12571,0
-0.095567,-0.045513,0,2.11499,3.12588,0
-0.095567,-0.04551,0,2.11516,3.12588,0
-0.095567,-0.04551,0,2.11516,3.12588,0
-0.095568,-0.045512,0,2.11516,3.12606,0
-0.095568,-0.045512,0,2.11516,3.12606,0
-0.095568,-0.045512,0,2.11516,3.12606,0
-0.095568,-0.045512,0,2.11516,3.12606,0
-0.095568,-0.045512,0,2.11516,3.12606,0
-0.095568,-0.045512,0,2.11516,3.12606,0
-0.095568,-0.045512,0,2.11516,3.12606,0
-0.095568,-0.045512,0,2.11516,3.12606,0
-0.095568,-0.045512,0,2.11516,3.12606,0
-0.0952,-0.045326,0,2.17171,3.20425,0
-0.095199,-0.045309,0,2.17171,3.20442,0
-0.095282,-0.04523,0,2.22704,3.27808,0
-0.095139,-0.045467,0,2.28516,3.35574,0
-0.095137,-0.045474,0,2.28568,3.35732,0
-0.095137,-0.045472,0,2.28568,3.35697,0
-0.095138,-0.045472,0,2.28533,3.35627,0
-0.095138,-0.045472,0,2.28533,3.35627,0
-0.095271,-0.042861,0,2.24903,3.30984,0
-0.095271,-0.04285,0,2.24903,3.30984,0
-0.095031,-0.042201,0,2.19161,3.2121,0
-0.095109,-0.042769,0,2.16508,3.16411,0
-0.09511,-0.04278,0,2.16508,3.16393,0
-0.095384,-0.044769,0,2.14553,3.12972,0
-0.095384,-0.044781,0,2.14553,3.12972,0
-0.095285,-0.044859,0,2.15007,3.13688,0
-0.095283,-0.044859,0,2.14885,3.13496,0
-0.095004,-0.044406,0,2.22879,3.2526,0
-0.094999,-0.04439,0,2.22913,3.25347,0
-0.094766,-0.04451,0,2.31675,3.38175,0
-0.094756,-0.044514,0,2.31815,3.38384,0
-0.094327,-0.044665,0,2.40576,3.5041,0
-0.094645,-0.042439,0,2.34049,3.42102,0
-0.095154,-0.040648,0,2.23123,3.23846,0
-0.09496,-0.043361,0,2.27067,3.32991,0
-0.09496,-0.043366,0,2.27067,3.32991,0
-0.09496,-0.043365,0,2.27067,3.32991,0
-0.094199,-0.042672,0,2.30157,3.37966,0
-0.094197,-0.04267,0,2.30157,3.37966,0
-0.094197,-0.04267,0,2.30157,3.37983,0
-0.093882,-0.04289,0,2.36946,3.48699,0
-0.093868,-0.042897,0,2.36998,3.48822,0
-0.093832,-0.042018,0,2.43351,3.58159,0
-0.093837,-0.042006,0,2.43351,3.58159,0
-0.094632,-0.04003,0,2.31588,3.40025,0
-0.094632,-0.040018,0,2.31588,3.40025,0
-0.094834,-0.042677,0,2.3068,3.38454,0
-0.094834,-0.042688,0,2.3068,3.38454,0
-0.094013,-0.044167,0,2.38813,3.52085,0
-0.094011,-0.044179,0,2.38813,3.52085,0
-0.093924,-0.044129,0,2.3932,3.52801,0
-0.093913,-0.044121,0,2.39197,3.52626,0
-0.093916,-0.044123,0,2.39215,3.52626,0
-0.093916,-0.044123,0,2.39215,3.52626,0
-0.093915,-0.044122,0,2.39215,3.52644,0
-0.093915,-0.044122,0,2.39215,3.52644,0
-0.093831,-0.044076,0,2.39162,3.52504,0
-0.093822,-0.044073,0,2.39162,3.52539,0
-0.093824,-0.044075,0,2.3918,3.52609,0
-0.093824,-0.044075,0,2.3918,3.52591,0
-0.093564,-0.04323,0,2.47662,3.63325,0
-0.093563,-0.043216,0,2.47662,3.63343,0
-0.093152,-0.040554,0,2.52706,3.70097,0
-0.093152,-0.040539,0,2.52706,3.70097,0
-0.094798,-0.037861,0,2.42042,3.52522,0
-0.094799,-0.037849,0,2.42042,3.52522,0
-0.09446,-0.043252,0,2.46318,3.65297,0
-0.09446,-0.043266,0,2.46318,3.65297,0
-0.09353,-0.04268,0,2.49722,3.69992,0
-0.093339,-0.042568,0,2.55883,3.78143,0
-0.093327,-0.042567,0,2.55987,3.7837,0
-0.093519,-0.041411,0,2.60141,3.83868,0
-0.094866,-0.040646,0,2.50402,3.69678,0
-0.094879,-0.040644,0,2.50402,3.69678,0
-0.09488,-0.040643,0,2.50402,3.69661,0
-0.09488,-0.040643,0,2.50402,3.69661,0
-0.094879,-0.040644,0,2.50402,3.69661,0
-0.094879,-0.040644,0,2.50402,3.69661,0
-0.094064,-0.040866,0,2.55813,3.80237,0
-0.09405,-0.040867,0,2.55813,3.80255,0
-0.093613,-0.040813,0,2.60525,3.88266,0
-0.093611,-0.040801,0,2.60543,3.88283,0
-0.093611,-0.040804,0,2.60543,3.88283,0
-0.093613,-0.040805,0,2.60543,3.88283,0
-0.093613,-0.040804,0,2.60543,3.88283,0
-0.093613,-0.040804,0,2.60543,3.88283,0
-0.093613,-0.040804,0,2.60543,3.88283,0
-0.093613,-0.040804,0,2.60543,3.88283,0
-0.093613,-0.040804,0,2.60543,3.88283,0
-0.093613,-0.040804,0,2.60543,3.88283,0
-0.093613,-0.040804,0,2.60543,3.88283,0
-0.093613,-0.040804,0,2.60543,3.88283,0
-0.093613,-0.040804,0,2.60543,3.88283,0
-0.093613,-0.040804,0,2.60543,3.88283,0
-0.09336,-0.042167,0,2.67646,3.99454,0
-0.09336,-0.042179,0,2.67664,3.99454,0
-0.094269,-0.040145,0,2.54382,3.83466,0
-0.09427,-0.04014,0,2.54382,3.83466,0
-0.09427,-0.040141,0,2.54382,3.83466,0
-0.09376,-0.038858,0,2.559,3.86521,0
-0.093759,-0.038845,0,2.559,3.86521,0
-0.094008,-0.042907,0,2.62532,3.9982,0
-0.093395,-0.042971,0,2.58867,3.95876,0
-0.093385,-0.042971,0,2.5885,3.95858,0
-0.093385,-0.042971,0,2.5885,3.95841,0
-0.093385,-0.042971,0,2.5885,3.95841,0
-0.093386,-0.042971,0,2.5885,3.95841,0
-0.093386,-0.042971,0,2.5885,3.95841,0
-0.093387,-0.042971,0,2.5885,3.95841,0
-0.093387,-0.042971,0,2.5885,3.95841,0
-0.093029,-0.042548,0,2.64836,4.02071,0
-0.093022,-0.042532,0,2.64871,4.02106,0
-0.093394,-0.041507,0,2.69008,4.06557,0
-0.093395,-0.041497,0,2.69008,4.06557,0
-0.093395,-0.041496,0,2.69008,4.06574,0
-0.093395,-0.041496,0,2.69008,4.06574,0
-0.093395,-0.041497,0,2.69008,4.06574,0
-0.093395,-0.041497,0,2.69008,4.06574,0
-0.093395,-0.041497,0,2.69008,4.06574,0
-0.093395,-0.041497,0,2.69008,4.06574,0
-0.093395,-0.041497,0,2.69008,4.06574,0
-0.093395,-0.041497,0,2.69008,4.06574,0
-0.093395,-0.041497,0,2.69008,4.06574,0
-0.093857,-0.042782,0,2.66739,4.04009,0
-0.093858,-0.042792,0,2.66739,4.04009,0
-0.093859,-0.042794,0,2.66721,4.04009,0
-0.093859,-0.042793,0,2.66721,4.04009,0
-0.093763,-0.042867,0,2.67384,4.04829,0
-0.093753,-0.042874,0,2.6721,4.04567,0
-0.093509,-0.043457,0,2.73196,4.11042,0
-0.093508,-0.043467,0,2.73214,4.11042,0
-0.093508,-0.043467,0,2.73214,4.11077,0
-0.093508,-0.043467,0,2.73214,4.11077,0
-0.093435,-0.043418,0,2.73319,4.11269,0
-0.093426,-0.043416,0,2.73284,4.11217,0
-0.093428,-0.043417,0,2.73284,4.11165,0
-0.093428,-0.043417,0,2.73284,4.112,0
-0.093076,-0.042512,0,2.81434,4.19123,0
-0.093075,-0.042499,0,2.81434,4.19123,0
-0.09315,-0.042438,0,2.81871,4.19717,0
-0.093156,-0.042434,0,2.81731,4.19525,0
-0.093154,-0.042437,0,2.81749,4.19542,0
-0.093154,-0.042436,0,2.81749,4.19542,0
-0.09355,-0.040045,0,2.79741,4.17553,0
-0.093551,-0.040033,0,2.79741,4.17553,0
-0.093638,-0.039928,0,2.79183,4.16785,0
-0.093642,-0.039917,0,2.79305,4.16994,0
-0.093695,-0.040482,0,2.82656,4.22579,0
-0.093695,-0.040493,0,2.82656,4.22597,0
-0.093696,-0.040494,0,2.82674,4.22614,0
-0.093696,-0.040494,0,2.82674,4.22614,0
-0.093728,-0.041662,0,2.87019,4.28984,0
-0.093728,-0.041674,0,2.87019,4.29002,0
-0.093691,-0.039028,0,2.77123,4.17745,0
-0.093691,-0.039015,0,2.77123,4.17745,0
-0.093409,-0.037997,0,2.8482,4.31114,0
-0.093409,-0.037986,0,2.8482,4.31131,0
-0.093408,-0.037988,0,2.84838,4.31149,0
-0.093408,-0.037988,0,2.84838,4.31149,0
-0.093408,-0.037987,0,2.8482,4.31166,0
-0.093408,-0.037987,0,2.8482,4.31166,0
-0.093409,-0.037987,0,2.8482,4.31166,0
-0.093409,-0.037987,0,2.8482,4.31166,0
-0.093409,-0.037987,0,2.84838,4.31166,0
-0.093409,-0.037987,0,2.84838,4.31166,0
-0.093409,-0.037987,0,2.84838,4.31166,0
-0.093409,-0.037987,0,2.84838,4.31166,0
-0.093409,-0.037987,0,2.84838,4.31166,0
-0.093409,-0.037987,0,2.84838,4.31166,0
-0.093409,-0.037987,0,2.84838,4.31166,0
-0.093409,-0.037987,0,2.84838,4.31166,0
-0.093409,-0.037987,0,2.84838,4.31166,0
-0.093515,-0.039123,0,2.92378,4.44989,0
-0.093515,-0.039137,0,2.92378,4.45007,0
-0.093409,-0.039103,0,2.92063,4.44274,0
-0.093411,-0.039111,0,2.92168,4.445,0
-0.093278,-0.039407,0,2.87211,4.38531,0
-0.093274,-0.039419,0,2.87176,4.38479,0
-0.093274,-0.03942,0,2.87176,4.38427,0
-0.093275,-0.039419,0,2.87176,4.38444,0
-0.093276,-0.039419,0,2.87176,4.38479,0
-0.093276,-0.039419,0,2.87176,4.38479,0
-0.093277,-0.039419,0,2.87176,4.38479,0
-0.093277,-0.039419,0,2.87176,4.38479,0
-0.093301,-0.041871,0,2.86601,4.38287,0
-0.093301,-0.041883,0,2.86601,4.38287,0
-0.09276,-0.042004,0,2.96462,4.47485,0
-0.092753,-0.042032,0,2.96479,4.47502,0
-0.092977,-0.040146,0,3.01785,4.5225,0
-0.092977,-0.040134,0,3.01785,4.5225,0
-0.093695,-0.036695,0,2.94996,4.44867,0
-0.093695,-0.036684,0,2.94996,4.44867,0
-0.093451,-0.039088,0,3.01645,4.59685,0
-0.09345,-0.039101,0,3.01645,4.59685,0
-0.093362,-0.039174,0,3.01261,4.59301,0
-0.093353,-0.039179,0,3.01401,4.5944,0
-0.093354,-0.039177,0,3.01349,4.5944,0
-0.093354,-0.039178,0,3.01366,4.5944,0
-0.092588,-0.041187,0,3.08243,4.68324,0
-0.092588,-0.041198,0,3.08243,4.68324,0
-0.092587,-0.041196,0,3.08243,4.68324,0
-0.092587,-0.041196,0,3.08243,4.68324,0
-0.092588,-0.041197,0,3.08243,4.68324,0
-0.092588,-0.041197,0,3.08243,4.68324,0
-0.092588,-0.041197,0,3.08243,4.68324,0
-0.092587,-0.041197,0,3.08243,4.68324,0
-0.092587,-0.041197,0,3.08243,4.68324,0
-0.092587,-0.041197,0,3.08243,4.68324,0
-0.092587,-0.041197,0,3.08243,4.68324,0
-0.092587,-0.041197,0,3.08243,4.68324,0
-0.092587,-0.041197,0,3.08243,4.68324,0
-0.092587,-0.041197,0,3.08243,4.68324,0
-0.092587,-0.041197,0,3.08243,4.68324,0
-0.092587,-0.041197,0,3.08243,4.68324,0
-0.092587,-0.041197,0,3.08243,4.68324,0
-0.092587,-0.041197,0,3.08243,4.68324,0
-0.092323,-0.039707,0,3.16166,4.74799,0
-0.092323,-0.039696,0,3.16166,4.74799,0
-0.093021,-0.039003,0,3.15992,4.75166,0
-0.093032,-0.038994,0,3.15992,4.75166,0
-0.093436,-0.038139,0,3.10512,4.69511,0
-0.09344,-0.038125,0,3.10512,4.69511,0
-0.093375,-0.038125,0,3.10808,4.70087,0
-0.093369,-0.038125,0,3.10704,4.69912,0
-0.092647,-0.039962,0,3.20408,4.84207,0
-0.092646,-0.039973,0,3.20408,4.84207,0
-0.092646,-0.039974,0,3.20408,4.84224,0
-0.092646,-0.039974,0,3.20408,4.84224,0
-0.092647,-0.039973,0,3.20408,4.84224,0
-0.092647,-0.039973,0,3.20408,4.84224,0
-0.092647,-0.039973,0,3.20408,4.84224,0
-0.092647,-0.039973,0,3.20408,4.84224,0
-0.092647,-0.039973,0,3.20408,4.84224,0
-0.092647,-0.039973,0,3.20408,4.84224,0
-0.092647,-0.039973,0,3.20408,4.84224,0
-0.092647,-0.039973,0,3.20408,4.84224,0
-0.092647,-0.039973,0,3.20408,4.84224,0
-0.092647,-0.039973,0,3.20408,4.84224,0
-0.092647,-0.039973,0,3.20408,4.84224,0
-0.092647,-0.039973,0,3.20408,4.84224,0
-0.092647,-0.039973,0,3.20408,4.84224,0
-0.092174,-0.039861,0,3.28104,4.91363,0
-0.092164,-0.039861,0,3.28122,4.9138,0
-0.092162,-0.03986,0,3.28139,4.91432,0
-0.092163,-0.03986,0,3.28139,4.91432,0
-0.092066,-0.039417,0,3.33689,4.96616,0
-0.092063,-0.039412,0,3.33707,4.96633,0
-0.092064,-0.039413,0,3.33707,4.96633,0
-0.092387,-0.039051,0,3.26726,4.90891,0
-0.092396,-0.03904,0,3.26691,4.90874,0
-0.092397,-0.03904,0,3.26691,4.90821,0
-0.092397,-0.03904,0,3.26691,4.90821,0
-0.092709,-0.03729,0,3.17074,4.82217,0
-0.09271,-0.037278,0,3.17074,4.82217,0
-0.092299,-0.038995,0,3.30356,5.007,0
-0.092299,-0.039004,0,3.30356,5.007,0
-0.092298,-0.039006,0,3.30356,5.007,0
-0.092298,-0.039006,0,3.30356,5.007,0
-0.092204,-0.039939,0,3.26202,4.98012,0
-0.092204,-0.039948,0,3.26202,4.98012,0
-0.092204,-0.039949,0,3.26202,4.97995,0
-0.092204,-0.039949,0,3.26202,4.97995,0
-0.092204,-0.039948,0,3.26202,4.97995,0
-0.092204,-0.039948,0,3.26202,4.97995,0
-0.091879,-0.04028,0,3.34457,5.03911,0
-0.091867,-0.040292,0,3.34492,5.03964,0
-0.091869,-0.040291,0,3.34475,5.03999,0
-0.091869,-0.040291,0,3.34475,5.03999,0
-0.091868,-0.040291,0,3.34475,5.03999,0
-0.091868,-0.040291,0,3.34475,5.03999,0
-0.091868,-0.040291,0,3.34475,5.03999,0
-0.091868,-0.040291,0,3.34475,5.03999,0
-0.091868,-0.040291,0,3.34475,5.03999,0
-0.091868,-0.040291,0,3.34475,5.03999,0
-0.091868,-0.040291,0,3.34475,5.03999,0
-0.091868,-0.040291,0,3.34475,5.03999,0
-0.091868,-0.040291,0,3.34475,5.03999,0
-0.091868,-0.040291,0,3.34475,5.03999,0
-0.091868,-0.040291,0,3.34475,5.03999,0
-0.091868,-0.040291,0,3.34475,5.03999,0
-0.091836,-0.041034,0,3.45261,5.11312,0
-0.092054,-0.040436,0,3.50061,5.14593,0
-0.092056,-0.040426,0,3.50061,5.1461,0
-0.092057,-0.040424,0,3.50096,5.1461,0
-0.092056,-0.040425,0,3.50078,5.14628,0
-0.092057,-0.040425,0,3.50078,5.14628,0
-0.092058,-0.040425,0,3.50078,5.14628,0
-0.092058,-0.040425,0,3.50078,5.14628,0
-0.092059,-0.040425,0,3.50078,5.14628,0
-0.092059,-0.040425,0,3.50061,5.14628,0
-0.09206,-0.040425,0,3.50061,5.14628,0
-0.09206,-0.040425,0,3.50061,5.14628,0
-0.092097,-0.040373,0,3.50689,5.15239,0
-0.092091,-0.040368,0,3.5048,5.15047,0
-0.091985,-0.039978,0,3.58264,5.21243,0
-0.091985,-0.039971,0,3.58316,5.21295,0
-0.091985,-0.039973,0,3.58299,5.21295,0
-0.091985,-0.039973,0,3.58281,5.21295,0
-0.091985,-0.039973,0,3.58281,5.21295,0
-0.091985,-0.039972,0,3.58299,5.21295,0
-0.091985,-0.039972,0,3.58299,5.21295,0
-0.091985,-0.039972,0,3.58281,5.21295,0
-0.091985,-0.039972,0,3.58281,5.21295,0
-0.091985,-0.039972,0,3.58281,5.21295,0
-0.091985,-0.039972,0,3.58281,5.21295,0
-0.091985,-0.039972,0,3.58281,5.21295,0
-0.091985,-0.039972,0,3.58281,5.21295,0
-0.091985,-0.039972,0,3.58281,5.21295,0
-0.091985,-0.039972,0,3.58281,5.21295,0
-0.091985,-0.039972,0,3.58281,5.21295,0
-0.091985,-0.039972,0,3.58281,5.21295,0
-0.091985,-0.039972,0,3.58281,5.21295,0
-0.091985,-0.039972,0,3.58281,5.21295,0
-0.091985,-0.039972,0,3.58281,5.21295,0
-0.091759,-0.039804,0,3.64791,5.27037,0
-0.091749,-0.039797,0,3.64879,5.27107,0
-0.091746,-0.039796,0,3.64879,5.27124,0
-0.091748,-0.039797,0,3.64879,5.27124,0
-0.091909,-0.039454,0,3.70917,5.32622,0
-0.09191,-0.039443,0,3.70952,5.32657,0
-0.092246,-0.037058,0,3.62505,5.25588,0
-0.092246,-0.037047,0,3.62505,5.25588,0
-0.092246,-0.037046,0,3.62505,5.25588,0
-0.092246,-0.037047,0,3.62505,5.25588,0
-0.091811,-0.04069,0,3.69888,5.36584,0
-0.091355,-0.041881,0,3.67793,5.35572,0
-0.091351,-0.041893,0,3.67793,5.35572,0
-0.091352,-0.041891,0,3.67793,5.35572,0
-0.091352,-0.041891,0,3.67793,5.35572,0
-0.091352,-0.041892,0,3.67793,5.35572,0
-0.091352,-0.041892,0,3.67793,5.35572,0
-0.091352,-0.041892,0,3.67793,5.35572,0
-0.091352,-0.041892,0,3.67793,5.35572,0
-0.090851,-0.040047,0,3.79312,5.41314,0
-0.090851,-0.040036,0,3.79312,5.41314,0
-0.091753,-0.038031,0,3.70359,5.35188,0
-0.091754,-0.038017,0,3.70359,5.35188,0
-0.091842,-0.038108,0,3.71092,5.3613,0
-0.091853,-0.038119,0,3.70865,5.35851,0
-0.091958,-0.039391,0,3.78056,5.44159,0
-0.091958,-0.039403,0,3.78056,5.44176,0
-0.091958,-0.039405,0,3.78056,5.44176,0
-0.09116,-0.041513,0,3.87149,5.5224,0
-0.091159,-0.041518,0,3.87149,5.5224,0
-0.091159,-0.041517,0,3.87149,5.5224,0
-0.091159,-0.041515,0,3.87149,5.5224,0
-0.091159,-0.041517,0,3.87149,5.5224,0
-0.091159,-0.041517,0,3.87149,5.5224,0
-0.091159,-0.041517,0,3.87149,5.5224,0
-0.091159,-0.041517,0,3.87149,5.5224,0
-0.091159,-0.041517,0,3.87149,5.5224,0
-0.091159,-0.041517,0,3.87149,5.5224,0
-0.091159,-0.041517,0,3.87149,5.5224,0
-0.091159,-0.041517,0,3.87149,5.5224,0
-0.091159,-0.041517,0,3.87149,5.5224,0
-0.091159,-0.041517,0,3.87149,5.5224,0
-0.091159,-0.041517,0,3.87149,5.5224,0
-0.090697,-0.040717,0,3.98214,5.5854,0
-0.090693,-0.040704,0,3.98232,5.58558,0
-0.091047,-0.038287,0,3.96574,5.57737,0
-0.091047,-0.038275,0,3.96574,5.57737,0
-0.091626,-0.037401,0,3.89104,5.51192,0
-0.091631,-0.037391,0,3.89086,5.51158,0
-0.091631,-0.03739,0,3.89086,5.5114,0
-0.091631,-0.03739,0,3.89086,5.5114,0
-0.091322,-0.040623,0,4.01897,5.67476,0
-0.091322,-0.040633,0,4.01897,5.67476,0
-0.090665,-0.041088,0,3.99925,5.66551,0
-0.090654,-0.041091,0,3.99925,5.66551,0
-0.090656,-0.041091,0,3.99907,5.66551,0
-0.090656,-0.041091,0,3.99907,5.66551,0
-0.090655,-0.041091,0,3.99907,5.66551,0
-0.090655,-0.041091,0,3.99907,5.66551,0
-0.090655,-0.041091,0,3.99907,5.66551,0
-0.090655,-0.041091,0,3.99907,5.66551,0
-0.090237,-0.04001,0,4.12264,5.73341,0
-0.090236,-0.039999,0,4.12264,5.73341,0
-0.091283,-0.037513,0,4.04724,5.68419,0
-0.091283,-0.037503,0,4.04724,5.68419,0
-0.091255,-0.037825,0,3.99506,5.63864,0
-0.091255,-0.037835,0,3.99506,5.63829,0
-0.091254,-0.037835,0,3.99471,5.63794,0
-0.091254,-0.037835,0,3.99471,5.63794,0
-0.090927,-0.04046,0,4.10641,5.76063,0
-0.090225,-0.041524,0,4.19682,5.82102,0
-0.090221,-0.041536,0,4.19682,5.82102,0
-0.090222,-0.041534,0,4.19682,5.82102,0
-0.090222,-0.041535,0,4.19682,5.82102,0
-0.090223,-0.041535,0,4.19682,5.8212,0
-0.090223,-0.041535,0,4.19682,5.8212,0
-0.090223,-0.041535,0,4.19682,5.8212,0
-0.090224,-0.041535,0,4.19682,5.8212,0
-0.090224,-0.041535,0,4.19682,5.8212,0
-0.090105,-0.04063,0,4.26332,5.8589,0
-0.090105,-0.040619,0,4.26332,5.8589,0
-0.090111,-0.039286,0,4.29718,5.8842,0
-0.090111,-0.039271,0,4.29718,5.8842,0
-0.090843,-0.037371,0,4.22981,5.83464,0
-0.090843,-0.037359,0,4.22981,5.83464,0
-0.090844,-0.037361,0,4.22981,5.83446,0
-0.090844,-0.037361,0,4.22981,5.83446,0
-0.090283,-0.040134,0,4.33557,5.96431,0
-0.090283,-0.040145,0,4.33557,5.96431,0
-0.090283,-0.040146,0,4.3354,5.96431,0
-0.090283,-0.040146,0,4.3354,5.96431,0
-0.090283,-0.040145,0,4.3354,5.96431,0
-0.090283,-0.040145,0,4.3354,5.96431,0
-0.090283,-0.040145,0,4.33522,5.96431,0
-0.090283,-0.040145,0,4.33522,5.96431,0
-0.090283,-0.040145,0,4.33522,5.96431,0
-0.090283,-0.040145,0,4.33522,5.96431,0
-0.090283,-0.040145,0,4.33505,5.96431,0
-0.090283,-0.040145,0,4.33487,5.96431,0
-0.090013,-0.040338,0,4.28915,5.93796,0
-0.089999,-0.040344,0,4.28827,5.93778,0
-0.089646,-0.040184,0,4.38933,5.99992,0
-0.089634,-0.040171,0,4.39055,6.00097,0
-0.089783,-0.039726,0,4.43837,6.03517,0
-0.089786,-0.039714,0,4.43837,6.03517,0
-0.089875,-0.039645,0,4.44448,6.04198,0
-0.089885,-0.039641,0,4.44291,6.03954,0
-0.089883,-0.03965,0,4.44274,6.03936,0
-0.089882,-0.039644,0,4.44308,6.04006,0
-0.089883,-0.039646,0,4.44308,6.04006,0
-0.089883,-0.039646,0,4.44291,6.04006,0
-0.089883,-0.039646,0,4.44291,6.04006,0
-0.089883,-0.039646,0,4.44308,6.04006,0
-0.089883,-0.039646,0,4.44308,6.04006,0
-0.089883,-0.039646,0,4.44308,6.04006,0
-0.089883,-0.039646,0,4.44308,6.04006,0
-0.090063,-0.038448,0,4.54257,6.11808,0
-0.090064,-0.038434,0,4.54257,6.11808,0
-0.090194,-0.035856,0,4.40591,5.99713,0
-0.090194,-0.035846,0,4.40591,5.99713,0
-0.090195,-0.035848,0,4.40573,5.99713,0
-0.090195,-0.035848,0,4.40573,5.99713,0
-0.090196,-0.035847,0,4.40573,5.99713,0
-0.090196,-0.035847,0,4.40573,5.99713,0
-0.090058,-0.040932,0,4.46647,6.09417,0
-0.090058,-0.040945,0,4.46647,6.09417,0
-0.089649,-0.039513,0,4.51272,6.12331,0
-0.089648,-0.039499,0,4.51272,6.12331,0
-0.089645,-0.038812,0,4.56386,6.16415,0
-0.089645,-0.0388,0,4.56386,6.16433,0
-0.089632,-0.037649,0,4.59632,6.19679,0
-0.089633,-0.037645,0,4.59632,6.19679,0
-0.089633,-0.037646,0,4.59632,6.19679,0
-0.089633,-0.037647,0,4.59632,6.19679,0
-0.089633,-0.037647,0,4.59632,6.19679,0
-0.089633,-0.037647,0,4.59632,6.19679,0
-0.089633,-0.037647,0,4.59632,6.19679,0
-0.089633,-0.037647,0,4.59632,6.19679,0
-0.089633,-0.037647,0,4.59632,6.19679,0
-0.089633,-0.037647,0,4.59632,6.19679,0
-0.089633,-0.037647,0,4.59632,6.19679,0
-0.089633,-0.037647,0,4.59632,6.19679,0
-0.089633,-0.037647,0,4.59632,6.19679,0
-0.089633,-0.037647,0,4.59632,6.19679,0
-0.089633,-0.037647,0,4.59632,6.19679,0
-0.089633,-0.037647,0,4.59632,6.19679,0
-0.089633,-0.037647,0,4.59632,6.19679,0
-0.089633,-0.037647,0,4.59632,6.19679,0
-0.089633,-0.037647,0,4.59632,6.19679,0
-0.089049,-0.039324,0,4.71885,6.32263,0
-0.089049,-0.039336,0,4.71885,6.32263,0
-0.088642,-0.040052,0,4.66893,6.29209,0
-0.088638,-0.040063,0,4.66893,6.29209,0
-0.088639,-0.040061,0,4.66876,6.29191,0
-0.088639,-0.040061,0,4.66876,6.29191,0
-0.088639,-0.040061,0,4.66876,6.29191,0
-0.08864,-0.040061,0,4.66876,6.29191,0
-0.08864,-0.040061,0,4.66876,6.29191,0
-0.08864,-0.040061,0,4.66876,6.29191,0
-0.08864,-0.040061,0,4.66876,6.29191,0
-0.088641,-0.040061,0,4.66876,6.29191,0
-0.088641,-0.040061,0,4.66876,6.29191,0
-0.088641,-0.040061,0,4.66876,6.29191,0
-0.088941,-0.039576,0,4.74415,6.33799,0
-0.088945,-0.039565,0,4.74433,6.33799,0
-0.088683,-0.039999,0,4.84224,6.40867,0
-0.088676,-0.040012,0,4.84277,6.4092,0
-0.08856,-0.040134,0,4.8494,6.41409,0
-0.088559,-0.040133,0,4.84713,6.41286,0
-0.088855,-0.039182,0,4.75288,6.35474,0
-0.088856,-0.039167,0,4.75271,6.35457,0
-0.089592,-0.037065,0,4.64694,6.28493,0
-0.088559,-0.040287,0,4.84503,6.48442,0
-0.088146,-0.041438,0,4.83613,6.48233,0
-0.088145,-0.041449,0,4.83613,6.48233,0
-0.088146,-0.041447,0,4.83613,6.48233,0
-0.088146,-0.041447,0,4.83613,6.48233,0
-0.088147,-0.041448,0,4.83613,6.48233,0
-0.088074,-0.040699,0,4.90438,6.5106,0
-0.088207,-0.039967,0,4.98065,6.55127,0
-0.088207,-0.039954,0,4.98065,6.55127,0
-0.08873,-0.038688,0,4.89774,6.5017,0
-0.088731,-0.038675,0,4.89774,6.50153,0
-0.088835,-0.037209,0,4.80995,6.44218,0
-0.088836,-0.037197,0,4.80995,6.44218,0
-0.088203,-0.038411,0,4.94225,6.56698,0
-0.088202,-0.038421,0,4.94242,6.56698,0
-0.0882,-0.038425,0,4.94242,6.56715,0
-0.088202,-0.038423,0,4.94242,6.56715,0
-0.088202,-0.038423,0,4.94242,6.56715,0
-0.088202,-0.038424,0,4.94242,6.56715,0
-0.088202,-0.038424,0,4.94242,6.56715,0
-0.088202,-0.038424,0,4.94242,6.56715,0
-0.087608,-0.040357,0,5.02323,6.62841,0
-0.087608,-0.04037,0,5.02323,6.62841,0
-0.087846,-0.040535,0,4.95586,6.59612,0
-0.087856,-0.04055,0,4.95534,6.59595,0
-0.087662,-0.040203,0,5.0084,6.62195,0
-0.087655,-0.040188,0,5.00892,6.62195,0
-0.087448,-0.039347,0,5.0632,6.6518,0
-0.087447,-0.039334,0,5.0632,6.6518,0
-0.088235,-0.038244,0,5.05308,6.64918,0
-0.088239,-0.038234,0,5.05308,6.64918,0
-0.088238,-0.038237,0,5.05308,6.64918,0
-0.088238,-0.038236,0,5.05308,6.64918,0
-0.088238,-0.038235,0,5.05308,6.64918,0
-0.088238,-0.038236,0,5.05308,6.64918,0
-0.087678,-0.038279,0,5.13458,6.71725,0
-0.087668,-0.038272,0,5.13458,6.71725,0
-0.087668,-0.038273,0,5.13476,6.7176,0
-0.087668,-0.038273,0,5.13476,6.7176,0
-0.087669,-0.038273,0,5.13441,6.7176,0
-0.087669,-0.038273,0,5.13441,6.7176,0
-0.08767,-0.038273,0,5.13441,6.7176,0
-0.08767,-0.038273,0,5.13441,6.7176,0
-0.087671,-0.038273,0,5.13441,6.7176,0
-0.087671,-0.038273,0,5.13441,6.7176,0
-0.087672,-0.038273,0,5.13441,6.7176,0
-0.087672,-0.038273,0,5.13441,6.7176,0
-0.087673,-0.038273,0,5.13441,6.7176,0
-0.087673,-0.038273,0,5.13441,6.7176,0
-0.087673,-0.038273,0,5.13441,6.7176,0
-0.087674,-0.038273,0,5.13441,6.7176,0
-0.087674,-0.038273,0,5.13441,6.7176,0
-0.087675,-0.038273,0,5.13441,6.7176,0
-0.087675,-0.038273,0,5.13441,6.7176,0
-0.087589,-0.038338,0,5.14191,6.72475,0
-0.087582,-0.03834,0,5.13947,6.72231,0
-0.087246,-0.037471,0,5.2229,6.78759,0
-0.087245,-0.037461,0,5.2229,6.78776,0
-0.087245,-0.037459,0,5.22307,6.78793,0
-0.087245,-0.03746,0,5.22307,6.78793,0
-0.087246,-0.03746,0,5.22307,6.78793,0
-0.087246,-0.03746,0,5.22307,6.78793,0
-0.087246,-0.03746,0,5.22307,6.78793,0
-0.087246,-0.03746,0,5.22307,6.78793,0
-0.087246,-0.03746,0,5.22307,6.78793,0
-0.087246,-0.03746,0,5.22307,6.78793,0
-0.087246,-0.03746,0,5.22307,6.78793,0
-0.087246,-0.03746,0,5.22307,6.78793,0
-0.087842,-0.036868,0,5.16548,6.74884,0
-0.087858,-0.036854,0,5.16548,6.74866,0
-0.087461,-0.039107,0,5.29062,6.87188,0
-0.087461,-0.039121,0,5.29062,6.87188,0
-0.086809,-0.040245,0,5.28695,6.87363,0
-0.086807,-0.04025,0,5.28695,6.87363,0
-0.086807,-0.040249,0,5.28695,6.87363,0
-0.086808,-0.040248,0,5.28695,6.87363,0
-0.086808,-0.040248,0,5.28695,6.87363,0
-0.086808,-0.040249,0,5.28713,6.87363,0
-0.086808,-0.040249,0,5.28713,6.87363,0
-0.086808,-0.040249,0,5.28713,6.87363,0
-0.086808,-0.040249,0,5.28713,6.87363,0
-0.086375,-0.039681,0,5.3524,6.90766,0
-0.086366,-0.039668,0,5.3524,6.90766,0
-0.086815,-0.03821,0,5.35502,6.9115,0
-0.086815,-0.0382,0,5.35502,6.9115,0
-0.086816,-0.038202,0,5.35502,6.9115,0
-0.086816,-0.038201,0,5.35502,6.9115,0
-0.087532,-0.03709,0,5.31086,6.88532,0
-0.087535,-0.037086,0,5.31086,6.88532,0
-0.087535,-0.037087,0,5.31086,6.88532,0
-0.086918,-0.036855,0,5.36375,6.93943,0
-0.086904,-0.036854,0,5.36375,6.9396,0
-0.086614,-0.03846,0,5.43426,7.00697,0
-0.086015,-0.040293,0,5.42536,7.0054,0
-0.086014,-0.040302,0,5.42536,7.0054,0
-0.086014,-0.040303,0,5.42536,7.0054,0
-0.086014,-0.040303,0,5.42536,7.0054,0
-0.086014,-0.040302,0,5.42536,7.0054,0
-0.086014,-0.040302,0,5.42536,7.0054,0
-0.086041,-0.039422,0,5.48243,7.03263,0
-0.086041,-0.039411,0,5.48243,7.03263,0
-0.086312,-0.039429,0,5.55556,7.07609,0
-0.086326,-0.039431,0,5.55591,7.07679,0
-0.087267,-0.037609,0,5.52903,7.06282,0
-0.087268,-0.037596,0,5.52903,7.06282,0
-0.086937,-0.036158,0,5.43792,6.99249,0
-0.086937,-0.036146,0,5.43792,6.99249,0
-0.086426,-0.037727,0,5.53165,7.09337,0
-0.086425,-0.037736,0,5.53165,7.09337,0
-0.086425,-0.037733,0,5.53165,7.09354,0
-0.086425,-0.037734,0,5.53165,7.09354,0
-0.086425,-0.037734,0,5.53165,7.09354,0
-0.086425,-0.037734,0,5.53165,7.09354,0
-0.086425,-0.037734,0,5.53165,7.09354,0
-0.086425,-0.037734,0,5.53165,7.09354,0
-0.086425,-0.037734,0,5.53165,7.09354,0
-0.086425,-0.037734,0,5.53165,7.09354,0
-0.086425,-0.037734,0,5.53165,7.09354,0
-0.086425,-0.037734,0,5.53165,7.09354,0
-0.086425,-0.037734,0,5.53165,7.09354,0
-0.086425,-0.037734,0,5.53165,7.09354,0
-0.086425,-0.037734,0,5.53165,7.09354,0
-0.086425,-0.037734,0,5.53165,7.09354,0
-0.085639,-0.038528,0,5.64335,7.17959,0
-0.085626,-0.038538,0,5.64352,7.17976,0
-0.085624,-0.038539,0,5.64352,7.18011,0
-0.085625,-0.038539,0,5.64352,7.18011,0
-0.085625,-0.038538,0,5.64352,7.18011,0
-0.085625,-0.038538,0,5.64352,7.18011,0
-0.085625,-0.038538,0,5.64352,7.18011,0
-0.085625,-0.038538,0,5.64352,7.18011,0
-0.085625,-0.038538,0,5.64352,7.18011,0
-0.085625,-0.038538,0,5.6437,7.18011,0
-0.085625,-0.038538,0,5.6437,7.18011,0
-0.085625,-0.038538,0,5.6437,7.18011,0
-0.085625,-0.038538,0,5.6437,7.18011,0
-0.085625,-0.038538,0,5.6437,7.18011,0
-0.085625,-0.038538,0,5.6437,7.18011,0
-0.085625,-0.038538,0,5.6437,7.18011,0
-0.085625,-0.038538,0,5.6437,7.18011,0
-0.085625,-0.038538,0,5.6437,7.18011,0
-0.085625,-0.038538,0,5.6437,7.18011,0
-0.085451,-0.038626,0,5.73952,7.24381,0
-0.085502,-0.038562,0,5.80968,7.29338,0
-0.085505,-0.038559,0,5.81177,7.2946,0
-0.085505,-0.038559,0,5.81125,7.29478,0
-0.085505,-0.038559,0,5.81125,7.29478,0
-0.085505,-0.038559,0,5.8116,7.29443,0
-0.085505,-0.038559,0,5.8116,7.29443,0
-0.085505,-0.038559,0,5.81142,7.29443,0
-0.085505,-0.038559,0,5.81142,7.29443,0
-0.085505,-0.038559,0,5.81142,7.29443,0
-0.085505,-0.038559,0,5.81142,7.29443,0
-0.085505,-0.038559,0,5.81142,7.29443,0
-0.085505,-0.038559,0,5.81142,7.29443,0
-0.085505,-0.038559,0,5.81142,7.29443,0
-0.085505,-0.038559,0,5.81142,7.29443,0
-0.085505,-0.038559,0,5.81142,7.29443,0
-0.085505,-0.038559,0,5.81142,7.29443,0
-0.085505,-0.038559,0,5.81142,7.29443,0
-0.085505,-0.038559,0,5.81142,7.29443,0
-0.085525,-0.038253,0,5.90462,7.36302,0
-0.085526,-0.038242,0,5.90567,7.36337,0
-0.085456,-0.03814,0,5.91527,7.37245,0
-0.085448,-0.038126,0,5.91213,7.36965,0
-0.085452,-0.03813,0,5.91265,7.37,0
-0.085451,-0.038129,0,5.91248,7.37,0
-0.085519,-0.036977,0,5.83254,7.31276,0
-0.085975,-0.036325,0,5.77617,7.27174,0
-0.085979,-0.036316,0,5.77617,7.27174,0
-0.08598,-0.036316,0,5.77599,7.27157,0
-0.08598,-0.036316,0,5.77599,7.27157,0
-0.085749,-0.036754,0,5.84511,7.34661,0
-0.085402,-0.037668,0,5.93447,7.43214,0
-0.085401,-0.037679,0,5.93447,7.43214,0
-0.085457,-0.037236,0,5.82259,7.3536,0
-0.085445,-0.037223,0,5.82224,7.3536,0
-0.085405,-0.036574,0,5.74458,7.30281,0
-0.085405,-0.03656,0,5.74458,7.30281,0
-0.085665,-0.036974,0,5.82155,7.36948,0
-0.08567,-0.036987,0,5.82207,7.37,0
-0.085516,-0.037061,0,5.90986,7.44331,0
-0.085506,-0.037075,0,5.91195,7.44488,0
-0.085374,-0.037587,0,5.9891,7.51033,0
-0.085372,-0.0376,0,5.98927,7.51033,0
-0.085312,-0.037691,0,5.88874,7.44453,0
-0.085312,-0.037693,0,5.88665,7.44226,0
-0.085239,-0.037864,0,5.79676,7.38903,0
-0.085237,-0.037867,0,5.79624,7.38798,0
-0.085237,-0.037866,0,5.79624,7.38798,0
-0.085238,-0.037866,0,5.79641,7.3885,0
-0.085238,-0.037866,0,5.79641,7.3885,0
-0.085238,-0.037866,0,5.79641,7.3885,0
-0.085238,-0.037866,0,5.79641,7.3885,0
-0.085238,-0.037866,0,5.79641,7.3885,0
-0.085238,-0.037866,0,5.79641,7.3885,0
-0.085078,-0.037126,0,5.91702,7.46146,0
-0.085078,-0.037113,0,5.91719,7.46146,0
-0.085006,-0.036524,0,5.98945,7.5187,0
-0.085005,-0.036513,0,5.98945,7.51888,0
-0.085006,-0.036512,0,5.9898,7.51905,0
-0.085006,-0.036513,0,5.9898,7.51905,0
-0.085007,-0.036513,0,5.98962,7.51905,0
-0.085007,-0.036513,0,5.98962,7.51905,0
-0.085008,-0.036513,0,5.9898,7.51905,0
-0.085008,-0.036513,0,5.9898,7.51905,0
-0.085009,-0.036513,0,5.98962,7.51905,0
-0.085009,-0.036513,0,5.98962,7.51905,0
-0.085011,-0.036513,0,5.98962,7.51905,0
-0.085011,-0.036513,0,5.98962,7.51905,0
-0.08523,-0.03608,0,6.04373,7.56949,0
-0.085807,-0.035136,0,6.03919,7.57578,0
-0.08581,-0.035126,0,6.03919,7.57578,0
-0.085811,-0.035125,0,6.03919,7.57595,0
-0.085811,-0.035125,0,6.03919,7.57595,0
-0.085347,-0.036459,0,6.02261,7.57403,0
-0.085347,-0.036471,0,6.02261,7.57403,0
-0.08527,-0.036532,0,6.02331,7.577,0
-0.08526,-0.036534,0,6.02313,7.57595,0
-0.085262,-0.036532,0,6.02313,7.5763,0
-0.085262,-0.036533,0,6.02313,7.5763,0
-0.084556,-0.037524,0,6.1179,7.65624,0
-0.084553,-0.037533,0,6.1179,7.65624,0
-0.084552,-0.037533,0,6.11808,7.65641,0
-0.084552,-0.037533,0,6.11808,7.65641,0
-0.084553,-0.037533,0,6.11808,7.65641,0
-0.084553,-0.037533,0,6.11808,7.65641,0
-0.084553,-0.037533,0,6.11808,7.65641,0
-0.084553,-0.037533,0,6.11808,7.65641,0
-0.084553,-0.037533,0,6.11808,7.65641,0
-0.084553,-0.037533,0,6.11808,7.65641,0
-0.084553,-0.037533,0,6.11808,7.65641,0
-0.084459,-0.037431,0,6.11075,7.6517,0
-0.084451,-0.037423,0,6.11232,7.65292,0
-0.084455,-0.037426,0,6.11214,7.65309,0
-0.084454,-0.037425,0,6.11214,7.65309,0
-0.084458,-0.036476,0,6.16747,7.69341,0
-0.084458,-0.036466,0,6.16747,7.69341,0
-0.084458,-0.036466,0,6.16747,7.69359,0
-0.084458,-0.036466,0,6.16747,7.69359,0
-0.084458,-0.036466,0,6.16747,7.69359,0
-0.084458,-0.036466,0,6.16747,7.69359,0
-0.084458,-0.036466,0,6.16747,7.69359,0
-0.084458,-0.036466,0,6.16747,7.69359,0
-0.084458,-0.036466,0,6.16747,7.69359,0
-0.084458,-0.036466,0,6.16747,7.69359,0
-0.084458,-0.036466,0,6.16747,7.69359,0
-0.084458,-0.036466,0,6.16747,7.69359,0
-0.084458,-0.036466,0,6.16747,7.69359,0
-0.084458,-0.036466,0,6.16747,7.69359,0
-0.084458,-0.036466,0,6.16747,7.69359,0
-0.084458,-0.036466,0,6.16747,7.69359,0
-0.084458,-0.036466,0,6.16747,7.69359,0
-0.084458,-0.036466,0,6.16747,7.69359,0
-0.084458,-0.036466,0,6.16747,7.69359,0
-0.084458,-0.036466,0,6.16747,7.69359,0
-0.084578,-0.036095,0,6.26503,7.77405,0
-0.084579,-0.036091,0,6.26538,7.77439,0
-0.084579,-0.036092,0,6.26538,7.77439,0
-0.084579,-0.036093,0,6.26521,7.77457,0
-0.084579,-0.036093,0,6.26521,7.77457,0
-0.084579,-0.036093,0,6.26538,7.77457,0
-0.084579,-0.036092,0,6.26538,7.77457,0
-0.084579,-0.036092,0,6.26538,7.77457,0
-0.084579,-0.036092,0,6.26538,7.77457,0
-0.084579,-0.036092,0,6.26538,7.77457,0
-0.084579,-0.036092,0,6.26538,7.77457,0
-0.084579,-0.036092,0,6.26538,7.77457,0
-0.084579,-0.036092,0,6.26538,7.77457,0
-0.084579,-0.036092,0,6.26538,7.77457,0
-0.084579,-0.036092,0,6.26538,7.77457,0
-0.084579,-0.036092,0,6.26538,7.77457,0
-0.084579,-0.036092,0,6.26538,7.77457,0
-0.084579,-0.036092,0,6.26538,7.77457,0
-0.084579,-0.036092,0,6.26538,7.77457,0
-0.084579,-0.036092,0,6.26538,7.77457,0
-0.084606,-0.035791,0,6.33258,7.83845,0
-0.084607,-0.03578,0,6.33328,7.83915,0
-0.084607,-0.035781,0,6.33328,7.83967,0
-0.084607,-0.035781,0,6.33328,7.8395,0
-0.084607,-0.03578,0,6.33328,7.83915,0
-0.084607,-0.03578,0,6.33328,7.83915,0
-0.084607,-0.03578,0,6.33328,7.83915,0
-0.084607,-0.03578,0,6.33328,7.83915,0
-0.084607,-0.03578,0,6.33328,7.83915,0
-0.084607,-0.03578,0,6.33328,7.83915,0
-0.084607,-0.03578,0,6.33328,7.83915,0
-0.084607,-0.03578,0,6.33328,7.83915,0
-0.084607,-0.03578,0,6.33328,7.83915,0
-0.084607,-0.03578,0,6.33328,7.83915,0
-0.084607,-0.03578,0,6.33328,7.83915,0
-0.084607,-0.03578,0,6.33328,7.83915,0
-0.084607,-0.03578,0,6.33328,7.83915,0
-0.084607,-0.03578,0,6.33328,7.83915,0
-0.084607,-0.03578,0,6.33328,7.83915,0
-0.084607,-0.03578,0,6.33328,7.83915,0
-0.084607,-0.03578,0,6.33328,7.83915,0
-0.084301,-0.035847,0,6.40518,7.91088,0
-0.084289,-0.03586,0,6.40588,7.91158,0
-0.084289,-0.03586,0,6.40571,7.9121,0
-0.084289,-0.03586,0,6.40571,7.9121,0
-0.084289,-0.03586,0,6.40571,7.91175,0
-0.084289,-0.03586,0,6.40571,7.91175,0
-0.084289,-0.03586,0,6.40571,7.91175,0
-0.084289,-0.03586,0,6.40571,7.91175,0
-0.084289,-0.03586,0,6.40571,7.91175,0
-0.084289,-0.03586,0,6.40571,7.91175,0
-0.084289,-0.03586,0,6.40571,7.91175,0
-0.084289,-0.03586,0,6.40571,7.91175,0
-0.084289,-0.03586,0,6.40571,7.91175,0
-0.084289,-0.03586,0,6.40571,7.91175,0
-0.084289,-0.03586,0,6.40571,7.91175,0
-0.084289,-0.03586,0,6.40571,7.91175,0
-0.084289,-0.03586,0,6.40571,7.91175,0
-0.084289,-0.03586,0,6.40571,7.91175,0
-0.084289,-0.03586,0,6.40571,7.91175,0
-0.084289,-0.03586,0,6.40571,7.91175,0
-0.084289,-0.03586,0,6.40571,7.91175,0
-0.084089,-0.035352,0,6.4654,7.97074,0
-0.084088,-0.035343,0,6.4654,7.97074,0
-0.084088,-0.035342,0,6.46557,7.97127,0
-0.084089,-0.035342,0,6.46557,7.97127,0
-0.08409,-0.035343,0,6.46557,7.97127,0
-0.08409,-0.035343,0,6.46557,7.97127,0
-0.084202,-0.034177,0,6.40065,7.92676,0
-0.084202,-0.034174,0,6.40065,7.92676,0
-0.084202,-0.034174,0,6.40065,7.92676,0
-0.084202,-0.034176,0,6.40065,7.92676,0
-0.084202,-0.034176,0,6.40065,7.92676,0
-0.084202,-0.034175,0,6.40065,7.92676,0
-0.084202,-0.034175,0,6.40065,7.92676,0
-0.084125,-0.035875,0,6.475,8.01647,0
-0.084125,-0.035884,0,6.475,8.01647,0
-0.084125,-0.035886,0,6.475,8.01647,0
-0.084125,-0.035886,0,6.475,8.01647,0
-0.084125,-0.035885,0,6.475,8.01647,0
-0.084125,-0.035885,0,6.475,8.01647,0
-0.084125,-0.035885,0,6.475,8.01647,0
-0.084125,-0.035885,0,6.475,8.01647,0
-0.084125,-0.035885,0,6.475,8.01647,0
-0.084125,-0.035885,0,6.475,8.01647,0
-0.084125,-0.035885,0,6.475,8.01647,0
-0.084125,-0.035885,0,6.475,8.01647,0
-0.084125,-0.035885,0,6.475,8.01647,0
-0.084125,-0.035885,0,6.475,8.01647,0
-0.084125,-0.035885,0,6.475,8.01647,0
-0.084125,-0.035885,0,6.475,8.01647,0
-0.084125,-0.035885,0,6.475,8.01647,0
-0.084125,-0.035885,0,6.475,8.01647,0
-0.083518,-0.034711,0,6.54568,8.07895,0
-0.083516,-0.034695,0,6.54568,8.07913,0
-0.083948,-0.035845,0,6.60066,8.13899,0
-0.08395,-0.035861,0,6.60066,8.13899,0
-0.083801,-0.033328,0,6.46138,8.04579,0
-0.083801,-0.033318,0,6.46138,8.04579,0
-0.083707,-0.036053,0,6.57239,8.17041,0
-0.083707,-0.036064,0,6.57239,8.17041,0
-0.083707,-0.036061,0,6.57239,8.17041,0
-0.083707,-0.036062,0,6.57239,8.17041,0
-0.083707,-0.036062,0,6.57239,8.17041,0
-0.083707,-0.036062,0,6.57239,8.17041,0
-0.083707,-0.036062,0,6.57239,8.17041,0
-0.083707,-0.036061,0,6.57239,8.17041,0
-0.083707,-0.036061,0,6.57239,8.17041,0
-0.083707,-0.036061,0,6.57239,8.17041,0
-0.083707,-0.036061,0,6.57239,8.17041,0
-0.083707,-0.036061,0,6.57239,8.17041,0
-0.083707,-0.036061,0,6.57239,8.17024,0
-0.083707,-0.036061,0,6.57239,8.17024,0
-0.083707,-0.036061,0,6.57239,8.17024,0
-0.083707,-0.036061,0,6.57239,8.17024,0
-0.083165,-0.033521,0,6.60572,8.19903,0
-0.083165,-0.03351,0,6.60572,8.19903,0
-0.083644,-0.034782,0,6.63574,8.24389,0
-0.083645,-0.034795,0,6.63574,8.24389,0
-0.083303,-0.034122,0,6.54725,8.19659,0
-0.083298,-0.034112,0,6.54708,8.19642,0
-0.083299,-0.034114,0,6.5469,8.19624,0
-0.083299,-0.034114,0,6.5469,8.19624,0
-0.083041,-0.033598,0,6.63435,8.27007,0
-0.083037,-0.033585,0,6.63435,8.27042,0
-0.083341,-0.035307,0,6.70346,8.33918,0
-0.083341,-0.03532,0,6.70346,8.33918,0
-0.083525,-0.0341,0,6.60764,8.29642,0
-0.083525,-0.03409,0,6.60764,8.29642,0
-0.083525,-0.034088,0,6.60764,8.29625,0
-0.083525,-0.034089,0,6.60764,8.29625,0
-0.083525,-0.03409,0,6.60764,8.29625,0
-0.083434,-0.033221,0,6.67065,8.35105,0
-0.083434,-0.03321,0,6.67082,8.35123,0
-0.083733,-0.034305,0,6.70747,8.39957,0
-0.083733,-0.034317,0,6.70747,8.39957,0
-0.083734,-0.034315,0,6.70765,8.39975,0
-0.083734,-0.034315,0,6.70765,8.39975,0
-0.083734,-0.034316,0,6.70765,8.39975,0
-0.083734,-0.034316,0,6.70765,8.39975,0
-0.083734,-0.034316,0,6.70765,8.39975,0
-0.083734,-0.034316,0,6.70765,8.39975,0
-0.083734,-0.034316,0,6.70765,8.39975,0
-0.083297,-0.033746,0,6.63661,8.37514,0
-0.08329,-0.033733,0,6.63644,8.37514,0
-0.08296,-0.032744,0,6.70713,8.42994,0
-0.08296,-0.032734,0,6.70713,8.42994,0
-0.082959,-0.032736,0,6.7073,8.43011,0
-0.082959,-0.032736,0,6.7073,8.43011,0
-0.082959,-0.032735,0,6.70713,8.43011,0
-0.082959,-0.032735,0,6.70713,8.43011,0
-0.082959,-0.032735,0,6.70713,8.43011,0
-0.082959,-0.032735,0,6.70713,8.43011,0
-0.082959,-0.032735,0,6.70713,8.43011,0
-0.082959,-0.032735,0,6.70713,8.43011,0
-0.082959,-0.032735,0,6.70713,8.43011,0
-0.082959,-0.032735,0,6.70713,8.43011,0
-0.08356,-0.034031,0,6.73994,8.47567,0
-0.08356,-0.034044,0,6.73994,8.47567,0
-0.083083,-0.032435,0,6.74971,8.49888,0
-0.083083,-0.03243,0,6.74971,8.49888,0
-0.083083,-0.032431,0,6.74971,8.49888,0
-0.083083,-0.032432,0,6.74989,8.49888,0
-0.083083,-0.032432,0,6.74989,8.49888,0
-0.083083,-0.032431,0,6.74989,8.49888,0
-0.083083,-0.032431,0,6.74989,8.49888,0
-0.083083,-0.032431,0,6.74989,8.49888,0
-0.083083,-0.032431,0,6.74989,8.49888,0
-0.083083,-0.032431,0,6.74989,8.49888,0
-0.083083,-0.032431,0,6.74989,8.49888,0
-0.083083,-0.032431,0,6.74989,8.49888,0
-0.083083,-0.032431,0,6.74989,8.49888,0
-0.083083,-0.032431,0,6.74989,8.49888,0
-0.083083,-0.032431,0,6.74989,8.49888,0
-0.083083,-0.032431,0,6.74989,8.49888,0
-0.083212,-0.032766,0,6.86141,8.59191,0
-0.0834,-0.033349,0,6.89108,8.63554,0
-0.083402,-0.033365,0,6.89108,8.63554,0
-0.083363,-0.032534,0,6.74674,8.58143,0
-0.083361,-0.03253,0,6.74657,8.58143,0
-0.083361,-0.032531,0,6.74657,8.58143,0
-0.083362,-0.032531,0,6.74657,8.58143,0
-0.083362,-0.032531,0,6.74657,8.58143,0
-0.083362,-0.032531,0,6.74657,8.58143,0
-0.083362,-0.032531,0,6.74657,8.58143,0
-0.083362,-0.032531,0,6.74657,8.58143,0
-0.083362,-0.032531,0,6.74657,8.58143,0
-0.083229,-0.031277,0,6.79282,8.62786,0
-0.083229,-0.031266,0,6.79282,8.62786,0
-0.083229,-0.031264,0,6.79282,8.62804,0
-0.083229,-0.031265,0,6.79282,8.62804,0
-0.083229,-0.031266,0,6.79282,8.62804,0
-0.083229,-0.031265,0,6.79282,8.62804,0
-0.083229,-0.031265,0,6.79282,8.62804,0
-0.083229,-0.031265,0,6.79282,8.62804,0
-0.083229,-0.031265,0,6.79282,8.62804,0
-0.083229,-0.031265,0,6.79282,8.62804,0
-0.083229,-0.031265,0,6.79282,8.62804,0
-0.083229,-0.031265,0,6.79282,8.62804,0
-0.083229,-0.031265,0,6.79282,8.62804,0
-0.083229,-0.031265,0,6.79282,8.62804,0
-0.083229,-0.031265,0,6.79282,8.62804,0
-0.083229,-0.031265,0,6.79282,8.62804,0
-0.083229,-0.031265,0,6.79282,8.62804,0
-0.08318,-0.031583,0,6.89772,8.72001,0
-0.083179,-0.031595,0,6.89894,8.72124,0
-0.082927,-0.032539,0,6.99755,8.80676,0
-0.082926,-0.032554,0,6.99755,8.80693,0
-0.082984,-0.032934,0,6.8101,8.75562,0
-0.082984,-0.032947,0,6.80835,8.7551,0
-0.082719,-0.034968,0,6.65616,8.77342,0
-0.082719,-0.034978,0,6.65616,8.77342,0
-0.082855,-0.030124,0,6.68688,8.77098,0
-0.082855,-0.03011,0,6.68688,8.77098,0
-0.083365,-0.030309,0,6.87799,8.79506,0
-0.083377,-0.03031,0,6.87869,8.79506,0
-0.083378,-0.03031,0,6.87869,8.79524,0
-0.083378,-0.03031,0,6.87852,8.79524,0
-0.083377,-0.03031,0,6.87852,8.79524,0
-0.083377,-0.03031,0,6.87852,8.79524,0
-0.083136,-0.031166,0,6.99982,8.89577,0
-0.083135,-0.031176,0,6.99982,8.89577,0
-0.082921,-0.031108,0,6.8656,8.88704,0
-0.082915,-0.031107,0,6.86403,8.88687,0
-0.082914,-0.031107,0,6.86403,8.88669,0
-0.082914,-0.031107,0,6.86403,8.88669,0
-0.082915,-0.031107,0,6.86403,8.88669,0
-0.082915,-0.031107,0,6.86403,8.88669,0
-0.082915,-0.031107,0,6.86403,8.88669,0
-0.082915,-0.031107,0,6.86403,8.88669,0
-0.082915,-0.031107,0,6.86403,8.88669,0
-0.082915,-0.031107,0,6.86403,8.88652,0
-0.082915,-0.031107,0,6.86403,8.88652,0
-0.082915,-0.031107,0,6.86403,8.88634,0
-0.082915,-0.031107,0,6.86403,8.88634,0
-0.082644,-0.030596,0,6.89632,8.92561,0
-0.082641,-0.030583,0,6.89632,8.92579,0
-0.08253,-0.030275,0,6.84291,8.97169,0
-0.082529,-0.030264,0,6.84134,8.97204,0
-0.082529,-0.030263,0,6.84187,8.97274,0
-0.082529,-0.030264,0,6.84187,8.97274,0
-0.082529,-0.030264,0,6.84152,8.97239,0
-0.082529,-0.030264,0,6.84152,8.97239,0
-0.082529,-0.030264,0,6.84169,8.97239,0
-0.082529,-0.030264,0,6.84169,8.97239,0
-0.082529,-0.030264,0,6.84169,8.97239,0
-0.082529,-0.030264,0,6.84169,8.97239,0
-0.082529,-0.030264,0,6.84169,8.97239,0
-0.082529,-0.030264,0,6.84169,8.97239,0
-0.082529,-0.030264,0,6.84169,8.97239,0
-0.082529,-0.030264,0,6.84169,8.97239,0
-0.082529,-0.030264,0,6.84169,8.97239,0
-0.082529,-0.030264,0,6.84169,8.97239,0
-0.082602,-0.030163,0,6.86054,9.0059,0
-0.082612,-0.030155,0,6.86159,9.00887,0
-0.082768,-0.030087,0,6.89056,9.0436,0
-0.082785,-0.030085,0,6.89073,9.04499,0
-0.083165,-0.030288,0,6.89754,9.09282,0
-0.083177,-0.030291,0,6.89754,9.09317,0
-0.083175,-0.030291,0,6.89754,9.09351,0
-0.083175,-0.030291,0,6.89754,9.09351,0
-0.083176,-0.030291,0,6.89754,9.09351,0
-0.083176,-0.030291,0,6.89754,9.09351,0
-0.083176,-0.030291,0,6.89754,9.09351,0
-0.083176,-0.030291,0,6.89754,9.09351,0
-0.083176,-0.030291,0,6.89754,9.09351,0
-0.083176,-0.030291,0,6.89754,9.09351,0
-0.083176,-0.030291,0,6.89754,9.09351,0
-0.083176,-0.030291,0,6.89754,9.09351,0
-0.083176,-0.030291,0,6.89737,9.09351,0
-0.083176,-0.030291,0,6.89737,9.09351,0
-0.083176,-0.030291,0,6.89737,9.09351,0
-0.082811,-0.030051,0,7.09092,9.18497,0
-0.0828,-0.030047,0,7.09284,9.18567,0
-0.08288,-0.032319,0,7.06789,9.20277,0
-0.08288,-0.032336,0,7.06789,9.20277,0
-0.082414,-0.034085,0,7.00802,9.18672,0
-0.082414,-0.034099,0,7.00802,9.18672,0
-0.082083,-0.035315,0,6.96701,9.20207,0
-0.082082,-0.035328,0,6.96701,9.20207,0
-0.081701,-0.035326,0,6.87031,9.28847,0
-0.081698,-0.035295,0,6.87031,9.28864,0
-0.081643,-0.036422,0,6.81446,9.36718,0
-0.081677,-0.038063,0,6.82284,9.35846,0
-0.081677,-0.038075,0,6.82284,9.35846,0
-0.081639,-0.036419,0,6.80661,9.38184,0
-0.081639,-0.036407,0,6.80661,9.38184,0
-0.081904,-0.035127,0,6.80486,9.38865,0
-0.081904,-0.035115,0,6.80486,9.38865,0
-0.081818,-0.035194,0,6.80033,9.39755,0
-0.081808,-0.035204,0,6.80207,9.39511,0
-0.08181,-0.035205,0,6.80155,9.39511,0
-0.08181,-0.035204,0,6.80155,9.39511,0
-0.081809,-0.035204,0,6.80172,9.39528,0
-0.081809,-0.035204,0,6.80172,9.39528,0
-0.081809,-0.035204,0,6.80155,9.39528,0
-0.081809,-0.035204,0,6.80155,9.39528,0
-0.081885,-0.033837,0,6.76594,9.4644,0
-0.081885,-0.033826,0,6.76594,9.46457,0
-0.0821,-0.03182,0,6.78305,9.43926,0
-0.0821,-0.031811,0,6.78305,9.43909,0
-0.081881,-0.030943,0,6.79509,9.43665,0
-0.081881,-0.030931,0,6.79509,9.43665,0
-0.081804,-0.030853,0,6.79631,9.44206,0
-0.081793,-0.030842,0,6.79561,9.44014,0
-0.081855,-0.03009,0,6.83488,9.49686,0
-0.081855,-0.030087,0,6.83506,9.49703,0
-0.081856,-0.030087,0,6.83506,9.49703,0
-0.081857,-0.030089,0,6.83506,9.49721,0
-0.081857,-0.030089,0,6.83506,9.49721,0
-0.081857,-0.030088,0,6.83506,9.49721,0
-0.081857,-0.030088,0,6.83506,9.49721,0
-0.081857,-0.030088,0,6.83506,9.49721,0
-0.081857,-0.030088,0,6.83506,9.49721,0
-0.081857,-0.030088,0,6.83506,9.49721,0
-0.081857,-0.030088,0,6.83506,9.49721,0
-0.081857,-0.030088,0,6.83506,9.49721,0
-0.081857,-0.030088,0,6.83506,9.49721,0
-0.081857,-0.030088,0,6.83506,9.49721,0
-0.081857,-0.030088,0,6.83506,9.49721,0
-0.081857,-0.030088,0,6.83506,9.49721,0
-0.082203,-0.030045,0,6.85007,9.5,0
-0.082226,-0.030003,0,6.93646,9.57453,0
-0.082226,-0.030002,0,6.9396,9.57715,0
-0.08206,-0.03,0,7.01046,9.62776,0
-0.082044,-0.03,0,7.01116,9.62846,0
-0.081971,-0.03,0,7.01308,9.63439,0
-0.081968,-0.03,0,7.01273,9.63282,0
-0.081974,-0.03,0,7.01256,9.63265,0
-0.081972,-0.03,0,7.01256,9.633,0
-0.081972,-0.03,0,7.01273,9.633,0
-0.081972,-0.03,0,7.01273,9.633,0
-0.081972,-0.03,0,7.01273,9.633,0
-0.081972,-0.03,0,7.01273,9.633,0
-0.081972,-0.03,0,7.01273,9.633,0
-0.081972,-0.03,0,7.01273,9.633,0
-0.081972,-0.03,0,7.01273,9.63317,0
-0.081972,-0.03,0,7.01273,9.63317,0
-0.081447,-0.03,0,7.08359,9.69042,0
-0.081425,-0.03,0,7.08394,9.69059,0
-0.081337,-0.03,0,7.08953,9.69722,0
-0.081336,-0.03,0,7.08761,9.69565,0
-0.081337,-0.03,0,7.08813,9.69548,0
-0.081337,-0.03,0,7.08813,9.69548,0
-0.081336,-0.03,0,7.08796,9.69565,0
-0.081336,-0.03,0,7.08796,9.69565,0
-0.081336,-0.03,0,7.08796,9.69565,0
-0.081336,-0.03,0,7.08796,9.69565,0
-0.081336,-0.03,0,7.08796,9.69565,0
-0.081336,-0.03,0,7.08796,9.69565,0
-0.081336,-0.03,0,7.08796,9.69565,0
-0.081336,-0.03,0,7.08796,9.69565,0
-0.081336,-0.03,0,7.08796,9.69565,0
-0.081336,-0.03,0,7.08796,9.69565,0
-0.081336,-0.03,0,7.08796,9.69565,0
-0.081336,-0.03,0,7.08796,9.69565,0
-0.081336,-0.03,0,7.08796,9.69565,0
-0.081117,-0.03,0,7.1295,9.75709,0
-0.081098,-0.03,0,7.13037,9.75901,0
-0.080476,-0.03,0,7.12688,9.8077,0
-0.080465,-0.03,0,7.1267,9.80788,0
-0.082043,-0.033141,0,7.13176,9.83144,0
-0.082043,-0.033158,0,7.13176,9.83144,0
-0.080858,-0.035018,0,7.12792,9.87263,0
-0.080855,-0.03503,0,7.12792,9.8728,0
-0.08035,-0.034349,0,7.11379,9.90806,0
-0.079969,-0.034892,0,7.09459,9.95833,0
-0.079965,-0.034904,0,7.09459,9.9585,0
-0.080439,-0.035441,0,7.1082,9.93057,0
-0.080448,-0.035452,0,7.1082,9.93057,0
-0.08045,-0.035453,0,7.1082,9.9304,0
-0.080449,-0.035452,0,7.1082,9.9304,0
-0.080449,-0.035452,0,7.1082,9.9304,0
-0.080449,-0.035452,0,7.1082,9.9304,0
-0.080375,-0.032966,0,7.10174,9.9482,0
-0.080375,-0.032953,0,7.10174,9.9482,0
-0.080949,-0.031574,0,7.10838,9.9407,0
-0.080951,-0.031562,0,7.10838,9.9407,0
-0.080525,-0.030832,0,7.0986,9.9866,0
-0.080523,-0.030822,0,7.0986,9.9866,0
-0.080523,-0.030825,0,7.0986,9.98677,0
-0.080523,-0.030824,0,7.0986,9.98677,0
-0.080388,-0.030046,0,7.14293,10.0301,0
-0.080387,-0.030043,0,7.14311,10.0301,0
-0.080387,-0.030044,0,7.14311,10.0301,0
-0.080717,-0.030023,0,7.14485,10.0487,0
-0.080729,-0.030023,0,7.14485,10.0487,0
-0.080654,-0.030013,0,7.14328,10.0739,0
-0.080638,-0.030012,0,7.14311,10.0754,0
-0.08048,-0.030006,0,7.13927,10.1069,0
-0.080464,-0.030006,0,7.13927,10.1079,0
-0.080805,-0.031172,0,7.15044,10.0856,0
-0.080807,-0.031186,0,7.15044,10.0857,0
-0.080222,-0.030188,0,7.15515,10.1182,0
-0.080212,-0.030161,0,7.15515,10.1182,0
-0.080209,-0.030154,0,7.15515,10.1182,0
-0.080522,-0.030078,0,7.15794,10.1269,0
-0.080534,-0.030078,0,7.15777,10.1269,0
-0.080631,-0.030068,0,7.15655,10.1343,0
-0.080641,-0.030071,0,7.15707,10.1318,0
-0.080639,-0.030071,0,7.15707,10.1318,0
-0.080639,-0.030071,0,7.15707,10.132,0
-0.080641,-0.030071,0,7.1569,10.132,0
-0.08064,-0.030071,0,7.1569,10.132,0
-0.08064,-0.030071,0,7.1569,10.132,0
-0.080549,-0.03004,0,7.15568,10.1512,0
-0.080498,-0.030036,0,7.15533,10.1545,0
-0.080026,-0.029999,0,7.44191,10.3182,0
-0.080015,-0.029999,0,7.44365,10.3184,0
-0.079389,-0.031166,0,7.4543,10.3091,0
-0.079736,-0.033575,0,7.46285,10.3011,0
-0.079736,-0.033586,0,7.46285,10.3011,0
-0.079736,-0.03359,0,7.46285,10.3011,0
-0.079736,-0.033587,0,7.46285,10.3011,0
-0.079736,-0.033588,0,7.46285,10.3011,0
-0.079736,-0.033588,0,7.46285,10.3011,0
-0.079736,-0.033588,0,7.46285,10.3011,0
-0.079736,-0.033588,0,7.46285,10.3011,0
-0.079662,-0.033616,0,7.46093,10.3084,0
-0.079651,-0.03361,0,7.46146,10.306,0
-0.079653,-0.033609,0,7.46146,10.3063,0
-0.079653,-0.033609,0,7.46146,10.3063,0
-0.079652,-0.03361,0,7.46128,10.3063,0
-0.079652,-0.03361,0,7.46128,10.3063,0
-0.079652,-0.03361,0,7.46128,10.3063,0
-0.079652,-0.03361,0,7.46128,10.3063,0
-0.079652,-0.03361,0,7.46128,10.3063,0
-0.079652,-0.03361,0,7.46128,10.3063,0
-0.079652,-0.03361,0,7.46128,10.3063,0
-0.079652,-0.03361,0,7.46128,10.3063,0
-0.079652,-0.03361,0,7.46128,10.3063,0
-0.079652,-0.03361,0,7.46128,10.3063,0
-0.079652,-0.03361,0,7.46128,10.3063,0
-0.079652,-0.03361,0,7.46128,10.3063,0
-0.079128,-0.03146,0,7.444,10.3566,0
-0.079493,-0.031,0,7.43318,10.4004,0
-0.079502,-0.030988,0,7.43318,10.4006,0
-0.080589,-0.033097,0,7.4269,10.4327,0
-0.07975,-0.032447,0,7.44156,10.3927,0
-0.079735,-0.032441,0,7.44173,10.3927,0
-0.079646,-0.030715,0,7.4344,10.4215,0
-0.079646,-0.030697,0,7.4344,10.4215,0
-0.079836,-0.03049,0,7.42289,10.4877,0
-0.07985,-0.030487,0,7.42289,10.4882,0
-0.080568,-0.031845,0,7.42864,10.4727,0
-0.080572,-0.031868,0,7.42864,10.4727,0
-0.07993,-0.03065,0,7.4372,10.4495,0
-0.079923,-0.030616,0,7.4372,10.4495,0
-0.079533,-0.030009,0,7.83094,10.6275,0
-0.079532,-0.030006,0,7.83304,10.6277,0
-0.079781,-0.033438,0,7.84909,10.6104,0
-0.079781,-0.033454,0,7.84909,10.6104,0
-0.077898,-0.033798,0,7.84176,10.6528,0
-0.077883,-0.033798,0,7.84176,10.6528,0
-0.078535,-0.036858,0,7.83653,10.6699,0
-0.07826,-0.037998,0,7.83042,10.6825,0
-0.078259,-0.038009,0,7.83042,10.6825,0
-0.078213,-0.037592,0,7.80337,10.7305,0
-0.078213,-0.037579,0,7.80319,10.7308,0
-0.07816,-0.03683,0,7.78399,10.7676,0
-0.07816,-0.036817,0,7.78399,10.7678,0
-0.077804,-0.036822,0,7.76619,10.8045,0
-0.078387,-0.039074,0,7.76864,10.7991,0
-0.079001,-0.037152,0,7.77597,10.7849,0
-0.079001,-0.03714,0,7.77597,10.7849,0
-0.079021,-0.035167,0,7.77806,10.7799,0
-0.079021,-0.035152,0,7.77806,10.7799,0
-0.079106,-0.035078,0,7.77631,10.7851,0
-0.079117,-0.03507,0,7.77684,10.7833,0
-0.079116,-0.035073,0,7.77684,10.7832,0
-0.079116,-0.035073,0,7.77684,10.7832,0
-0.079116,-0.035072,0,7.77666,10.7835,0
-0.079116,-0.035072,0,7.77666,10.7835,0
-0.079116,-0.035072,0,7.77666,10.7835,0
-0.078988,-0.032829,0,7.75258,10.8472,0
-0.078987,-0.032826,0,7.75258,10.8472,0
-0.078987,-0.032827,0,7.75258,10.8472,0
-0.079459,-0.032091,0,7.74141,10.8813,0
-0.079462,-0.032087,0,7.74141,10.8814,0
-0.079461,-0.032087,0,7.74141,10.8814,0
-0.07946,-0.03209,0,7.74141,10.8814,0
-0.079461,-0.032089,0,7.74141,10.8814,0
-0.079461,-0.032089,0,7.74141,10.8814,0
-0.07946,-0.032089,0,7.74141,10.8814,0
-0.07946,-0.032089,0,7.74141,10.8814,0
-0.079821,-0.031649,0,7.75048,10.8519,0
-0.079833,-0.031631,0,7.75048,10.8519,0
-0.079302,-0.03004,0,7.74088,10.8874,0
-0.079287,-0.030001,0,7.74088,10.8874,0
-0.079537,-0.03,0,7.6585,10.872,0
-0.079577,-0.03,0,7.65833,10.8724,0
-0.080007,-0.03,0,7.40526,10.8046,0
-0.080013,-0.03,0,7.40055,10.8039,0
-0.078304,-0.029999,0,6.85914,10.8064,0
-0.078284,-0.029999,0,6.85862,10.8064,0
-0.076599,-0.042189,0,5.36287,10.5601,0
-0.076599,-0.042226,0,5.36287,10.5601,0
-0.080958,-0.030233,0,5.24384,10.3856,0
-0.080958,-0.030193,0,5.24384,10.3856,0
-0.080908,-0.030235,0,5.24367,10.3858,0
-0.080955,-0.030195,0,5.24367,10.3856,0
-0.077933,-0.038875,0,5.77128,9.9379,0
-0.077933,-0.038895,0,5.77128,9.9379,0
-0.076844,-0.041177,0,6.09835,9.92778,0
-0.076843,-0.041196,0,6.09835,9.92778,0
-0.07901,-0.046248,0,6.14879,9.90631,0
-0.077175,-0.043665,0,6.13989,9.92796,0
-0.077172,-0.043651,0,6.13989,9.92796,0
-0.078745,-0.041748,0,6.14757,9.93494,0
-0.078745,-0.041738,0,6.14757,9.93494,0
-0.079358,-0.041502,0,6.11912,9.96408,0
-0.079373,-0.041501,0,6.11912,9.96408,0
-0.07859,-0.044402,0,6.09137,10.0079,0
-0.078588,-0.044416,0,6.09137,10.0079,0
-0.076506,-0.044518,0,6.14513,10.0103,0
-0.076492,-0.044518,0,6.14513,10.0103,0
-0.076992,-0.04476,0,6.18318,9.99463,0
-0.077005,-0.044762,0,6.18318,9.99463,0
-0.077225,-0.04502,0,6.22384,9.97368,0
-0.077234,-0.045033,0,6.22419,9.97333,0
-0.07733,-0.044984,0,6.23048,9.9695,0
-0.077341,-0.044978,0,6.22856,9.97037,0
-0.077338,-0.04498,0,6.22873,9.97054,0
-0.077339,-0.04498,0,6.22873,9.97054,0
-0.077339,-0.044979,0,6.22873,9.97037,0
-0.076436,-0.04634,0,6.25962,9.98573,0
-0.076432,-0.046355,0,6.2598,9.98573,0
-0.077503,-0.044161,0,6.2132,10.0603,0
-0.077503,-0.04415,0,6.2132,10.0603,0
-0.077521,-0.043977,0,6.16625,10.1034,0
-0.077497,-0.043965,0,6.16328,10.106,0
-0.078776,-0.046473,0,6.13274,10.1351,0
-0.078778,-0.046487,0,6.13274,10.1351,0
-0.076285,-0.045498,0,6.0987,10.1805,0
-0.07568,-0.044862,0,6.19714,10.1744,0
-0.075663,-0.044846,0,6.19749,10.1744,0
-0.076388,-0.045758,0,6.31076,10.1456,0
-0.0764,-0.045778,0,6.31094,10.1454,0
-0.076136,-0.046052,0,6.44184,10.1707,0
-0.076102,-0.04608,0,6.44672,10.1711,0
-0.075796,-0.04564,0,6.69927,10.3254,0
-0.075784,-0.045617,0,6.69962,10.3255,0
-0.078166,-0.041609,0,6.67972,10.3709,0
-0.07848,-0.039323,0,6.61009,10.4624,0
-0.07848,-0.039308,0,6.61009,10.4624,0
-0.07692,-0.040377,0,6.64953,10.4388,0
-0.076902,-0.040386,0,6.64953,10.4388,0
-0.076492,-0.041849,0,6.69351,10.4121,0
-0.076491,-0.041861,0,6.69351,10.4121,0
-0.076248,-0.042887,0,6.70224,10.4079,0
-0.076247,-0.042898,0,6.70224,10.4077,0
-0.076363,-0.042501,0,6.67396,10.4409,0
-0.076364,-0.042488,0,6.67396,10.4411,0
-0.076824,-0.041663,0,6.64534,10.473,0
-0.076826,-0.04166,0,6.64517,10.473,0
-0.076826,-0.041661,0,6.64517,10.473,0
-0.076892,-0.042325,0,6.63819,10.4835,0
-0.076893,-0.042337,0,6.63819,10.4835,0
-0.07657,-0.044359,0,6.62126,10.503,0
-0.075974,-0.044551,0,6.65389,10.4915,0
-0.075963,-0.044551,0,6.65389,10.4915,0
-0.076223,-0.044143,0,6.68147,10.484,0
-0.076226,-0.044133,0,6.68147,10.484,0
-0.076226,-0.044135,0,6.68164,10.4838,0
-0.076226,-0.044135,0,6.68164,10.4838,0
-0.076226,-0.044135,0,6.68164,10.4838,0
-0.076226,-0.044135,0,6.68164,10.4837,0
-0.076226,-0.044135,0,6.68164,10.4837,0
-0.075844,-0.044824,0,6.71131,10.4711,0
-0.075843,-0.044834,0,6.71131,10.4711,0
-0.075842,-0.044842,0,6.71131,10.4709,0
-0.075842,-0.044836,0,6.71131,10.4709,0
-0.075843,-0.044839,0,6.71131,10.4709,0
-0.075843,-0.044839,0,6.71131,10.4709,0
-0.075797,-0.044912,0,6.71254,10.4741,0
-0.075797,-0.044923,0,6.71219,10.473,0
-0.075801,-0.04492,0,6.71219,10.473,0
-0.0758,-0.044921,0,6.71219,10.473,0
-0.075859,-0.045367,0,6.70416,10.4931,0
-0.075859,-0.045382,0,6.70398,10.4933,0
-0.075674,-0.045577,0,6.68828,10.5215,0
-0.075631,-0.045622,0,6.6874,10.5688,0
-0.075629,-0.045623,0,6.6874,10.5709,0
-0.075626,-0.045627,0,6.65337,10.6074,0
-0.075626,-0.045627,0,6.6511,10.6113,0
-0.075626,-0.045627,0,6.64517,10.6683,0
-0.075626,-0.045627,0,6.64552,10.6709,0
-0.075626,-0.045627,0,6.61375,10.7036,0
-0.075626,-0.045627,0,6.61183,10.7062,0
-0.075673,-0.045438,0,6.56907,10.7455,0
-0.075678,-0.045424,0,6.5682,10.7463,0
-0.075482,-0.045206,0,6.52753,10.7821,0
-0.075463,-0.045192,0,6.52631,10.7828,0
-0.075852,-0.044157,0,6.49751,10.8139,0
-0.075868,-0.04415,0,6.49751,10.8139,0
-0.075927,-0.044424,0,6.7087,10.7751,0
-0.075928,-0.044429,0,6.71149,10.775,0
-0.075538,-0.045108,0,6.87014,10.7551,0
-0.074967,-0.044661,0,6.9986,10.7666,0
-0.074952,-0.044654,0,6.99894,10.7666,0
-0.075634,-0.042375,0,7.01919,10.78,0
-0.075634,-0.042359,0,7.01919,10.78,0
-0.075928,-0.04252,0,6.98306,10.8334,0
-0.075929,-0.042538,0,6.98306,10.8334,0
-0.076078,-0.042478,0,6.94065,10.8854,0
-0.076092,-0.042475,0,6.93943,10.8882,0
-0.07566,-0.042227,0,6.84012,10.9636,0
-0.075647,-0.042223,0,6.8389,10.9643,0
-0.07593,-0.040469,0,6.72161,11.0294,0
-0.075931,-0.040452,0,6.72161,11.0294,0
-0.075125,-0.042375,0,7.02722,11.0343,0
-0.075124,-0.042388,0,7.02722,11.0343,0
-0.074916,-0.041885,0,7.12234,10.987,0
-0.074913,-0.041871,0,7.12251,10.9865,0
-0.07448,-0.041796,0,7.20315,10.9518,0
-0.074465,-0.041818,0,7.20402,10.9518,0
-0.074407,-0.041345,0,7.24678,10.921,0
-0.074407,-0.04133,0,7.24696,10.9209,0
-0.074248,-0.043271,0,7.23003,10.9561,0
-0.074248,-0.043284,0,7.23003,10.9561,0
-0.074445,-0.04321,0,7.20646,11.0043,0
-0.074463,-0.043215,0,7.20594,11.0057,0
-0.075289,-0.042634,0,7.15864,11.0832,0
-0.075306,-0.042626,0,7.15847,11.0832,0
-0.074912,-0.041181,0,7.12897,11.1244,0
-0.074899,-0.041168,0,7.1288,11.1244,0
-0.074882,-0.04211,0,7.11012,11.1439,0
-0.074886,-0.042122,0,7.11012,11.1439,0
-0.074972,-0.042221,0,7.10646,11.1492,0
-0.074984,-0.042231,0,7.10733,11.1474,0
-0.074793,-0.041934,0,7.06405,11.1827,0
-0.074778,-0.04193,0,7.06387,11.1828,0
-0.07489,-0.041808,0,7.02582,11.2116,0
-0.074912,-0.041805,0,7.02547,11.212,0
-0.074889,-0.04134,0,6.98097,11.2403,0
-0.074889,-0.041326,0,6.98097,11.2404,0
-0.074224,-0.04213,0,6.93035,11.2862,0
-0.074214,-0.042145,0,6.93035,11.2863,0
-0.074688,-0.042776,0,7.07173,11.2692,0
-0.074697,-0.042788,0,7.07225,11.2691,0
-0.074031,-0.042142,0,7.18744,11.2383,0
-0.074015,-0.042125,0,7.18779,11.2382,0
-0.073718,-0.042528,0,7.31537,11.2181,0
-0.073335,-0.04323,0,7.3885,11.2198,0
-0.073333,-0.043241,0,7.3885,11.2198,0
-0.074059,-0.042807,0,7.3988,11.2425,0
-0.074076,-0.042805,0,7.39897,11.2425,0
-0.074457,-0.042038,0,7.36895,11.279,0
-0.074546,-0.041609,0,7.34085,11.3214,0
-0.074546,-0.041595,0,7.34085,11.3216,0
-0.075218,-0.040681,0,7.30281,11.3562,0
-0.075224,-0.040666,0,7.30281,11.3562,0
-0.073664,-0.041915,0,7.33178,11.3881,0
-0.073648,-0.04192,0,7.33178,11.3881,0
-0.073135,-0.041964,0,7.36546,11.409,0
-0.073121,-0.041993,0,7.36564,11.409,0
-0.072995,-0.042357,0,7.39112,11.4356,0
-0.072993,-0.04237,0,7.39112,11.4359,0
-0.073249,-0.042826,0,7.43772,11.4288,0
-0.073655,-0.042486,0,7.48083,11.4218,0
-0.073668,-0.042479,0,7.48083,11.4218,0
-0.073386,-0.043315,0,7.51801,11.4122,0
-0.073384,-0.043328,0,7.51801,11.4122,0
-0.073356,-0.042781,0,7.48223,11.456,0
-0.073356,-0.042768,0,7.48205,11.456,0
-0.073508,-0.041419,0,7.46303,11.4862,0
-0.073508,-0.041408,0,7.46303,11.4862,0
-0.073509,-0.041408,0,7.46303,11.4862,0
-0.073509,-0.041408,0,7.46303,11.4862,0
-0.073509,-0.041408,0,7.46303,11.4862,0
-0.073509,-0.041408,0,7.46303,11.4862,0
-0.073206,-0.042331,0,7.45378,11.504,0
-0.073205,-0.042343,0,7.45378,11.504,0
-0.072675,-0.042975,0,7.43877,11.5303,0
-0.072666,-0.042986,0,7.43877,11.5303,0
-0.072666,-0.042985,0,7.43859,11.5305,0
-0.072666,-0.042985,0,7.43859,11.5305,0
-0.072691,-0.042959,0,7.45465,11.5378,0
-0.072713,-0.042936,0,7.45797,11.5391,0
-0.07282,-0.04283,0,7.48467,11.5604,0
-0.072821,-0.042829,0,7.48729,11.5633,0
-0.072826,-0.042825,0,7.50945,11.5724,0
-0.072827,-0.042825,0,7.51102,11.5728,0
-0.072827,-0.042826,0,7.59236,11.678,0
-0.072827,-0.042826,0,7.5948,11.6808,0
-0.072797,-0.042457,0,7.65083,11.7649,0
-0.072797,-0.042447,0,7.651,11.7656,0
-0.072797,-0.042449,0,7.65117,11.7661,0
-0.072797,-0.042449,0,7.65117,11.7661,0
-0.072797,-0.042448,0,7.651,11.7658,0
-0.072797,-0.042448,0,7.651,11.7658,0
-0.072797,-0.042449,0,7.651,11.7658,0
-0.072797,-0.042449,0,7.651,11.7658,0
-0.072579,-0.042604,0,7.66671,11.7789,0
-0.072566,-0.042609,0,7.66688,11.7789,0
-0.072791,-0.04148,0,7.65048,11.8108,0
-0.072791,-0.041466,0,7.65048,11.8108,0
-0.072767,-0.039596,0,7.6613,11.8309,0
-0.072767,-0.039586,0,7.6613,11.8309,0
-0.072767,-0.039585,0,7.6613,11.8309,0
-0.072767,-0.039585,0,7.6613,11.8309,0
-0.072767,-0.039586,0,7.6613,11.8309,0
-0.072767,-0.039586,0,7.6613,11.8309,0
-0.072852,-0.038934,0,7.6894,11.8264,0
-0.072853,-0.03892,0,7.6894,11.8264,0
-0.072936,-0.038867,0,7.69603,11.8234,0
-0.072952,-0.038872,0,7.69376,11.8246,0
-0.071891,-0.039954,0,7.69114,11.8728,0
-0.070646,-0.04002,0,7.76741,11.9103,0
-0.070632,-0.04002,0,7.76759,11.9103,0
-0.071998,-0.040214,0,7.78487,11.923,0
-0.072012,-0.040214,0,7.78487,11.923,0
-0.072624,-0.03922,0,7.82623,11.9204,0
-0.072627,-0.03921,0,7.82641,11.9204,0
-0.072627,-0.039212,0,7.82641,11.9204,0
-0.072627,-0.039212,0,7.82641,11.9204,0
-0.072627,-0.039211,0,7.82641,11.9204,0
-0.072627,-0.039211,0,7.82641,11.9204,0
-0.072627,-0.039211,0,7.82641,11.9204,0
-0.072301,-0.039155,0,7.79516,11.945,0
-0.072285,-0.039153,0,7.79499,11.9454,0
-0.071989,-0.039367,0,7.77771,11.9618,0
-0.071975,-0.039374,0,7.77771,11.962,0
-0.071369,-0.039769,0,7.70074,12.0065,0
-0.071355,-0.039772,0,7.70022,12.0066,0
-0.071297,-0.040823,0,7.75746,12.0054,0
-0.071297,-0.040835,0,7.75746,12.0054,0
-0.070963,-0.041053,0,7.80319,12.0114,0
-0.070951,-0.041056,0,7.80372,12.0114,0
-0.070951,-0.041057,0,7.80372,12.0114,0
-0.070952,-0.041056,0,7.80354,12.0115,0
-0.070952,-0.041056,0,7.80354,12.0115,0
-0.070951,-0.041056,0,7.80372,12.0115,0
-0.070951,-0.041056,0,7.80372,12.0115,0
-0.070952,-0.041056,0,7.80372,12.0115,0
-0.070952,-0.041056,0,7.80372,12.0115,0
-0.071103,-0.04101,0,7.84421,12.0199,0
-0.071115,-0.041008,0,7.84525,12.0201,0
-0.071117,-0.041008,0,7.84508,12.0203,0
-0.071117,-0.041008,0,7.84508,12.0203,0
-0.071115,-0.041008,0,7.84508,12.0203,0
-0.071116,-0.041008,0,7.84508,12.0203,0
-0.071069,-0.041034,0,7.90477,12.0845,0
-0.071067,-0.041035,0,7.90687,12.0869,0
-0.071053,-0.040972,0,7.9388,12.119,0
-0.071053,-0.040964,0,7.93968,12.1201,0
-0.071015,-0.040818,0,7.96603,12.1772,0
-0.071013,-0.040802,0,7.96656,12.1796,0
-0.070943,-0.040876,0,7.97947,12.2007,0
-0.070935,-0.040884,0,7.9793,12.2004,0
-0.07091,-0.039274,0,7.97022,12.2295,0
-0.07091,-0.039258,0,7.97022,12.2295,0
-0.071648,-0.036126,0,8.02293,12.23,0
-0.071648,-0.03611,0,8.02293,12.23,0
-0.071004,-0.037211,0,8.0238,12.2316,0
-0.071,-0.037227,0,8.0238,12.2316,0
-0.070059,-0.037029,0,7.98418,12.2541,0
-0.070048,-0.037017,0,7.98401,12.2541,0
-0.070047,-0.037018,0,7.98401,12.2543,0
-0.070047,-0.037018,0,7.98401,12.2543,0
-0.069824,-0.037922,0,7.99204,12.2583,0
-0.069824,-0.037937,0,7.99204,12.2583,0
-0.069428,-0.038408,0,7.97389,12.3145,0
-0.069419,-0.038418,0,7.97389,12.3147,0
-0.069486,-0.038516,0,7.97965,12.3184,0
-0.069504,-0.038534,0,7.97738,12.317,0
-0.070347,-0.038436,0,8.01106,12.3273,0
-0.070359,-0.038435,0,8.01106,12.3273,0
-0.07036,-0.038435,0,8.01106,12.3274,0
-0.07036,-0.038435,0,8.01106,12.3274,0
-0.070442,-0.03838,0,8.01316,12.3304,0
-0.070456,-0.038374,0,8.01263,12.3295,0
-0.069879,-0.038654,0,8.00233,12.3768,0
-0.069861,-0.038657,0,8.00233,12.377,0
-0.069302,-0.039279,0,8.04003,12.3863,0
-0.069291,-0.039292,0,8.04021,12.3863,0
-0.069291,-0.039283,0,8.08506,12.4245,0
-0.069292,-0.039286,0,8.08855,12.4264,0
-0.069943,-0.037947,0,8.14126,12.4514,0
-0.069945,-0.037934,0,8.14126,12.4514,0
-0.070762,-0.035316,0,8.17163,12.4601,0
-0.0688,-0.035642,0,8.1465,12.4704,0
-0.068784,-0.035642,0,8.1465,12.4704,0
-0.067978,-0.037136,0,8.05871,12.5025,0
-0.067975,-0.037148,0,8.05871,12.5025,0
-0.068378,-0.037535,0,8.05906,12.5229,0
-0.068437,-0.038097,0,8.08454,12.5664,0
-0.068437,-0.038107,0,8.08454,12.5664,0
-0.068279,-0.037623,0,8.06953,12.5943,0
-0.068278,-0.037618,0,8.06936,12.5945,0
-0.068278,-0.037619,0,8.06936,12.5945,0
-0.068278,-0.037619,0,8.06936,12.5945,0
-0.068278,-0.037619,0,8.06936,12.5945,0
-0.068278,-0.037619,0,8.06918,12.5945,0
-0.068278,-0.037618,0,8.06918,12.5945,0
-0.068278,-0.037618,0,8.06918,12.5945,0
-0.068278,-0.037618,0,8.06918,12.5945,0
-0.068278,-0.037618,0,8.06918,12.5945,0
-0.068278,-0.037618,0,8.06918,12.5945,0
-0.068278,-0.037618,0,8.06918,12.5945,0
-0.068278,-0.037618,0,8.06918,12.5945,0
-0.068278,-0.037618,0,8.06918,12.5945,0
-0.067994,-0.037742,0,8.09746,12.6437,0
-0.067979,-0.037743,0,8.09763,12.6447,0
-0.067863,-0.037769,0,8.11578,12.6714,0
-0.067862,-0.037802,0,8.11578,12.6714,0
-0.067862,-0.03779,0,8.11578,12.6713,0
-0.067862,-0.037793,0,8.11578,12.6711,0
-0.067862,-0.037793,0,8.11578,12.6711,0
-0.067862,-0.037791,0,8.11578,12.6711,0
-0.067862,-0.037792,0,8.11578,12.6711,0
-0.067862,-0.037792,0,8.11578,12.6711,0
-0.067862,-0.037792,0,8.11578,12.6711,0
-0.067862,-0.037792,0,8.11578,12.6711,0
-0.067862,-0.037792,0,8.11578,12.6711,0
-0.067862,-0.037792,0,8.11578,12.6711,0
-0.067862,-0.037792,0,8.11578,12.6711,0
-0.067862,-0.037792,0,8.11578,12.6711,0
-0.06756,-0.036629,0,8.13725,12.7872,0
-0.068049,-0.035046,0,8.03846,12.8004,0
-0.06805,-0.035034,0,8.03846,12.8004,0
-0.06805,-0.035036,0,8.03846,12.8004,0
-0.068064,-0.035104,0,8.06744,12.8111,0
-0.068066,-0.035114,0,8.06936,12.8114,0
-0.068066,-0.035113,0,8.06901,12.8121,0
-0.068066,-0.035112,0,8.06866,12.8121,0
-0.068066,-0.035112,0,8.06866,12.8121,0
-0.068066,-0.035112,0,8.06866,12.8119,0
-0.068066,-0.035113,0,8.06866,12.8119,0
-0.068066,-0.035113,0,8.06866,12.8119,0
-0.068066,-0.035113,0,8.06866,12.8119,0
-0.068066,-0.035113,0,8.06866,12.8119,0
-0.06718,-0.035818,0,8.09222,12.8568,0
-0.067169,-0.035823,0,8.09222,12.8568,0
-0.067609,-0.03601,0,8.1184,12.8763,0
-0.067614,-0.036011,0,8.1184,12.8763,0
-0.067614,-0.036011,0,8.1184,12.8763,0
-0.067612,-0.036011,0,8.1184,12.8765,0
-0.067612,-0.036011,0,8.1184,12.8765,0
-0.067613,-0.036011,0,8.1184,12.8765,0
-0.067613,-0.036011,0,8.1184,12.8765,0
-0.067613,-0.036011,0,8.1184,12.8765,0
-0.067613,-0.036011,0,8.1184,12.8765,0
-0.067613,-0.036011,0,8.1184,12.8765,0
-0.067613,-0.036011,0,8.1184,12.8765,0
-0.067613,-0.036011,0,8.1184,12.8765,0
-0.067613,-0.036011,0,8.1184,12.8765,0
-0.067613,-0.036011,0,8.1184,12.8765,0
-0.066494,-0.036596,0,8.16064,12.8975,0
-0.06648,-0.036596,0,8.16064,12.8975,0
-0.066617,-0.0363,0,8.18664,12.9339,0
-0.066621,-0.036286,0,8.18664,12.9341,0
-0.066423,-0.036445,0,8.19205,12.9608,0
-0.066408,-0.036447,0,8.19205,12.961,0
-0.066412,-0.036382,0,8.19118,12.9688,0
-0.066411,-0.036376,0,8.19118,12.9662,0
-0.06641,-0.036379,0,8.19135,12.9666,0
-0.06641,-0.036378,0,8.19135,12.9666,0
-0.066546,-0.035509,0,8.14772,12.99,0
-0.066546,-0.035496,0,8.14772,12.99,0
-0.067119,-0.036622,0,8.14161,13.0228,0
-0.067122,-0.036637,0,8.14161,13.0229,0
-0.066074,-0.034332,0,8.09396,13.0401,0
-0.066073,-0.03432,0,8.09396,13.0401,0
-0.066812,-0.035421,0,8.10391,13.0521,0
-0.066512,-0.036482,0,8.14772,13.0818,0
-0.066512,-0.036493,0,8.14772,13.0818,0
-0.066503,-0.034378,0,8.16954,13.1198,0
-0.066503,-0.034366,0,8.16954,13.1198,0
-0.066503,-0.034369,0,8.16954,13.1198,0
-0.066503,-0.034368,0,8.16954,13.1198,0
-0.066503,-0.034368,0,8.16954,13.1198,0
-0.066503,-0.034368,0,8.16954,13.1198,0
-0.066503,-0.034368,0,8.16954,13.1198,0
-0.066503,-0.034368,0,8.16954,13.1198,0
-0.066503,-0.034368,0,8.16954,13.1198,0
-0.066503,-0.034368,0,8.16954,13.1198,0
-0.066503,-0.034368,0,8.16954,13.1198,0
-0.065874,-0.034768,0,8.20916,13.1427,0
-0.06586,-0.03477,0,8.20933,13.1427,0
-0.065468,-0.035293,0,8.23254,13.1654,0
-0.065461,-0.035306,0,8.23254,13.1655,0
-0.065385,-0.034678,0,8.1945,13.1809,0
-0.065384,-0.034664,0,8.19432,13.1809,0
-0.065072,-0.034625,0,8.15802,13.1837,0
-0.065056,-0.034625,0,8.15802,13.1837,0
-0.064966,-0.034674,0,8.14894,13.1858,0
-0.064953,-0.034674,0,8.15191,13.1854,0
-0.064956,-0.03467,0,8.15139,13.1853,0
-0.064955,-0.034671,0,8.15139,13.1853,0
-0.064829,-0.0348,0,8.1479,13.2341,0
-0.064824,-0.034805,0,8.14667,13.2364,0
-0.064815,-0.034815,0,8.14598,13.2916,0
-0.064815,-0.034815,0,8.14598,13.2936,0
-0.064814,-0.034815,0,8.11788,13.3277,0
-0.064814,-0.034815,0,8.11421,13.33,0
-0.064814,-0.034815,0,8.07267,13.3357,0
-0.064814,-0.034815,0,8.07075,13.3338,0
-0.064814,-0.034815,0,8.01647,13.3231,0
-0.064814,-0.034815,0,8.01403,13.323,0
-0.064814,-0.034815,0,7.94491,13.3242,0
-0.064814,-0.034815,0,7.90372,13.3162,0
-0.064814,-0.034815,0,7.87074,13.3121,0
-0.064814,-0.034815,0,7.86864,13.312,0
-0.064814,-0.034815,0,7.86376,13.3771,0
-0.064814,-0.034815,0,7.86445,13.3793,0
-0.064814,-0.034815,0,7.88557,13.4225,0
-0.064814,-0.034815,0,7.88802,13.4233,0
-0.064814,-0.034815,0,7.8861,13.4362,0
-0.064814,-0.034815,0,7.88714,13.4291,0
-0.064814,-0.034815,0,7.88679,13.4329,0
-0.064814,-0.034815,0,7.88679,13.4312,0
-0.064814,-0.034815,0,7.88679,13.431,0
-0.064814,-0.034815,0,7.88679,13.4315,0
-0.064814,-0.034815,0,7.88679,13.4315,0
-0.064814,-0.034815,0,7.88679,13.4315,0
-0.064814,-0.034815,0,7.88679,13.4315,0
-0.064814,-0.034815,0,7.88679,13.4315,0
-0.064814,-0.034815,0,7.88679,13.4315,0
-0.064814,-0.034815,0,7.88679,13.4315,0
-0.064814,-0.034815,0,7.88679,13.4315,0
-0.064814,-0.034815,0,7.88679,13.4315,0
-0.064814,-0.034815,0,7.88679,13.4315,0
-0.064814,-0.034815,0,7.88679,13.4315,0
-0.064814,-0.034815,0,7.88679,13.4315,0
-0.064814,-0.034815,0,7.88679,13.4315,0
-0.064814,-0.034815,0,7.88679,13.4315,0
-0.064715,-0.034302,0,7.92694,13.5066,0
-0.064715,-0.034292,0,7.92694,13.5068,0
-0.064714,-0.034289,0,7.92729,13.5075,0
-0.064777,-0.033292,0,7.9018,13.4992,0
-0.064777,-0.033277,0,7.9018,13.4992,0
-0.064849,-0.031838,0,7.93846,13.5385,0
-0.064849,-0.031825,0,7.93846,13.5385,0
-0.064849,-0.031827,0,7.93846,13.5387,0
-0.064849,-0.031827,0,7.93846,13.5387,0
-0.064849,-0.031826,0,7.93846,13.5387,0
-0.064849,-0.031826,0,7.93846,13.5387,0
-0.064207,-0.031573,0,7.98383,13.5865,0
-0.064196,-0.031572,0,7.98401,13.5865,0
-0.064198,-0.031571,0,7.98401,13.5867,0
-0.064197,-0.031571,0,7.98401,13.5867,0
-0.064197,-0.031572,0,7.98401,13.5867,0
-0.064197,-0.031572,0,7.98401,13.5867,0
-0.064197,-0.031572,0,7.98401,13.5867,0
-0.064197,-0.031572,0,7.98401,13.5867,0
-0.064197,-0.031572,0,7.98401,13.5867,0
-0.064197,-0.031572,0,7.98401,13.5867,0
-0.064197,-0.031572,0,7.98401,13.5867,0
-0.064197,-0.031572,0,7.98401,13.5867,0
-0.064197,-0.031572,0,7.98401,13.5867,0
-0.064197,-0.031572,0,7.98401,13.5867,0
-0.064197,-0.031572,0,7.98401,13.5867,0
-0.064197,-0.031572,0,7.98401,13.5867,0
-0.064197,-0.031572,0,7.98401,13.5867,0
-0.064197,-0.031572,0,7.98401,13.5867,0
-0.064197,-0.031572,0,7.98401,13.5867,0
-0.063849,-0.031918,0,8.03323,13.6377,0
-0.063836,-0.031928,0,8.0334,13.638,0
-0.063426,-0.032285,0,8.05103,13.657,0
-0.06342,-0.03229,0,8.05103,13.6569,0
-0.063421,-0.032289,0,8.05103,13.6569,0
-0.063422,-0.032288,0,8.05103,13.6569,0
-0.063422,-0.032289,0,8.05103,13.6569,0
-0.063421,-0.032289,0,8.05103,13.6567,0
-0.063421,-0.032289,0,8.05103,13.6567,0
-0.063421,-0.032289,0,8.05103,13.6567,0
-0.063422,-0.032289,0,8.05103,13.6567,0
-0.063422,-0.032289,0,8.05103,13.6567,0
-0.063422,-0.032289,0,8.05103,13.6567,0
-0.063422,-0.032289,0,8.05103,13.6567,0
-0.063422,-0.032289,0,8.05103,13.6567,0
-0.063422,-0.032289,0,8.05103,13.6567,0
-0.063422,-0.032289,0,8.05103,13.6567,0
-0.063288,-0.03293,0,8.09239,13.7007,0
-0.063287,-0.032941,0,8.09239,13.7007,0
-0.063286,-0.03294,0,8.09239,13.7008,0
-0.063286,-0.03294,0,8.09257,13.701,0
-0.063286,-0.03294,0,8.09257,13.701,0
-0.063286,-0.03294,0,8.09257,13.701,0
-0.063286,-0.03294,0,8.09257,13.701,0
-0.063286,-0.03294,0,8.09257,13.701,0
-0.063286,-0.03294,0,8.09257,13.701,0
-0.063363,-0.032706,0,8.10636,13.7275,0
-0.063366,-0.032696,0,8.10653,13.7277,0
-0.063367,-0.032694,0,8.10671,13.7281,0
-0.063367,-0.032694,0,8.10671,13.7281,0
-0.063938,-0.031745,0,8.11229,13.7418,0
-0.063941,-0.031731,0,8.11229,13.7418,0
-0.063984,-0.031224,0,8.13271,13.7638,0
-0.063984,-0.031213,0,8.13271,13.7638,0
-0.063985,-0.031212,0,8.13271,13.764,0
-0.063985,-0.031212,0,8.13271,13.764,0
-0.063985,-0.031213,0,8.13271,13.764,0
-0.063985,-0.031213,0,8.13271,13.764,0
-0.063985,-0.031213,0,8.13271,13.764,0
-0.063985,-0.031213,0,8.13271,13.764,0
-0.063985,-0.031213,0,8.13271,13.764,0
-0.063985,-0.031213,0,8.13271,13.764,0
-0.063985,-0.031213,0,8.13271,13.764,0
-0.063985,-0.031213,0,8.13271,13.764,0
-0.063985,-0.031213,0,8.13271,13.764,0
-0.063985,-0.031213,0,8.13271,13.764,0
-0.063985,-0.031213,0,8.13271,13.764,0
-0.063985,-0.031213,0,8.13271,13.764,0
-0.063985,-0.031213,0,8.13271,13.764,0
-0.063985,-0.031213,0,8.13271,13.764,0
-0.063985,-0.031213,0,8.13271,13.764,0
-0.063921,-0.031454,0,8.18123,13.8145,0
-0.06392,-0.031468,0,8.18228,13.815,0
-0.063557,-0.031275,0,8.21212,13.8462,0
-0.063546,-0.031272,0,8.21212,13.8464,0
-0.063547,-0.031271,0,8.2123,13.8466,0
-0.063547,-0.031272,0,8.21212,13.8466,0
-0.063547,-0.031272,0,8.21212,13.8466,0
-0.063547,-0.031272,0,8.21212,13.8466,0
-0.063547,-0.031272,0,8.21212,13.8466,0
-0.063547,-0.031272,0,8.21212,13.8466,0
-0.063547,-0.031272,0,8.21212,13.8466,0
-0.06362,-0.031224,0,8.20828,13.8422,0
-0.063628,-0.031224,0,8.20933,13.8434,0
-0.063625,-0.031228,0,8.20916,13.8436,0
-0.063626,-0.031227,0,8.20916,13.8436,0
-0.063626,-0.031227,0,8.20916,13.8434,0
-0.063626,-0.031227,0,8.20916,13.8434,0
-0.063367,-0.031076,0,8.23586,13.8707,0
-0.063353,-0.031072,0,8.23603,13.871,0
-0.063351,-0.031072,0,8.23621,13.8715,0
-0.063352,-0.031072,0,8.23621,13.8715,0
-0.063352,-0.031073,0,8.23603,13.8714,0
-0.063352,-0.031073,0,8.23603,13.8714,0
-0.063352,-0.031073,0,8.23603,13.8714,0
-0.063352,-0.031073,0,8.23603,13.8714,0
-0.063352,-0.031073,0,8.23603,13.8714,0
-0.063352,-0.031073,0,8.23603,13.8714,0
-0.063352,-0.031073,0,8.23603,13.8714,0
-0.063352,-0.031073,0,8.23603,13.8714,0
-0.063352,-0.031073,0,8.23603,13.8714,0
-0.063352,-0.031073,0,8.23603,13.8714,0
-0.063352,-0.031073,0,8.23603,13.8714,0
-0.063352,-0.031073,0,8.23603,13.8714,0
-0.063352,-0.031073,0,8.23603,13.8714,0
-0.063352,-0.031073,0,8.23603,13.8714,0
-0.063352,-0.031073,0,8.23603,13.8714,0
-0.063135,-0.031011,0,8.28298,13.9199,0
-0.063121,-0.031008,0,8.28421,13.9209,0
-0.063014,-0.03092,0,8.29346,13.9314,0
-0.063001,-0.030907,0,8.29049,13.9284,0
-0.063004,-0.03091,0,8.29084,13.9286,0
-0.063003,-0.030909,0,8.29084,13.9286,0
-0.063368,-0.030838,0,8.27548,13.9099,0
-0.063383,-0.030857,0,8.27548,13.9099,0
-0.063559,-0.030769,0,8.25803,13.8872,0
-0.06357,-0.030765,0,8.25785,13.8867,0
-0.063562,-0.030817,0,8.24144,13.8649,0
-0.063561,-0.030828,0,8.23952,13.8625,0
-0.063632,-0.030755,0,8.23603,13.8565,0
-0.063642,-0.030739,0,8.23708,13.8586,0
-0.063481,-0.030412,0,8.28002,13.8993,0
-0.063477,-0.0304,0,8.28019,13.8996,0
-0.064793,-0.032065,0,8.33011,13.9436,0
-0.064797,-0.032078,0,8.33011,13.9436,0
-0.063943,-0.03017,0,8.36379,13.9504,0
-0.063942,-0.030158,0,8.36379,13.9504,0
-0.063964,-0.030137,0,8.36449,13.9466,0
-0.063959,-0.030143,0,8.36449,13.9476,0
-0.063838,-0.030083,0,8.41702,13.9911,0
-0.063827,-0.030078,0,8.41947,13.9932,0
-0.063715,-0.030046,0,8.45874,14.0209,0
-0.063696,-0.030044,0,8.46031,14.0216,0
-0.06369,-0.030043,0,8.46013,14.022,0
-0.063692,-0.030043,0,8.46013,14.022,0
-0.063692,-0.030044,0,8.46013,14.0216,0
-0.063692,-0.030044,0,8.46013,14.0216,0
-0.063691,-0.030044,0,8.46013,14.0216,0
-0.063691,-0.030044,0,8.46013,14.0216,0
-0.063691,-0.030044,0,8.46013,14.0216,0
-0.063691,-0.030044,0,8.46013,14.0216,0
-0.063691,-0.030044,0,8.46013,14.0216,0
-0.063691,-0.030044,0,8.46013,14.0216,0
-0.063691,-0.030044,0,8.46013,14.0216,0
-0.063691,-0.030044,0,8.46013,14.0216,0
-0.063691,-0.030044,0,8.46013,14.0216,0
-0.063691,-0.030044,0,8.46013,14.0216,0
-0.063691,-0.030044,0,8.46013,14.0216,0
-0.063691,-0.030044,0,8.46013,14.0216,0
-0.063615,-0.030023,0,8.51372,14.0625,0
-0.063607,-0.030023,0,8.51564,14.064,0
-0.063582,-0.030107,0,8.54984,14.0834,0
-0.063583,-0.030115,0,8.55142,14.0839,0
-0.063566,-0.030068,0,8.58318,14.1014,0
-0.063565,-0.030064,0,8.58388,14.1016,0
-0.063543,-0.03004,0,8.6118,14.1148,0
-0.063541,-0.030038,0,8.61355,14.1154,0
-0.063541,-0.030038,0,8.61268,14.116,0
-0.063541,-0.030038,0,8.61285,14.116,0
-0.063541,-0.030039,0,8.6132,14.1154,0
-0.063541,-0.030039,0,8.6132,14.1154,0
-0.063541,-0.030039,0,8.61285,14.1155,0
-0.063541,-0.030039,0,8.61285,14.1155,0
-0.063541,-0.030039,0,8.61285,14.1155,0
-0.063541,-0.030039,0,8.61285,14.1155,0
-0.063541,-0.030039,0,8.61268,14.1155,0
-0.063541,-0.030039,0,8.61268,14.1155,0
-0.063541,-0.030039,0,8.61268,14.1155,0
-0.063514,-0.030021,0,8.67603,14.1621,0
-0.063514,-0.030021,0,8.67795,14.1637,0
-0.063524,-0.030011,0,8.7064,14.1703,0
-0.063545,-0.030011,0,8.7064,14.1705,0
-0.06356,-0.030011,0,8.70657,14.171,0
-0.063556,-0.030011,0,8.70657,14.171,0
-0.063555,-0.030011,0,8.7064,14.1709,0
-0.063556,-0.030011,0,8.7064,14.1709,0
-0.063772,-0.030007,0,8.72333,14.1653,0
-0.063787,-0.030007,0,8.7235,14.1653,0
-0.063968,-0.030001,0,8.81077,14.1281,0
-0.063973,-0.030001,0,8.81304,14.1274,0
-0.064104,-0.030001,0,8.80641,14.0735,0
-0.064113,-0.030001,0,8.80658,14.071,0
-0.064111,-0.030001,0,8.80676,14.0717,0
-0.064111,-0.030001,0,8.80658,14.0717,0
-0.064111,-0.030001,0,8.80658,14.0717,0
-0.064111,-0.030001,0,8.80658,14.0717,0
-0.064015,-0.030001,0,8.82281,14.0605,0
-0.064001,-0.030001,0,8.82316,14.0602,0
-0.063998,-0.030001,0,8.82316,14.0595,0
-0.063999,-0.030001,0,8.82316,14.0595,0
-0.063999,-0.030001,0,8.82299,14.06,0
-0.063999,-0.030001,0,8.82299,14.06,0
-0.063998,-0.030001,0,8.82299,14.0598,0
-0.063998,-0.030001,0,8.82299,14.0598,0
-0.063998,-0.030001,0,8.82299,14.0597,0
-0.063998,-0.030001,0,8.82299,14.0597,0
-0.063998,-0.030001,0,8.82299,14.0597,0
-0.063998,-0.030001,0,8.82299,14.0597,0
-0.063998,-0.030001,0,8.82299,14.0597,0
-0.063998,-0.030001,0,8.82299,14.0597,0
-0.063998,-0.030001,0,8.82299,14.0597,0
-0.063998,-0.030001,0,8.82299,14.0597,0
-0.063905,-0.030001,0,8.89664,14.0965,0
-0.0639,-0.030001,0,8.89874,14.0974,0
-0.063682,-0.030001,0,8.97518,14.1328,0
-0.063416,-0.030001,0,9.04918,14.1604,0
-0.063399,-0.030001,0,9.05023,14.1607,0
-0.063537,-0.030001,0,9.03801,14.122,0
-0.063552,-0.030001,0,9.03784,14.1218,0
-0.063749,-0.030001,0,9.01637,14.0801,0
-0.063766,-0.030001,0,9.01602,14.0789,0
-0.063953,-0.030001,0,8.95598,14.0113,0
-0.063942,-0.030001,0,8.95459,13.9865,0
-0.063941,-0.030001,0,8.95459,13.9845,0
-0.063914,-0.030934,0,9.04465,14.0101,0
-0.063914,-0.030945,0,9.04465,14.0101,0
-0.062995,-0.032026,0,9.16437,14.0642,0
-0.062982,-0.032038,0,9.16437,14.0642,0
-0.062984,-0.032036,0,9.16455,14.0644,0
-0.062984,-0.032036,0,9.16455,14.0644,0
-0.062983,-0.032037,0,9.16455,14.0644,0
-0.062983,-0.032037,0,9.16455,14.0644,0
-0.062983,-0.032037,0,9.16455,14.0644,0
-0.062983,-0.032037,0,9.16455,14.0644,0
-0.062983,-0.032037,0,9.16455,14.0644,0
-0.062983,-0.032037,0,9.16455,14.0644,0
-0.062983,-0.032037,0,9.16455,14.0644,0
-0.062983,-0.032037,0,9.16455,14.0644,0
-0.062983,-0.032037,0,9.16455,14.0644,0
-0.062983,-0.032037,0,9.16455,14.0644,0
-0.062745,-0.032109,0,9.22948,14.0953,0
-0.06273,-0.032111,0,9.23035,14.0958,0
-0.062996,-0.032248,0,9.28882,14.1269,0
-0.063008,-0.032249,0,9.28917,14.1269,0
-0.063716,-0.031398,0,9.29335,14.1391,0
-0.063725,-0.031386,0,9.29335,14.1391,0
-0.063924,-0.030347,0,9.28882,14.138,0
-0.063924,-0.030333,0,9.28882,14.138,0
-0.063633,-0.030582,0,9.25932,14.1058,0
-0.063621,-0.030589,0,9.25897,14.1054,0
-0.063513,-0.031517,0,9.28637,14.1026,0
-0.063513,-0.03153,0,9.28637,14.1026,0
-0.063185,-0.031854,0,9.31988,14.1152,0
-0.063178,-0.031866,0,9.31988,14.1152,0
-0.063178,-0.031867,0,9.32006,14.1152,0
-0.063178,-0.031867,0,9.32006,14.1152,0
-0.063101,-0.032198,0,9.34345,14.1255,0
-0.063099,-0.032209,0,9.34345,14.1255,0
-0.063099,-0.032207,0,9.34362,14.1255,0
-0.063099,-0.032207,0,9.34362,14.1255,0
-0.063099,-0.032207,0,9.34362,14.1255,0
-0.062882,-0.032614,0,9.43525,14.1555,0
-0.062877,-0.032629,0,9.43595,14.1557,0
-0.063278,-0.032029,0,9.48115,14.1873,0
-0.063278,-0.032012,0,9.48115,14.1874,0
-0.064119,-0.03082,0,9.56894,14.1909,0
-0.064228,-0.030449,0,9.55184,14.1798,0
-0.064229,-0.030435,0,9.55184,14.1798,0
-0.064053,-0.030044,0,9.51728,14.1571,0
-0.063683,-0.031816,0,9.57383,14.1337,0
-0.063683,-0.031831,0,9.57383,14.1337,0
-0.063556,-0.032684,0,9.56144,14.1375,0
-0.063555,-0.032697,0,9.56144,14.1375,0
-0.063381,-0.032997,0,9.58849,14.1489,0
-0.063377,-0.033011,0,9.58866,14.1489,0
-0.06316,-0.032858,0,9.62148,14.1691,0
-0.063156,-0.032856,0,9.62165,14.1695,0
-0.063157,-0.032856,0,9.62165,14.1695,0
-0.063169,-0.032965,0,9.65935,14.2223,0
-0.063168,-0.032971,0,9.66005,14.2246,0
-0.063087,-0.03303,0,9.72148,14.277,0
-0.063083,-0.033032,0,9.72358,14.2792,0
-0.063065,-0.032548,0,9.8269,14.3058,0
-0.063062,-0.032534,0,9.82725,14.3058,0
-0.064244,-0.030356,0,9.84959,14.3052,0
-0.064245,-0.030343,0,9.84959,14.3052,0
-0.06422,-0.030127,0,9.84523,14.2616,0
-0.06422,-0.030111,0,9.84558,14.2606,0
-0.064219,-0.030102,0,9.84627,14.2593,0
-0.064219,-0.030106,0,9.84593,14.2593,0
-0.064136,-0.030179,0,9.84872,14.2557,0
-0.064125,-0.030185,0,9.84854,14.2569,0
-0.064126,-0.030182,0,9.84837,14.2571,0
-0.064126,-0.030182,0,9.84837,14.2569,0
-0.064126,-0.030183,0,9.84854,14.2569,0
-0.064126,-0.030183,0,9.84854,14.2567,0
-0.063764,-0.031278,0,9.90562,14.2197,0
-0.063761,-0.031302,0,9.90562,14.2197,0
-0.062647,-0.030865,0,9.92394,14.2323,0
-0.062624,-0.030864,0,9.92394,14.2323,0
-0.061415,-0.030941,0,10.1388,14.3597,0
-0.063913,-0.031995,0,10.1081,14.3981,0
-0.06393,-0.031995,0,10.1081,14.3981,0
-0.063739,-0.030104,0,10.0934,14.3442,0
-0.063738,-0.030071,0,10.0934,14.3442,0
-0.062917,-0.031256,0,10.1166,14.3325,0
-0.06185,-0.031498,0,10.2494,14.3798,0
-0.061836,-0.031498,0,10.2494,14.3798,0
-0.06371,-0.030851,0,10.2353,14.3963,0
-0.063721,-0.030851,0,10.2353,14.3963,0
-0.063395,-0.032519,0,10.1718,14.4285,0
-0.063395,-0.032532,0,10.1718,14.4285,0
-0.063003,-0.031443,0,10.2391,14.4101,0
-0.062634,-0.031024,0,10.3009,14.3981,0
-0.062622,-0.031013,0,10.3013,14.3981,0
-0.063241,-0.032157,0,10.3591,14.3606,0
-0.063242,-0.032199,0,10.3591,14.3606,0
-0.062455,-0.032001,0,10.4725,14.4204,0
-0.062438,-0.032001,0,10.4725,14.4206,0
-0.063016,-0.030543,0,10.4524,14.455,0
-0.060046,-0.030001,0,10.9504,14.8316,0
-0.060004,-0.030001,0,10.9504,14.8316,0
-0.064042,-0.03,0,10.5311,14.4731,0
-0.064062,-0.03,0,10.5311,14.4731,0
-0.065608,-0.03,0,10.3666,14.4573,0
-0.061803,-0.030669,0,10.3767,14.4923,0
-0.061787,-0.030669,0,10.3767,14.4923,0
-0.062147,-0.031967,0,10.4913,14.5349,0
-0.062148,-0.031983,0,10.4915,14.5349,0
-0.063217,-0.033057,0,10.5626,14.5686,0
-0.063234,-0.033071,0,10.5626,14.5686,0
-0.063169,-0.033145,0,10.627,14.5403,0
-0.063165,-0.033148,0,10.6292,14.5396,0
-0.063157,-0.033157,0,10.6688,14.5236,0
-0.063157,-0.033157,0,10.6737,14.5225,0
-0.063107,-0.033128,0,10.6802,14.5243,0
-0.063119,-0.032073,0,10.6919,14.5372,0
-0.063119,-0.032056,0,10.6919,14.5372,0
-0.070242,-0.03826,0,10.732,14.5018,0
-0.070268,-0.038261,0,10.732,14.5018,0
-0.063932,-0.033685,0,10.7413,14.6056,0
-0.063914,-0.033685,0,10.7413,14.6056,0
-0.064224,-0.032514,0,10.7072,14.6768,0
-0.064225,-0.032502,0,10.7072,14.6768,0
-0.064288,-0.031352,0,10.6753,14.7079,0
