-0.077025,-0.047025,0,1.41686,1.34181,0
-0.077005,-0.047005,0,1.41599,1.33814,0
-0.077024,-0.047024,0,1.40045,1.32977,0
-0.077019,-0.047019,0,1.40691,1.33762,0
-0.077022,-0.047021,0,1.39487,1.32959,0
-0.077021,-0.04702,0,1.39277,1.32872,0
-0.077021,-0.047021,0,1.39591,1.33326,0
-0.077021,-0.047021,0,1.39661,1.33378,0
-0.077714,-0.04772,0,1.457,1.38911,0
-0.077719,-0.04772,0,1.51791,1.44164,0
-0.077718,-0.047719,0,1.52385,1.44845,0
-0.077719,-0.04772,0,1.56015,1.47917,0
-0.077719,-0.047719,0,1.52926,1.45526,0
-0.077721,-0.04772,0,1.58738,1.50412,0
-0.077721,-0.04772,0,1.56416,1.4872,0
-0.077721,-0.04772,0,1.58266,1.50168,0
-0.07813,-0.048144,0,1.64672,1.55928,0
-0.078648,-0.04866,0,1.66819,1.57656,0
-0.078185,-0.048173,0,1.59715,1.52001,0
-0.078226,-0.048219,0,1.52786,1.46206,0
-0.078214,-0.048216,0,1.48283,1.42716,0
-0.078219,-0.048219,0,1.4865,1.42925,0
-0.078217,-0.048217,0,1.49034,1.43431,0
-0.078536,-0.048544,0,1.54671,1.48074,0
-0.078268,-0.04826,0,1.55352,1.48859,0
-0.079039,-0.049053,0,1.61565,1.542,0
-0.07908,-0.049083,0,1.6174,1.54392,0
-0.079071,-0.049072,0,1.65143,1.57219,0
-0.079075,-0.049074,0,1.6893,1.60343,0
-0.079072,-0.049073,0,1.69576,1.61024,0
-0.079074,-0.049074,0,1.76715,1.67133,0
-0.079074,-0.049074,0,1.76418,1.66784,0
-0.079074,-0.049074,0,1.84394,1.73521,0
-0.079074,-0.049074,0,1.8504,1.74009,0
-0.079074,-0.049074,0,1.8504,1.74009,0
-0.079074,-0.049074,0,1.8504,1.74044,0
-0.079074,-0.049074,0,1.87675,1.76191,0
-0.079415,-0.049422,0,1.87728,1.76453,0
-0.079553,-0.049556,0,1.91253,1.79385,0
-0.079431,-0.049428,0,1.85773,1.75074,0
-0.079543,-0.049545,0,1.85668,1.74899,0
-0.079507,-0.049509,0,1.77587,1.68477,0
-0.079542,-0.049542,0,1.77413,1.68354,0
-0.079511,-0.049511,0,1.72875,1.64742,0
-0.079517,-0.049516,0,1.70501,1.62996,0
-0.079516,-0.049515,0,1.65876,1.58965,0
-0.079516,-0.049515,0,1.65649,1.58877,0
-0.080108,-0.05005,0,1.68354,1.61042,0
-0.08012,-0.050058,0,1.68372,1.61059,0
-0.080455,-0.05035,0,1.82265,1.72142,0
-0.080458,-0.050362,0,1.82265,1.72177,0
-0.080414,-0.049234,0,1.85878,1.75022,0
-0.080412,-0.049198,0,1.85878,1.75022,0
-0.080412,-0.049196,0,1.85878,1.75022,0
-0.080775,-0.049766,0,1.85686,1.74865,0
-0.080779,-0.049778,0,1.85668,1.74865,0
-0.081037,-0.05018,0,1.90049,1.78408,0
-0.081043,-0.050194,0,1.90119,1.78477,0
-0.080606,-0.050609,0,1.97624,1.84534,0
-0.080592,-0.050613,0,1.97641,1.84551,0
-0.076684,-0.041837,0,2.12162,1.96873,0
-0.076684,-0.041819,0,2.12162,1.96873,0
-0.079363,-0.049324,0,2.04849,1.88967,0
-0.080151,-0.049965,0,2.08427,1.91899,0
-0.080162,-0.049971,0,2.08427,1.91899,0
-0.081296,-0.050683,0,2.11063,1.94011,0
-0.081301,-0.050686,0,2.11063,1.94028,0
-0.0813,-0.050686,0,2.11063,1.94028,0
-0.0813,-0.050685,0,2.11063,1.94028,0
-0.0813,-0.050685,0,2.11063,1.94028,0
-0.0813,-0.050685,0,2.11063,1.94028,0
-0.0813,-0.050685,0,2.11063,1.94028,0
-0.0813,-0.050685,0,2.11063,1.94028,0
-0.0813,-0.050685,0,2.11063,1.94028,0
-0.0813,-0.050685,0,2.11063,1.94028,0
-0.0813,-0.050685,0,2.11063,1.94028,0
-0.0813,-0.050685,0,2.11063,1.94028,0
-0.0813,-0.050685,0,2.11063,1.94028,0
-0.0813,-0.050685,0,2.11063,1.94028,0
-0.0813,-0.050685,0,2.11063,1.94028,0
-0.0813,-0.050685,0,2.11063,1.94028,0
-0.082144,-0.050181,0,2.18341,1.9977,0
-0.082157,-0.050177,0,2.18358,1.99805,0
-0.081651,-0.049912,0,2.2335,2.03942,0
-0.08164,-0.049909,0,2.2335,2.03959,0
-0.081641,-0.049909,0,2.23367,2.03977,0
-0.081641,-0.049909,0,2.23367,2.03977,0
-0.081595,-0.049873,0,2.23263,2.03907,0
-0.081607,-0.049883,0,2.23297,2.03924,0
-0.081605,-0.049881,0,2.23315,2.03942,0
-0.081605,-0.049881,0,2.23315,2.03942,0
-0.081623,-0.050033,0,2.20592,2.0176,0
-0.081624,-0.050045,0,2.2054,2.01638,0
-0.081624,-0.050043,0,2.2054,2.0162,0
-0.081624,-0.050044,0,2.2054,2.0162,0
-0.082048,-0.049779,0,2.23053,2.03732,0
-0.082057,-0.049763,0,2.23053,2.03732,0
-0.082106,-0.049759,0,2.2321,2.03889,0
-0.082093,-0.04976,0,2.23175,2.03854,0
-0.080709,-0.048788,0,2.27416,2.07467,0
-0.080697,-0.048788,0,2.27416,2.07467,0
-0.079833,-0.049054,0,2.30959,2.10539,0
-0.079791,-0.049063,0,2.30994,2.10557,0
-0.08251,-0.05091,0,2.42479,2.20208,0
-0.082523,-0.05091,0,2.42479,2.20208,0
-0.081647,-0.049382,0,2.35375,2.14484,0
-0.081636,-0.04937,0,2.35375,2.14466,0
-0.082246,-0.049202,0,2.32408,2.11918,0
-0.082257,-0.049188,0,2.32408,2.119,0
-0.082265,-0.049146,0,2.32199,2.11691,0
-0.082262,-0.04916,0,2.32303,2.11778,0
-0.083396,-0.048969,0,2.40402,2.18969,0
-0.082726,-0.04824,0,2.46266,2.24414,0
-0.082716,-0.04823,0,2.46283,2.24432,0
-0.081712,-0.047098,0,2.44294,2.22547,0
-0.0817,-0.047085,0,2.44294,2.22547,0
-0.081745,-0.047125,0,2.44189,2.22407,0
-0.081733,-0.047114,0,2.44224,2.22442,0
-0.082518,-0.050741,0,2.43857,2.22076,0
-0.082518,-0.050754,0,2.43857,2.22076,0
-0.081637,-0.048567,0,2.4857,2.25933,0
-0.080965,-0.046371,0,2.53195,2.30104,0
-0.080965,-0.046359,0,2.53195,2.30104,0
-0.081942,-0.047489,0,2.48413,2.25305,0
-0.081955,-0.047506,0,2.48413,2.25305,0
-0.083533,-0.04851,0,2.56057,2.3267,0
-0.083546,-0.048512,0,2.56057,2.3267,0
-0.083988,-0.048224,0,2.59548,2.36021,0
-0.084001,-0.048223,0,2.59548,2.36021,0
-0.084315,-0.049423,0,2.6796,2.44364,0
-0.08307,-0.04785,0,2.61258,2.38133,0
-0.083062,-0.047838,0,2.61258,2.38133,0
-0.08353,-0.046899,0,2.66704,2.43456,0
-0.083532,-0.046888,0,2.66704,2.43456,0
-0.083533,-0.04689,0,2.66721,2.43491,0
-0.083532,-0.04689,0,2.66721,2.43508,0
-0.083532,-0.046889,0,2.66721,2.43508,0
-0.083532,-0.046889,0,2.66721,2.43508,0
-0.083532,-0.046889,0,2.66721,2.43508,0
-0.083532,-0.046889,0,2.66721,2.43508,0
-0.083532,-0.046889,0,2.66721,2.43508,0
-0.083532,-0.046889,0,2.66721,2.43508,0
-0.083532,-0.046889,0,2.66721,2.43508,0
-0.083532,-0.046889,0,2.66721,2.43508,0
-0.083532,-0.046889,0,2.66721,2.43508,0
-0.083532,-0.046889,0,2.66721,2.43508,0
-0.083545,-0.048086,0,2.69304,2.46231,0
-0.082828,-0.048894,0,2.70125,2.47051,0
-0.082816,-0.048906,0,2.70125,2.47051,0
-0.081518,-0.048684,0,2.7468,2.51223,0
-0.081502,-0.048684,0,2.7468,2.51223,0
-0.083008,-0.048936,0,2.74889,2.51415,0
-0.083022,-0.048936,0,2.74889,2.51415,0
-0.086043,-0.050776,0,2.69392,2.46353,0
-0.086055,-0.050776,0,2.69392,2.46353,0
-0.085127,-0.048598,0,2.73511,2.50071,0
-0.085126,-0.048586,0,2.73511,2.50071,0
-0.084747,-0.046721,0,2.80649,2.57279,0
-0.084747,-0.046704,0,2.80649,2.57279,0
-0.084853,-0.048478,0,2.87368,2.64819,0
-0.084853,-0.048489,0,2.87368,2.64819,0
-0.084255,-0.047989,0,2.80911,2.58326,0
-0.084245,-0.047984,0,2.80911,2.58344,0
-0.084247,-0.047985,0,2.80928,2.58361,0
-0.084247,-0.047985,0,2.80928,2.58361,0
-0.083974,-0.04692,0,2.84017,2.61503,0
-0.083973,-0.046905,0,2.84017,2.61503,0
-0.083575,-0.046352,0,2.90336,2.68309,0
-0.08357,-0.046351,0,2.90336,2.68344,0
-0.083572,-0.046351,0,2.90353,2.68344,0
-0.083862,-0.044826,0,2.88782,2.66599,0
-0.083862,-0.044813,0,2.88765,2.66599,0
-0.089027,-0.044281,0,2.88887,2.66791,0
-0.089045,-0.044281,0,2.88887,2.66791,0
-0.085095,-0.043632,0,2.98853,2.83319,0
-0.085083,-0.043632,0,2.98853,2.83319,0
-0.085038,-0.04363,0,2.98957,2.83494,0
-0.085049,-0.043631,0,2.98905,2.83459,0
-0.084004,-0.043768,0,3.00074,2.85117,0
-0.083993,-0.043773,0,3.00092,2.85117,0
-0.083995,-0.043771,0,3.00092,2.85117,0
-0.083995,-0.043772,0,3.00092,2.85117,0
-0.083994,-0.043772,0,3.00092,2.85117,0
-0.083994,-0.043772,0,3.00092,2.85117,0
-0.083994,-0.043772,0,3.00092,2.85117,0
-0.083994,-0.043772,0,3.00092,2.85117,0
-0.08404,-0.043815,0,3.00127,2.85169,0
-0.084028,-0.043802,0,3.00109,2.85169,0
-0.084358,-0.046662,0,3.00895,2.86234,0
-0.084358,-0.046677,0,3.00895,2.86234,0
-0.084975,-0.047783,0,3.06689,2.92692,0
-0.084979,-0.047795,0,3.06707,2.92692,0
-0.085024,-0.047837,0,3.06881,2.92919,0
-0.085013,-0.047826,0,3.06864,2.92884,0
-0.085015,-0.047828,0,3.06846,2.92831,0
-0.085015,-0.047828,0,3.06864,2.92831,0
-0.085014,-0.047827,0,3.06864,2.92884,0
-0.085014,-0.047827,0,3.06864,2.92884,0
-0.087764,-0.047244,0,3.13269,2.99673,0
-0.087775,-0.047244,0,3.13269,2.99673,0
-0.084103,-0.041758,0,3.15538,3.02483,0
-0.084103,-0.041745,0,3.15538,3.02483,0
-0.0842,-0.04357,0,3.10669,2.95013,0
-0.0842,-0.043581,0,3.10669,2.95013,0
-0.085579,-0.044547,0,3.20058,3.07702,0
-0.085594,-0.044554,0,3.20058,3.07719,0
-0.085386,-0.045566,0,3.22327,3.10826,0
-0.085386,-0.04558,0,3.22362,3.10826,0
-0.085342,-0.045541,0,3.22205,3.10599,0
-0.085352,-0.045552,0,3.2224,3.10669,0
-0.085869,-0.0445,0,3.23724,3.12484,0
-0.085872,-0.044488,0,3.23724,3.12484,0
-0.086077,-0.044152,0,3.26726,3.16585,0
-0.086089,-0.044151,0,3.26726,3.16603,0
-0.086492,-0.045513,0,3.31874,3.23881,0
-0.086492,-0.045524,0,3.31874,3.23881,0
-0.085612,-0.043593,0,3.27354,3.17982,0
-0.085611,-0.043581,0,3.27354,3.17982,0
-0.085909,-0.044435,0,3.24055,3.13234,0
-0.085911,-0.044447,0,3.24055,3.13234,0
-0.085812,-0.046628,0,3.24509,3.1388,0
-0.085812,-0.04664,0,3.24509,3.1388,0
-0.085941,-0.046328,0,3.34178,3.25242,0
-0.085953,-0.046328,0,3.34196,3.25277,0
-0.085926,-0.044548,0,3.42695,3.35557,0
-0.085926,-0.044535,0,3.42713,3.35574,0
-0.086011,-0.043802,0,3.36081,3.26551,0
-0.087674,-0.041376,0,3.41683,3.34667,0
-0.088803,-0.045138,0,3.55052,3.60201,0
-0.088803,-0.04515,0,3.55052,3.60201,0
-0.084407,-0.044561,0,3.36552,3.32538,0
-0.084395,-0.044561,0,3.36552,3.32538,0
-0.086257,-0.044696,0,3.40618,3.37756,0
-0.086271,-0.044696,0,3.40618,3.37756,0
-0.086316,-0.044659,0,3.40741,3.37913,0
-0.086303,-0.04467,0,3.40706,3.37878,0
-0.086306,-0.044668,0,3.40688,3.37826,0
-0.086306,-0.044668,0,3.40688,3.37826,0
-0.086305,-0.044668,0,3.40688,3.37843,0
-0.086305,-0.044668,0,3.40688,3.37843,0
-0.086021,-0.042358,0,3.43376,3.41561,0
-0.086021,-0.042347,0,3.43376,3.41561,0
-0.086625,-0.045184,0,3.47495,3.48176,0
-0.086625,-0.045197,0,3.47495,3.48176,0
-0.084678,-0.04023,0,3.42207,3.41055,0
-0.084678,-0.040216,0,3.42207,3.41055,0
-0.087072,-0.039066,0,3.50043,3.54825,0
-0.087084,-0.039066,0,3.50043,3.54825,0
-0.087422,-0.043949,0,3.53516,3.62383,0
-0.087422,-0.043961,0,3.53516,3.62383,0
-0.08741,-0.043919,0,3.53255,3.62016,0
-0.087413,-0.043932,0,3.53359,3.62103,0
-0.087371,-0.04397,0,3.53464,3.62278,0
-0.087385,-0.043958,0,3.53412,3.62243,0
-0.087344,-0.043995,0,3.53534,3.62435,0
-0.087355,-0.043986,0,3.53499,3.62383,0
-0.086022,-0.046944,0,3.66537,3.83065,0
-0.085772,-0.045432,0,3.45977,3.59241,0
-0.085771,-0.045417,0,3.45959,3.59224,0
-0.087413,-0.045204,0,3.37407,3.48333,0
-0.088946,-0.04295,0,3.56658,3.75089,0
-0.088949,-0.042933,0,3.56675,3.75089,0
-0.087399,-0.040218,0,3.59643,3.80342,0
-0.087399,-0.040206,0,3.59643,3.80342,0
-0.087338,-0.040986,0,3.54459,3.70062,0
-0.087341,-0.041,0,3.54441,3.6994,0
-0.088171,-0.043389,0,3.62941,3.85962,0
-0.088171,-0.043403,0,3.62941,3.85962,0
-0.08719,-0.043124,0,3.54476,3.72139,0
-0.087176,-0.043123,0,3.54441,3.72122,0
-0.087143,-0.045484,0,3.50602,3.65996,0
-0.087143,-0.045496,0,3.50602,3.65996,0
-0.087961,-0.045455,0,3.57932,3.75804,0
-0.087975,-0.045461,0,3.57932,3.75839,0
-0.087615,-0.046629,0,3.49886,3.64687,0
-0.087215,-0.04616,0,3.59869,3.77148,0
-0.087206,-0.046148,0,3.59939,3.77358,0
-0.087356,-0.045681,0,3.66432,3.85439,0
-0.087354,-0.04567,0,3.66414,3.85473,0
-0.087957,-0.047727,0,3.67409,3.86782,0
-0.087957,-0.047738,0,3.67409,3.86782,0
-0.087806,-0.045644,0,3.71773,3.91983,0
-0.087806,-0.045633,0,3.71773,3.91983,0
-0.087999,-0.045396,0,3.64285,3.81843,0
-0.088015,-0.045392,0,3.6425,3.81756,0
-0.089231,-0.045108,0,3.59433,3.75001,0
-0.089244,-0.045108,0,3.59416,3.74984,0
-0.087837,-0.044894,0,3.60358,3.76398,0
-0.087824,-0.044891,0,3.60358,3.76398,0
-0.088902,-0.044394,0,3.76694,3.9996,0
-0.088919,-0.044393,0,3.76694,3.99977,0
-0.088981,-0.041437,0,3.85578,4.13957,0
-0.088981,-0.041425,0,3.85578,4.13957,0
-0.088897,-0.045627,0,3.77305,3.96417,0
-0.088897,-0.04563,0,3.77305,3.96417,0
-0.088897,-0.045629,0,3.77305,3.96417,0
-0.087712,-0.045497,0,3.83641,4.0551,0
-0.087696,-0.045497,0,3.83658,4.05527,0
-0.088866,-0.04477,0,3.84496,4.06679,0
-0.088879,-0.044768,0,3.84496,4.06679,0
-0.089315,-0.045145,0,3.95788,4.23783,0
-0.089317,-0.045161,0,3.95858,4.23923,0
-0.089329,-0.043587,0,3.90971,4.16558,0
-0.089328,-0.043574,0,3.90971,4.16558,0
-0.088755,-0.046664,0,3.85526,4.0729,0
-0.088755,-0.046676,0,3.85526,4.0729,0
-0.088,-0.049311,0,3.93746,4.18146,0
-0.088414,-0.047935,0,3.90413,4.14586,0
-0.088415,-0.047923,0,3.90413,4.14586,0
-0.089484,-0.046677,0,3.95876,4.21096,0
-0.089493,-0.046665,0,3.95876,4.21096,0
-0.089499,-0.046658,0,3.95876,4.21113,0
-0.089498,-0.04666,0,3.95876,4.21113,0
-0.088715,-0.04447,0,4.0167,4.29019,0
-0.093127,-0.030872,0,3.84618,3.99017,0
-0.093127,-0.030857,0,3.84618,3.99017,0
-0.090005,-0.045972,0,3.84863,4.48654,0
-0.090005,-0.045984,0,3.84863,4.48654,0
-0.089466,-0.048719,0,3.86398,4.50853,0
-0.088526,-0.049599,0,3.93345,4.58638,0
-0.088522,-0.049601,0,3.93362,4.58673,0
-0.088523,-0.049601,0,3.93362,4.58673,0
-0.088523,-0.049601,0,3.93362,4.58673,0
-0.088523,-0.049601,0,3.93362,4.58673,0
-0.088523,-0.049601,0,3.93362,4.58673,0
-0.088523,-0.049601,0,3.93362,4.58673,0
-0.089463,-0.049814,0,3.99,4.64362,0
-0.089475,-0.049816,0,3.99,4.6438,0
-0.089474,-0.049816,0,3.99017,4.64415,0
-0.089474,-0.049816,0,3.99017,4.64415,0
-0.089474,-0.049816,0,3.99017,4.64415,0
-0.089474,-0.049816,0,3.99017,4.64415,0
-0.09033,-0.049791,0,4.03433,4.69005,0
-0.090345,-0.04979,0,4.0345,4.69005,0
-0.090361,-0.049829,0,4.03276,4.68813,0
-0.090357,-0.049818,0,4.03328,4.68883,0
-0.089585,-0.050355,0,4.016,4.66998,0
-0.089572,-0.05036,0,4.016,4.67015,0
-0.090251,-0.051192,0,4.08721,4.74136,0
-0.09026,-0.051203,0,4.08721,4.74154,0
-0.090261,-0.051203,0,4.08739,4.74189,0
-0.089696,-0.051328,0,4.05807,4.71361,0
-0.089683,-0.051342,0,4.05807,4.71326,0
-0.089675,-0.051385,0,4.05684,4.71169,0
-0.089677,-0.051373,0,4.05719,4.71204,0
-0.089502,-0.050591,0,4.01949,4.67678,0
-0.0895,-0.050579,0,4.01932,4.67678,0
-0.091176,-0.049345,0,4.06609,4.72286,0
-0.09119,-0.049342,0,4.06627,4.72286,0
-0.090343,-0.049682,0,4.13346,4.80088,0
-0.090331,-0.049685,0,4.13364,4.80088,0
-0.090409,-0.050999,0,4.19717,4.86964,0
-0.090409,-0.05101,0,4.19717,4.86982,0
-0.091933,-0.050463,0,4.25843,4.93056,0
-0.091945,-0.050462,0,4.25843,4.93056,0
-0.090238,-0.050469,0,4.19752,4.86336,0
-0.090225,-0.050469,0,4.19734,4.86336,0
-0.090182,-0.050485,0,4.19787,4.86371,0
-0.090192,-0.050482,0,4.19769,4.86371,0
-0.090203,-0.050526,0,4.19909,4.86476,0
-0.0902,-0.050512,0,4.19839,4.86458,0
-0.090201,-0.050517,0,4.19839,4.86388,0
-0.090202,-0.050516,0,4.19839,4.86388,0
-0.090202,-0.050516,0,4.19839,4.86388,0
-0.090203,-0.050517,0,4.19839,4.86388,0
-0.090203,-0.050517,0,4.19839,4.86388,0
-0.089964,-0.05122,0,4.16872,4.83369,0
-0.089962,-0.051232,0,4.16854,4.83334,0
-0.089964,-0.051273,0,4.16802,4.83264,0
-0.089963,-0.051259,0,4.16802,4.83264,0
-0.090643,-0.051825,0,4.28077,4.94015,0
-0.090656,-0.051831,0,4.28147,4.94068,0
-0.090524,-0.051846,0,4.32109,4.9789,0
-0.090522,-0.051852,0,4.32126,4.9789,0
-0.090488,-0.051871,0,4.32772,4.98518,0
-0.090497,-0.051865,0,4.32562,4.98361,0
-0.089853,-0.052704,0,4.41917,5.07105,0
-0.089846,-0.052715,0,4.41935,5.07123,0
-0.089846,-0.052715,0,4.4197,5.07193,0
-0.089846,-0.052715,0,4.4197,5.07193,0
-0.090974,-0.054017,0,4.20659,4.88867,0
-0.090984,-0.05403,0,4.20642,4.88814,0
-0.09132,-0.052997,0,4.32632,4.98606,0
-0.091322,-0.052983,0,4.32685,4.98641,0
-0.090653,-0.052325,0,4.38584,5.03911,0
-0.090641,-0.052315,0,4.38601,5.03929,0
-0.090644,-0.052318,0,4.38619,5.03946,0
-0.090643,-0.052317,0,4.38619,5.03946,0
-0.090974,-0.052968,0,4.34954,5.00613,0
-0.090978,-0.052978,0,4.34919,5.00578,0
-0.090979,-0.052977,0,4.34901,5.00543,0
-0.09098,-0.052977,0,4.34901,5.00543,0
-0.09098,-0.052977,0,4.34901,5.00543,0
-0.090711,-0.052845,0,4.39299,5.04313,0
-0.090692,-0.052838,0,4.39369,5.04505,0
-0.090521,-0.052565,0,4.51552,5.15256,0
-0.089998,-0.052747,0,4.6328,5.25763,0
-0.089983,-0.05275,0,4.6342,5.2585,0
-0.090828,-0.049609,0,4.86074,5.4552,0
-0.090829,-0.049595,0,4.86074,5.4552,0
-0.090121,-0.052853,0,4.55112,5.10718,0
-0.090121,-0.052863,0,4.55112,5.10718,0
-0.090121,-0.052863,0,4.55112,5.10718,0
-0.090121,-0.052863,0,4.55112,5.10718,0
-0.090121,-0.052863,0,4.55112,5.10701,0
-0.090538,-0.05324,0,4.59458,5.14488,0
-0.090765,-0.053338,0,4.65654,5.19846,0
-0.091219,-0.053955,0,4.69982,5.23634,0
-0.091226,-0.053968,0,4.7,5.23651,0
-0.091227,-0.053967,0,4.70035,5.23686,0
-0.091227,-0.053967,0,4.70035,5.23686,0
-0.090448,-0.054578,0,4.66212,5.2044,0
-0.090437,-0.054584,0,4.66195,5.2044,0
-0.090436,-0.054584,0,4.6616,5.20405,0
-0.090437,-0.054584,0,4.6616,5.20405,0
-0.090437,-0.054584,0,4.6616,5.20405,0
-0.090437,-0.054584,0,4.6616,5.20405,0
-0.090437,-0.054584,0,4.6616,5.20405,0
-0.090437,-0.054584,0,4.6616,5.20405,0
-0.090437,-0.054584,0,4.6616,5.20405,0
-0.090437,-0.054584,0,4.6616,5.20405,0
-0.090437,-0.054584,0,4.6616,5.20405,0
-0.090437,-0.054584,0,4.6616,5.20405,0
-0.090437,-0.054584,0,4.6616,5.20405,0
-0.090437,-0.054584,0,4.6616,5.20405,0
-0.090437,-0.054584,0,4.6616,5.20405,0
-0.090437,-0.054584,0,4.6616,5.20405,0
-0.090437,-0.054584,0,4.6616,5.20405,0
-0.090437,-0.054584,0,4.6616,5.20405,0
-0.090437,-0.054584,0,4.6616,5.20405,0
-0.090437,-0.054584,0,4.6616,5.20405,0
-0.090437,-0.054584,0,4.6616,5.20405,0
-0.090437,-0.054584,0,4.6616,5.20405,0
-0.090437,-0.054584,0,4.6616,5.20405,0
-0.090437,-0.054584,0,4.6616,5.20405,0
-0.091494,-0.05562,0,4.74799,5.27229,0
-0.09151,-0.055629,0,4.74817,5.27247,0
-0.091141,-0.055177,0,4.80699,5.31784,0
-0.091127,-0.055167,0,4.80716,5.31784,0
-0.091229,-0.055318,0,4.85516,5.35519,0
-0.091235,-0.055332,0,4.85551,5.35572,0
-0.092164,-0.055295,0,4.91747,5.40406,0
-0.092177,-0.055295,0,4.91747,5.40406,0
-0.090204,-0.05474,0,4.86545,5.36183,0
-0.090194,-0.05474,0,4.86545,5.36183,0
-0.090196,-0.05474,0,4.86528,5.36165,0
-0.090196,-0.05474,0,4.86528,5.36165,0
-0.090195,-0.05474,0,4.86528,5.36165,0
-0.090195,-0.05474,0,4.86528,5.36165,0
-0.091023,-0.055109,0,4.84102,5.34228,0
-0.091035,-0.055111,0,4.84102,5.34228,0
-0.091033,-0.055111,0,4.84085,5.34228,0
-0.091033,-0.055111,0,4.84085,5.34228,0
-0.091035,-0.055111,0,4.84085,5.34228,0
-0.091035,-0.055111,0,4.84085,5.34228,0
-0.091035,-0.055111,0,4.84085,5.3421,0
-0.091035,-0.055111,0,4.84085,5.3421,0
-0.091035,-0.055111,0,4.84085,5.3421,0
-0.091035,-0.055111,0,4.84085,5.3421,0
-0.091035,-0.055111,0,4.84085,5.3421,0
-0.091035,-0.055111,0,4.84085,5.3421,0
-0.091035,-0.055111,0,4.84085,5.3421,0
-0.091035,-0.055111,0,4.84085,5.3421,0
-0.091035,-0.055111,0,4.84085,5.3421,0
-0.09185,-0.055877,0,4.91502,5.4004,0
-0.091863,-0.055884,0,4.9152,5.40057,0
-0.091354,-0.056175,0,4.98047,5.45066,0
-0.091344,-0.056185,0,4.98082,5.45119,0
-0.091344,-0.056183,0,4.981,5.45154,0
-0.091344,-0.056184,0,4.981,5.45154,0
-0.091344,-0.056184,0,4.98082,5.45154,0
-0.091344,-0.056184,0,4.98082,5.45154,0
-0.091344,-0.056184,0,4.98082,5.45154,0
-0.091344,-0.056184,0,4.98082,5.45154,0
-0.091344,-0.056184,0,4.98082,5.45154,0
-0.091344,-0.056184,0,4.98082,5.45154,0
-0.091335,-0.056612,0,4.94173,5.42256,0
-0.091335,-0.056625,0,4.94138,5.42221,0
-0.091449,-0.056693,0,5.03318,5.48819,0
-0.091452,-0.056683,0,5.0344,5.48941,0
-0.092036,-0.057253,0,5.12656,5.55591,0
-0.092049,-0.057263,0,5.12708,5.55626,0
-0.092047,-0.057262,0,5.12743,5.55678,0
-0.092047,-0.057263,0,5.12743,5.55678,0
-0.092048,-0.057264,0,5.12708,5.5566,0
-0.092048,-0.057264,0,5.12708,5.5566,0
-0.091873,-0.05755,0,5.07542,5.51995,0
-0.091869,-0.057563,0,5.07454,5.51908,0
-0.09187,-0.05756,0,5.07472,5.51873,0
-0.09187,-0.05756,0,5.07472,5.51873,0
-0.09187,-0.057561,0,5.07472,5.51925,0
-0.09187,-0.057561,0,5.07472,5.51925,0
-0.09069,-0.05708,0,5.07559,5.5196,0
-0.090675,-0.057078,0,5.07559,5.5196,0
-0.091328,-0.056965,0,5.1386,5.56289,0
-0.091341,-0.056964,0,5.1386,5.56306,0
-0.091338,-0.056964,0,5.13895,5.56359,0
-0.091339,-0.056964,0,5.13895,5.56359,0
-0.09134,-0.056964,0,5.13877,5.56359,0
-0.09134,-0.056964,0,5.13877,5.56341,0
-0.09134,-0.056964,0,5.13877,5.56341,0
-0.091341,-0.056964,0,5.13877,5.56341,0
-0.091341,-0.056964,0,5.13877,5.56341,0
-0.091342,-0.056964,0,5.13877,5.56324,0
-0.091342,-0.056964,0,5.13877,5.56306,0
-0.091342,-0.056964,0,5.13877,5.56306,0
-0.091342,-0.056964,0,5.13877,5.56306,0
-0.091343,-0.056964,0,5.13877,5.56289,0
-0.091831,-0.057079,0,5.18921,5.59867,0
-0.091844,-0.057079,0,5.18956,5.59884,0
-0.092013,-0.057186,0,5.25833,5.64823,0
-0.092015,-0.057171,0,5.26112,5.6505,0
-0.091434,-0.05742,0,5.37492,5.73253,0
-0.091422,-0.057429,0,5.37561,5.73271,0
-0.091424,-0.057428,0,5.37561,5.73358,0
-0.091424,-0.057428,0,5.37561,5.73358,0
-0.091424,-0.057429,0,5.37544,5.73288,0
-0.091424,-0.057429,0,5.37544,5.73288,0
-0.091425,-0.05743,0,5.37544,5.73288,0
-0.091425,-0.05743,0,5.37544,5.73288,0
-0.091425,-0.05743,0,5.37544,5.73288,0
-0.091425,-0.05743,0,5.37544,5.73288,0
-0.091425,-0.05743,0,5.37544,5.73288,0
-0.091438,-0.057469,0,5.37439,5.73236,0
-0.091435,-0.057456,0,5.37474,5.73236,0
-0.09146,-0.058059,0,5.2791,5.66569,0
-0.091463,-0.058071,0,5.27892,5.66534,0
-0.091462,-0.058069,0,5.27857,5.66482,0
-0.091462,-0.058069,0,5.27857,5.66482,0
-0.091463,-0.05807,0,5.27875,5.66499,0
-0.091463,-0.05807,0,5.27875,5.66499,0
-0.091463,-0.05807,0,5.27857,5.66499,0
-0.091463,-0.05807,0,5.27857,5.66499,0
-0.091463,-0.05807,0,5.27857,5.66499,0
-0.092103,-0.058633,0,5.32448,5.69571,0
-0.092116,-0.05864,0,5.32483,5.69571,0
-0.092114,-0.058638,0,5.32483,5.69606,0
-0.092114,-0.058638,0,5.32483,5.69606,0
-0.092116,-0.058639,0,5.32483,5.69606,0
-0.092116,-0.058639,0,5.32483,5.69606,0
-0.092117,-0.058639,0,5.32483,5.69606,0
-0.092117,-0.058639,0,5.32483,5.69606,0
-0.092117,-0.058639,0,5.32483,5.69606,0
-0.092117,-0.058639,0,5.32483,5.69606,0
-0.092118,-0.058639,0,5.32483,5.69606,0
-0.092118,-0.058639,0,5.32483,5.69606,0
-0.092318,-0.058874,0,5.37561,5.72922,0
-0.092338,-0.058885,0,5.37666,5.72939,0
-0.09233,-0.058912,0,5.38329,5.73393,0
-0.092332,-0.058904,0,5.38068,5.73306,0
-0.092285,-0.058888,0,5.38172,5.73376,0
-0.092296,-0.058892,0,5.38137,5.73323,0
-0.092295,-0.058891,0,5.38102,5.73306,0
-0.092295,-0.058891,0,5.3812,5.73306,0
-0.092238,-0.058892,0,5.41628,5.7554,0
-0.092234,-0.058892,0,5.41768,5.75662,0
-0.092235,-0.058893,0,5.41733,5.75679,0
-0.092235,-0.058893,0,5.41733,5.75662,0
-0.092235,-0.058893,0,5.4175,5.75644,0
-0.092235,-0.058893,0,5.4175,5.75644,0
-0.092141,-0.059059,0,5.45555,5.78175,0
-0.092137,-0.059072,0,5.45642,5.78193,0
-0.092172,-0.05909,0,5.46375,5.78734,0
-0.092163,-0.059086,0,5.46131,5.78594,0
-0.092165,-0.059087,0,5.46218,5.78646,0
-0.092165,-0.059087,0,5.46201,5.78646,0
-0.092164,-0.059087,0,5.46148,5.78646,0
-0.092164,-0.059087,0,5.46183,5.78646,0
-0.092164,-0.059087,0,5.46183,5.78646,0
-0.092164,-0.059087,0,5.46166,5.78646,0
-0.092164,-0.059087,0,5.46166,5.78646,0
-0.092164,-0.059087,0,5.46166,5.78646,0
-0.092164,-0.059087,0,5.46166,5.78646,0
-0.092164,-0.059087,0,5.46166,5.78646,0
-0.092165,-0.059087,0,5.46166,5.78646,0
-0.092165,-0.059087,0,5.46166,5.78646,0
-0.091778,-0.058991,0,5.50808,5.81631,0
-0.091774,-0.058991,0,5.50861,5.81683,0
-0.091775,-0.058991,0,5.50861,5.81683,0
-0.092824,-0.059294,0,5.6053,5.87897,0
-0.092835,-0.059294,0,5.6053,5.87897,0
-0.092833,-0.059295,0,5.6053,5.87914,0
-0.092833,-0.059295,0,5.6053,5.87914,0
-0.092834,-0.059295,0,5.6053,5.87914,0
-0.092834,-0.059295,0,5.6053,5.87914,0
-0.092834,-0.059295,0,5.6053,5.87914,0
-0.092834,-0.059295,0,5.6053,5.87914,0
-0.092834,-0.059294,0,5.6053,5.87914,0
-0.092834,-0.059294,0,5.6053,5.87914,0
-0.092508,-0.05966,0,5.6409,5.90218,0
-0.092494,-0.059674,0,5.64125,5.9027,0
-0.092491,-0.059711,0,5.64213,5.90393,0
-0.092491,-0.059698,0,5.64213,5.9034,0
-0.09177,-0.059853,0,5.58854,5.86937,0
-0.091755,-0.059859,0,5.58854,5.86937,0
-0.092176,-0.060072,0,5.63776,5.89956,0
-0.092192,-0.060075,0,5.63811,5.89956,0
-0.092887,-0.059746,0,5.71892,5.9493,0
-0.09289,-0.059735,0,5.71909,5.9493,0
-0.09289,-0.059738,0,5.71909,5.94948,0
-0.09289,-0.059737,0,5.71909,5.94948,0
-0.09294,-0.059732,0,5.71997,5.95,0
-0.092925,-0.059733,0,5.71962,5.95,0
-0.09363,-0.059267,0,5.68611,5.92871,0
-0.092697,-0.058516,0,5.6156,5.88141,0
-0.092683,-0.05851,0,5.6156,5.88106,0
-0.092904,-0.058667,0,5.68157,5.92592,0
-0.092916,-0.058651,0,5.68384,5.92819,0
-0.092865,-0.058793,0,5.78577,5.99782,0
-0.092853,-0.058793,0,5.78699,5.9987,0
-0.09282,-0.059312,0,5.84057,6.03482,0
-0.092819,-0.059323,0,5.84074,6.03535,0
-0.091918,-0.059749,0,5.81963,6.02139,0
-0.091394,-0.058627,0,5.73864,5.97077,0
-0.091392,-0.058615,0,5.73864,5.97077,0
-0.097343,-0.065524,0,5.94791,6.11127,0
-0.097344,-0.065539,0,5.94791,6.11127,0
-0.0919,-0.061202,0,5.79118,6.02156,0
-0.091888,-0.061202,0,5.79118,6.02156,0
-0.093801,-0.06052,0,5.92871,6.09993,0
-0.093815,-0.06052,0,5.92871,6.09993,0
-0.093812,-0.06052,0,5.92871,6.1001,0
-0.093813,-0.060519,0,5.92888,6.1001,0
-0.093813,-0.060519,0,5.92888,6.1001,0
-0.093862,-0.060483,0,5.92836,6.09975,0
-0.093848,-0.060492,0,5.92853,6.09993,0
-0.09385,-0.06049,0,5.92871,6.1001,0
-0.09385,-0.060491,0,5.92871,6.1001,0
-0.093726,-0.059689,0,6.00847,6.15037,0
-0.093726,-0.059676,0,6.00847,6.15054,0
-0.093075,-0.05955,0,6.08998,6.2043,0
-0.093065,-0.059548,0,6.09015,6.20465,0
-0.093067,-0.059549,0,6.09033,6.20482,0
-0.093067,-0.059549,0,6.09033,6.20482,0
-0.093904,-0.05961,0,6.06432,6.18789,0
-0.093473,-0.060107,0,6.03866,6.17026,0
-0.09347,-0.060111,0,6.03814,6.17009,0
-0.093471,-0.060111,0,6.03814,6.17009,0
-0.093471,-0.06011,0,6.03832,6.17009,0
-0.093471,-0.06011,0,6.03832,6.17009,0
-0.093471,-0.060111,0,6.03832,6.17009,0
-0.093471,-0.060111,0,6.03832,6.17009,0
-0.09347,-0.060111,0,6.03832,6.17009,0
-0.09347,-0.060111,0,6.03832,6.17009,0
-0.09347,-0.060111,0,6.03832,6.17009,0
-0.09347,-0.060111,0,6.03832,6.17009,0
-0.09347,-0.060111,0,6.03832,6.17009,0
-0.09347,-0.060111,0,6.03832,6.17009,0
-0.09347,-0.060111,0,6.03832,6.17009,0
-0.09347,-0.060111,0,6.03832,6.17009,0
-0.093475,-0.060152,0,6.03936,6.17096,0
-0.093475,-0.06014,0,6.03919,6.17079,0
-0.093475,-0.060142,0,6.03884,6.17061,0
-0.093475,-0.060142,0,6.03884,6.17061,0
-0.092954,-0.060203,0,6.08666,6.20133,0
-0.092939,-0.060203,0,6.08701,6.20133,0
-0.093809,-0.060805,0,6.20657,6.2762,0
-0.093821,-0.060808,0,6.20674,6.2762,0
-0.09382,-0.060808,0,6.20709,6.27655,0
-0.09382,-0.060808,0,6.20709,6.27655,0
-0.093821,-0.060808,0,6.20691,6.27655,0
-0.093821,-0.060808,0,6.20691,6.27655,0
-0.093821,-0.060808,0,6.20691,6.27655,0
-0.093821,-0.060808,0,6.20691,6.27655,0
-0.095255,-0.061248,0,6.23536,0.0171042,0
-0.094747,-0.061525,0,6.146,-0.0408407,0
-0.09493,-0.059994,0,6.10516,-0.0659734,0
-0.09493,-0.059981,0,6.10516,-0.0659734,0
-0.095793,-0.059305,0,0.0228638,0.0682424,0
-0.097761,-0.063868,0,-0.145037,-0.0588176,0
-0.097761,-0.063887,0,-0.145037,-0.0588176,0
-0.096473,-0.059942,0,0.217468,0.179071,0
-0.096473,-0.059929,0,0.217468,0.179071,0
-0.095548,-0.059374,0,0.362679,0.288328,0
-0.095533,-0.059369,0,0.362854,0.288503,0
-0.093714,-0.060104,0,0.482584,0.377689,0
-0.0937,-0.060105,0,0.482758,0.377689,0
-0.094853,-0.061663,0,0.411549,0.331438,0
-0.094858,-0.061675,0,0.411549,0.331438,0
-0.094538,-0.06149,0,0.286059,0.253073,0
-0.094526,-0.061477,0,0.28414,0.251676,0
-0.094657,-0.062216,0,0.231605,0.219039,0
-0.096229,-0.061678,0,0.329518,0.277333,0
-0.096243,-0.061677,0,0.329693,0.277333,0
-0.095724,-0.060176,0,0.396713,0.322188,0
-0.095724,-0.060165,0,0.396713,0.322188,0
-0.095724,-0.060168,0,0.396713,0.322188,0
-0.095724,-0.060167,0,0.396713,0.322188,0
-0.095724,-0.060167,0,0.396713,0.322188,0
-0.095724,-0.060167,0,0.396713,0.322188,0
-0.095724,-0.060167,0,0.396713,0.322188,0
-0.095724,-0.060167,0,0.396713,0.322188,0
-0.095724,-0.060167,0,0.396713,0.322188,0
-0.095724,-0.060167,0,0.396713,0.322188,0
-0.095724,-0.060167,0,0.396713,0.322188,0
-0.095724,-0.060167,0,0.396713,0.322188,0
-0.095724,-0.060167,0,0.396713,0.322188,0
-0.095844,-0.060166,0,0.507367,0.400902,0
-0.09586,-0.060165,0,0.507716,0.401077,0
-0.096566,-0.060399,0,0.587303,0.458847,0
-0.09658,-0.060399,0,0.587478,0.458847,0
-0.096577,-0.0604,0,0.587478,0.458498,0
-0.096578,-0.0604,0,0.587478,0.458498,0
-0.096578,-0.0604,0,0.587478,0.458498,0
-0.095349,-0.060545,0,0.61104,0.475777,0
-0.095336,-0.060545,0,0.61104,0.475777,0
-0.095337,-0.060546,0,0.61104,0.475951,0
-0.095337,-0.060546,0,0.61104,0.475951,0
-0.094285,-0.060546,0,0.615578,0.479267,0
-0.094269,-0.060546,0,0.615578,0.479267,0
-0.096103,-0.06127,0,0.712269,0.541576,0
-0.096115,-0.06127,0,0.712269,0.541576,0
-0.095077,-0.06155,0,0.621163,0.48014,0
-0.095065,-0.06155,0,0.621163,0.48014,0
-0.094597,-0.06192,0,0.572643,0.449771,0
-0.094587,-0.061924,0,0.572643,0.449771,0
-0.094431,-0.062011,0,0.535991,0.427955,0
-0.094421,-0.062015,0,0.534943,0.427257,0
-0.094425,-0.062013,0,0.534943,0.426558,0
-0.095628,-0.061683,0,0.545241,0.432667,0
-0.095639,-0.061683,0,0.545241,0.432667,0
-0.095865,-0.061391,0,0.62029,0.480489,0
-0.095866,-0.061376,0,0.620639,0.480664,0
-0.09574,-0.061047,0,0.684867,0.52325,0
-0.095731,-0.061037,0,0.685042,0.523424,0
-0.095731,-0.061038,0,0.685216,0.524122,0
-0.095731,-0.061038,0,0.685216,0.523773,0
-0.096941,-0.061315,0,0.70232,0.535292,0
-0.096953,-0.061315,0,0.70232,0.535292,0
-0.096911,-0.061277,0,0.701622,0.534594,0
-0.096925,-0.06129,0,0.701797,0.534594,0
-0.096296,-0.060839,0,0.781384,0.590619,0
-0.096288,-0.060824,0,0.781384,0.590619,0
-0.096242,-0.060786,0,0.781558,0.591143,0
-0.096253,-0.060798,0,0.781558,0.591143,0
-0.096251,-0.060574,0,0.744034,0.565138,0
-0.09624,-0.060601,0,0.742812,0.564265,0
-0.096282,-0.060521,0,0.736878,0.559553,0
-0.096268,-0.060556,0,0.739147,0.561123,0
-0.095292,-0.059583,0,0.710524,0.540703,0
-0.095276,-0.059572,0,0.710524,0.540878,0
-0.096526,-0.060268,0,0.819258,0.619243,0
-0.096541,-0.060269,0,0.819258,0.619417,0
-0.096447,-0.061009,0,0.86516,0.653277,0
-0.096444,-0.061021,0,0.86516,0.653451,0
-0.096445,-0.061019,0,0.865334,0.653626,0
-0.096445,-0.061019,0,0.865334,0.653626,0
-0.096446,-0.06102,0,0.865334,0.653626,0
-0.096446,-0.06102,0,0.865334,0.653626,0
-0.096405,-0.061058,0,0.864636,0.653277,0
-0.096417,-0.061047,0,0.864811,0.653277,0
-0.095806,-0.06227,0,0.830079,0.628842,0
-0.096523,-0.062158,0,0.890991,0.666716,0
-0.096538,-0.062157,0,0.89134,0.667065,0
-0.09741,-0.061493,0,0.899892,0.67265,0
-0.097422,-0.061488,0,0.899892,0.67265,0
-0.096516,-0.060273,0,0.930086,0.694117,0
-0.09651,-0.060261,0,0.930086,0.694117,0
-0.09775,-0.059877,0,0.920836,0.687136,0
-0.09776,-0.059876,0,0.920836,0.687136,0
-0.097759,-0.059876,0,0.920836,0.687136,0
-0.097759,-0.059876,0,0.920836,0.687136,0
-0.097407,-0.059345,0,1.01927,0.76585,0
-0.097404,-0.059332,0,1.01962,0.766549,0
-0.097005,-0.059524,0,1.06081,0.800233,0
-0.096994,-0.059526,0,1.06099,0.800408,0
-0.096996,-0.059526,0,1.06116,0.800408,0
-0.096996,-0.059526,0,1.06116,0.800408,0
-0.096995,-0.059526,0,1.06116,0.800583,0
-0.096995,-0.059526,0,1.06116,0.800583,0
-0.096995,-0.059526,0,1.06116,0.800583,0
-0.096995,-0.059526,0,1.06116,0.800583,0
-0.096995,-0.059526,0,1.06116,0.800583,0
-0.096996,-0.059526,0,1.06116,0.800583,0
-0.09646,-0.060185,0,1.0938,0.826239,0
-0.096452,-0.060197,0,1.09397,0.826588,0
-0.096453,-0.060195,0,1.09415,0.826937,0
-0.096452,-0.060195,0,1.09415,0.826937,0
-0.096494,-0.060232,0,1.09485,0.827461,0
-0.096483,-0.060222,0,1.0945,0.827286,0
-0.096485,-0.060224,0,1.0945,0.827112,0
-0.096485,-0.060224,0,1.0945,0.827112,0
-0.096484,-0.060223,0,1.09432,0.827112,0
-0.096484,-0.060223,0,1.09432,0.827112,0
-0.096527,-0.060262,0,1.0938,0.826588,0
-0.096516,-0.060251,0,1.0938,0.826762,0
-0.097712,-0.060865,0,1.08821,0.822574,0
-0.097723,-0.060866,0,1.08821,0.822574,0
-0.097722,-0.060866,0,1.08821,0.822574,0
-0.097722,-0.060866,0,1.08821,0.822574,0
-0.097723,-0.060866,0,1.08821,0.822574,0
-0.096732,-0.06096,0,1.06971,0.808611,0
-0.096717,-0.06096,0,1.06971,0.808611,0
-0.097484,-0.060984,0,1.15331,0.867254,0
-0.097498,-0.060986,0,1.15331,0.867429,0
-0.097515,-0.060956,0,1.15942,0.87249,0
-0.097509,-0.060966,0,1.15698,0.870396,0
-0.097569,-0.060975,0,1.16064,0.873537,0
-0.097552,-0.060973,0,1.15942,0.872665,0
-0.09768,-0.061464,0,1.22976,0.924152,0
-0.097684,-0.061476,0,1.22993,0.924501,0
-0.097684,-0.061474,0,1.23028,0.925199,0
-0.097684,-0.061474,0,1.23028,0.925199,0
-0.096234,-0.061067,0,1.18682,0.894132,0
-0.096222,-0.061066,0,1.18665,0.894132,0
-0.097398,-0.060752,0,1.22208,0.918567,0
-0.097413,-0.060752,0,1.22208,0.918567,0
-0.098412,-0.060438,0,1.26554,0.95103,0
-0.098425,-0.060437,0,1.26554,0.951204,0
-0.09715,-0.059218,0,1.2788,0.961851,0
-0.097138,-0.059209,0,1.2788,0.961851,0
-0.097863,-0.060151,0,1.32244,0.997281,0
-0.097871,-0.060162,0,1.32244,0.997281,0
-0.098478,-0.060599,0,1.37043,1.03533,0
-0.098494,-0.060613,0,1.37078,1.0355,0
-0.097483,-0.060825,0,1.35472,1.02276,0
-0.097469,-0.060826,0,1.35472,1.02276,0
-0.097426,-0.060787,0,1.35385,1.02224,0
-0.097437,-0.060797,0,1.35403,1.02224,0
-0.097435,-0.060795,0,1.35438,1.02259,0
-0.097436,-0.060796,0,1.3542,1.02259,0
-0.09747,-0.0608,0,1.34757,1.01805,0
-0.097461,-0.060799,0,1.35019,1.0191,0
-0.097463,-0.060799,0,1.34949,1.0191,0
-0.097462,-0.0608,0,1.34966,1.0191,0
-0.097462,-0.0608,0,1.35001,1.0191,0
-0.097462,-0.060801,0,1.34984,1.0191,0
-0.098453,-0.061064,0,1.38789,1.04737,0
-0.098466,-0.061067,0,1.38806,1.04737,0
-0.098464,-0.061067,0,1.38823,1.04755,0
-0.098464,-0.061067,0,1.38823,1.04755,0
-0.098465,-0.061067,0,1.38823,1.04755,0
-0.098465,-0.061067,0,1.38823,1.04755,0
-0.098465,-0.061066,0,1.38806,1.04755,0
-0.098465,-0.061066,0,1.38806,1.04755,0
-0.098465,-0.061066,0,1.38806,1.04755,0
-0.098465,-0.061066,0,1.38806,1.04755,0
-0.098465,-0.061066,0,1.38806,1.04755,0
-0.098465,-0.061066,0,1.38806,1.04755,0
-0.098465,-0.061066,0,1.38806,1.04755,0
-0.098465,-0.061066,0,1.38806,1.04755,0
-0.098465,-0.061066,0,1.38806,1.04755,0
-0.099139,-0.060833,0,1.42908,1.07879,0
-0.098769,-0.059753,0,1.52489,1.15576,0
-0.098766,-0.059741,0,1.52489,1.15593,0
-0.098772,-0.059778,0,1.52629,1.1575,0
-0.09877,-0.05977,0,1.52629,1.15698,0
-0.098785,-0.058461,0,1.5584,1.18403,0
-0.098785,-0.058448,0,1.5584,1.18421,0
-0.098771,-0.06016,0,1.59907,1.22208,0
-0.099488,-0.062452,0,1.53519,1.16937,0
-0.099488,-0.062467,0,1.53519,1.16937,0
-0.098257,-0.061706,0,1.69646,1.28718,0
-0.098243,-0.061704,0,1.69646,1.28735,0
-0.097911,-0.059891,0,1.65928,1.26065,0
-0.097911,-0.059879,0,1.65928,1.26065,0
-0.098995,-0.060424,0,1.56853,1.18805,0
-0.099009,-0.060427,0,1.56835,1.18805,0
-0.099946,-0.062764,0,1.60064,1.21475,0
-0.099946,-0.062777,0,1.60064,1.21475,0
-0.099357,-0.060844,0,1.66592,1.26275,0
-0.099356,-0.060832,0,1.66592,1.26275,0
-0.100449,-0.060352,0,1.7387,1.32121,0
-0.100462,-0.060351,0,1.7387,1.32156,0
-0.099312,-0.058653,0,1.71479,1.30027,0
-0.098164,-0.057148,0,1.8024,1.38282,0
-0.098156,-0.057133,0,1.80258,1.383,0
-0.098152,-0.057127,0,1.80258,1.38317,0
-0.098152,-0.057129,0,1.80258,1.38335,0
-0.099803,-0.060527,0,1.79577,1.37637,0
-0.097804,-0.058394,0,1.76767,1.35246,0
-0.097792,-0.058381,0,1.76767,1.35246,0
-0.098889,-0.057417,0,1.82369,1.40202,0
-0.098892,-0.057404,0,1.82369,1.40202,0
-0.097894,-0.057098,0,1.84342,1.42192,0
-0.097882,-0.057098,0,1.84342,1.42175,0
-0.099619,-0.060833,0,1.78442,1.36432,0
-0.099619,-0.060845,0,1.78442,1.36432,0
-0.099595,-0.059235,0,1.90555,1.46346,0
-0.099595,-0.059223,0,1.90555,1.46346,0
-0.101409,-0.059177,0,2.08497,1.62787,0
-0.101424,-0.059177,0,2.08497,1.62804,0
-0.0995,-0.058053,0,2.04361,1.58581,0
-0.099488,-0.058052,0,2.04361,1.58581,0
-0.099442,-0.058052,0,2.04151,1.58354,0
-0.099454,-0.058052,0,2.04204,1.58424,0
-0.099451,-0.058052,0,2.04238,1.58511,0
-0.099452,-0.058052,0,2.04204,1.58458,0
-0.099452,-0.058053,0,2.04204,1.58441,0
-0.099452,-0.058053,0,2.04204,1.58441,0
-0.099452,-0.058053,0,2.04204,1.58441,0
-0.099452,-0.058053,0,2.04204,1.58441,0
-0.099452,-0.058053,0,2.04204,1.58441,0
-0.099452,-0.058053,0,2.04204,1.58441,0
-0.099452,-0.058053,0,2.04204,1.58441,0
-0.099452,-0.058054,0,2.04204,1.58441,0
-0.099452,-0.058054,0,2.04204,1.58441,0
-0.099452,-0.058054,0,2.04204,1.58441,0
-0.099494,-0.058094,0,2.04238,1.58493,0
-0.099483,-0.058083,0,2.04221,1.58476,0
-0.099485,-0.058085,0,2.04221,1.58441,0
-0.099485,-0.058084,0,2.04221,1.58441,0
-0.099804,-0.058555,0,2.08951,1.63101,0
-0.099818,-0.058557,0,2.08986,1.63153,0
-0.099867,-0.0586,0,2.09125,1.6331,0
-0.099853,-0.058586,0,2.0909,1.63258,0
-0.099856,-0.058589,0,2.09073,1.63241,0
-0.099854,-0.058588,0,2.0909,1.63241,0
-0.099207,-0.058039,0,2.05827,1.60064,0
-0.099195,-0.058032,0,2.05827,1.60064,0
-0.0992,-0.058036,0,2.05827,1.60047,0
-0.099199,-0.058034,0,2.05827,1.60047,0
-0.099198,-0.058034,0,2.05827,1.60029,0
-0.099199,-0.058035,0,2.05827,1.60029,0
-0.099199,-0.058035,0,2.05827,1.60029,0
-0.100011,-0.059382,0,2.09893,1.63991,0
-0.100014,-0.059393,0,2.09911,1.64009,0
-0.100665,-0.060853,0,2.22128,1.75353,0
-0.100667,-0.060868,0,2.22128,1.75353,0
-0.10028,-0.059595,0,2.17328,1.71199,0
-0.100279,-0.059592,0,2.17311,1.71199,0
-0.100279,-0.059593,0,2.17311,1.71182,0
-0.100279,-0.059594,0,2.17311,1.71182,0
-0.100289,-0.059554,0,2.17206,1.71077,0
-0.100287,-0.059567,0,2.17241,1.71112,0
-0.100287,-0.059565,0,2.17259,1.71147,0
-0.100287,-0.059566,0,2.17259,1.71147,0
-0.101169,-0.059451,0,2.25514,1.78809,0
-0.101179,-0.05945,0,2.25514,1.78809,0
-0.101181,-0.05945,0,2.25549,1.78861,0
-0.101021,-0.058323,0,2.29476,1.82719,0
-0.10102,-0.05831,0,2.29476,1.82719,0
-0.100183,-0.058676,0,2.26509,1.79594,0
-0.100176,-0.058691,0,2.26509,1.79559,0
-0.098721,-0.05646,0,2.1382,1.6708,0
-0.102104,-0.059967,0,2.42444,1.97676,0
-0.102115,-0.059979,0,2.42444,1.97676,0
-0.100637,-0.058829,0,2.26893,1.82055,0
-0.100623,-0.058819,0,2.26875,1.82055,0
-0.100626,-0.058821,0,2.26875,1.8202,0
-0.100626,-0.058821,0,2.26875,1.8202,0
-0.100624,-0.05882,0,2.26858,1.8202,0
-0.100624,-0.05882,0,2.26858,1.8202,0
-0.100624,-0.05882,0,2.26858,1.8202,0
-0.100624,-0.05882,0,2.26858,1.8202,0
-0.100624,-0.05882,0,2.26858,1.8202,0
-0.100625,-0.05882,0,2.26858,1.8202,0
-0.100625,-0.05882,0,2.26858,1.8202,0
-0.100928,-0.058557,0,2.3719,1.92248,0
-0.101118,-0.058926,0,2.47435,2.02842,0
-0.101125,-0.058941,0,2.47627,2.03069,0
-0.100525,-0.057697,0,2.53841,2.09457,0
-0.100523,-0.057685,0,2.53841,2.09457,0
-0.101348,-0.057628,0,2.59181,2.15251,0
-0.10136,-0.057621,0,2.59181,2.15269,0
-0.102272,-0.058759,0,2.66634,2.23856,0
-0.102276,-0.05877,0,2.66651,2.23873,0
-0.100903,-0.058344,0,2.45097,1.9984,0
-0.100886,-0.058344,0,2.45097,1.99823,0
-0.100237,-0.059443,0,2.32164,1.86192,0
-0.100231,-0.059459,0,2.32129,1.86157,0
-0.101417,-0.058511,0,2.40437,1.93906,0
-0.101431,-0.058506,0,2.40454,1.93924,0
-0.101881,-0.057513,0,2.49739,2.03942,0
-0.101882,-0.057511,0,2.49774,2.03959,0
-0.101882,-0.057511,0,2.49774,2.03959,0
-0.10167,-0.056755,0,2.56371,2.119,0
-0.10167,-0.056741,0,2.56389,2.11918,0
-0.10162,-0.056784,0,2.56476,2.12023,0
-0.101637,-0.056769,0,2.56441,2.1197,0
-0.101648,-0.059008,0,2.58396,2.14431,0
-0.101648,-0.05902,0,2.58396,2.14431,0
-0.10121,-0.059352,0,2.52846,2.08637,0
-0.101199,-0.059357,0,2.52811,2.08549,0
-0.101202,-0.059356,0,2.52776,2.08532,0
-0.101201,-0.059357,0,2.52793,2.08532,0
-0.101202,-0.059358,0,2.52811,2.08532,0
-0.101202,-0.059358,0,2.52811,2.08532,0
-0.101202,-0.059359,0,2.52811,2.08532,0
-0.101202,-0.059359,0,2.52811,2.08532,0
-0.101202,-0.059359,0,2.52793,2.08532,0
-0.101737,-0.058713,0,2.56424,2.1218,0
-0.101747,-0.0587,0,2.56424,2.12197,0
-0.102361,-0.058361,0,2.61049,2.17206,0
-0.102375,-0.058349,0,2.61049,2.17224,0
-0.102366,-0.058306,0,2.61119,2.17311,0
-0.102369,-0.058319,0,2.61084,2.17293,0
-0.102331,-0.058357,0,2.61101,2.17346,0
-0.10234,-0.058347,0,2.61101,2.17328,0
-0.102338,-0.058349,0,2.61066,2.17311,0
-0.102338,-0.058349,0,2.61066,2.17311,0
-0.102339,-0.058349,0,2.61066,2.17311,0
-0.102186,-0.058332,0,2.69112,2.26422,0
-0.102186,-0.05833,0,2.69287,2.26718,0
-0.1018,-0.057288,0,2.75238,2.33543,0
-0.101798,-0.057272,0,2.75238,2.33543,0
-0.102041,-0.058608,0,2.70002,2.27172,0
-0.102041,-0.058621,0,2.70002,2.27172,0
-0.100848,-0.058277,0,2.62288,2.18568,0
-0.100831,-0.058277,0,2.62288,2.18568,0
-0.101034,-0.058042,0,2.58152,2.14274,0
-0.101043,-0.058072,0,2.58047,2.14134,0
-0.10249,-0.05797,0,2.63754,2.20365,0
-0.102505,-0.057969,0,2.63754,2.20365,0
-0.102431,-0.058385,0,2.68955,2.26614,0
-0.102417,-0.058388,0,2.68955,2.26631,0
-0.101767,-0.057991,0,2.73807,2.32251,0
-0.101753,-0.057987,0,2.73825,2.32268,0
-0.102171,-0.0596,0,2.79183,2.38412,0
-0.102171,-0.059612,0,2.79183,2.38412,0
-0.102172,-0.059606,0,2.79183,2.38429,0
-0.102171,-0.059609,0,2.79183,2.38429,0
-0.102124,-0.059567,0,2.78991,2.38203,0
-0.102136,-0.059578,0,2.79043,2.3829,0
-0.102135,-0.059577,0,2.79043,2.38325,0
-0.102135,-0.059577,0,2.79043,2.38325,0
-0.102128,-0.059618,0,2.7934,2.38639,0
-0.102131,-0.059604,0,2.79235,2.38552,0
-0.10232,-0.056174,0,2.74174,2.33281,0
-0.10232,-0.056161,0,2.74174,2.33281,0
-0.102456,-0.057493,0,2.81661,2.43596,0
-0.100771,-0.06197,0,2.92011,2.58815,0
-0.100771,-0.061984,0,2.92011,2.58815,0
-0.10206,-0.062439,0,2.8044,2.4939,0
-0.102077,-0.06244,0,2.80422,2.49355,0
-0.102909,-0.058169,0,2.78205,2.4747,0
-0.102909,-0.058154,0,2.78205,2.4747,0
-0.103396,-0.058029,0,2.89271,2.60962,0
-0.103409,-0.058029,0,2.89323,2.61066,0
-0.103086,-0.058609,0,2.96357,2.70055,0
-0.103074,-0.058614,0,2.96357,2.70107,0
-0.102258,-0.059236,0,2.99603,2.73982,0
-0.102246,-0.05924,0,2.99603,2.73982,0
-0.102099,-0.059711,0,2.88259,2.6166,0
-0.102086,-0.059713,0,2.88241,2.61607,0
-0.102818,-0.059084,0,2.90056,2.63527,0
-0.10283,-0.059078,0,2.90074,2.63527,0
-0.104143,-0.056426,0,2.92866,2.66721,0
-0.104143,-0.056413,0,2.92866,2.66721,0
-0.103448,-0.056825,0,2.97003,2.73092,0
-0.103435,-0.056836,0,2.97003,2.73092,0
-0.101787,-0.056309,0,2.95292,2.70683,0
-0.102502,-0.056997,0,3.01191,2.78485,0
-0.102515,-0.057006,0,3.01209,2.7852,0
-0.102513,-0.057004,0,3.01209,2.78555,0
-0.102514,-0.057005,0,3.01209,2.78555,0
-0.103513,-0.060137,0,3.02116,2.79724,0
-0.103513,-0.06015,0,3.02116,2.79724,0
-0.103472,-0.055023,0,3.05642,2.83633,0
-0.103472,-0.055009,0,3.05642,2.83633,0
-0.103344,-0.056518,0,3.10407,2.91522,0
-0.103343,-0.056533,0,3.10407,2.91522,0
-0.098016,-0.063204,0,2.96863,2.64644,0
-0.097211,-0.063502,0,2.99411,2.66302,0
-0.097196,-0.063503,0,2.99411,2.66302,0
-0.105016,-0.061312,0,3.2128,2.82342,0
-0.105031,-0.061312,0,3.2128,2.82342,0
-0.104255,-0.057,0,3.36901,2.99411,0
-0.104255,-0.056989,0,3.36901,2.99411,0
-0.103414,-0.059169,0,3.34981,2.96549,0
-0.103414,-0.059182,0,3.34981,2.96549,0
-0.10315,-0.060057,0,3.38716,3.00877,0
-0.103148,-0.06007,0,3.38716,3.00895,0
-0.102963,-0.058652,0,3.45331,3.07981,0
-0.102962,-0.058638,0,3.45331,3.07981,0
-0.103715,-0.057322,0,3.47513,3.10581,0
-0.103719,-0.057307,0,3.47513,3.10581,0
-0.103954,-0.058892,0,3.38699,2.98416,0
-0.103954,-0.058904,0,3.38699,2.98399,0
-0.104009,-0.062116,0,3.47914,3.09778,0
-0.110116,-0.071425,0,3.46483,3.08417,0
-0.110116,-0.071438,0,3.46483,3.08417,0
-0.104434,-0.06335,0,3.6137,3.18575,0
-0.104434,-0.063337,0,3.6137,3.18575,0
-0.103585,-0.060986,0,3.62784,3.19849,0
-0.103585,-0.060975,0,3.62784,3.19849,0
-0.104381,-0.060331,0,3.79923,3.37285,0
-0.104384,-0.060317,0,3.79923,3.37337,0
-0.101725,-0.063183,0,3.55524,3.08592,0
-0.101713,-0.063198,0,3.55524,3.08592,0
-0.105437,-0.061284,0,3.91111,3.38786,0
-0.105447,-0.061284,0,3.91111,3.38786,0
-0.104993,-0.059769,0,3.8666,3.33881,0
-0.104992,-0.059756,0,3.8666,3.33881,0
-0.104153,-0.0599,0,3.79801,3.25574,0
-0.10414,-0.059899,0,3.79801,3.25574,0
-0.104418,-0.065609,0,3.51125,2.93111,0
-0.104418,-0.065624,0,3.51125,2.93111,0
-0.105943,-0.060581,0,4.04079,3.38053,0
-0.105943,-0.060567,0,4.04079,3.38053,0
-0.104687,-0.059306,0,4.04759,3.38873,0
-0.104684,-0.059292,0,4.04759,3.38873,0
-0.105123,-0.064147,0,4.03782,3.37669,0
-0.105123,-0.06416,0,4.03782,3.37669,0
-0.103238,-0.064936,0,3.88807,3.25068,0
-0.103224,-0.064936,0,3.88807,3.25068,0
-0.099981,-0.068688,0,3.54529,3.00441,0
-0.099976,-0.068704,0,3.54529,3.00441,0
-0.107758,-0.063113,0,4.21881,3.44807,0
-0.10777,-0.063113,0,4.21881,3.44807,0
-0.104804,-0.063864,0,4.27082,3.5027,0
-0.104791,-0.063864,0,4.27082,3.5027,0
-0.104782,-0.063869,0,4.27798,3.50933,0
-0.104784,-0.063868,0,4.27571,3.50706,0
-0.104784,-0.063869,0,4.27641,3.50811,0
-0.104784,-0.063869,0,4.27641,3.50811,0
-0.10531,-0.064131,0,4.3642,3.58019,0
-0.105322,-0.064138,0,4.36489,3.58072,0
-0.105189,-0.066703,0,4.28635,3.51562,0
-0.105189,-0.066714,0,4.28635,3.51562,0
-0.104159,-0.06343,0,4.03276,3.34423,0
-0.104159,-0.063414,0,4.03276,3.34423,0
-0.106154,-0.062664,0,4.31672,3.58229,0
-0.106173,-0.062664,0,4.3169,3.58229,0
-0.105965,-0.061109,0,4.46892,3.73326,0
-0.105964,-0.061096,0,4.46892,3.73343,0
-0.104309,-0.063465,0,4.23365,3.47059,0
-0.104308,-0.063477,0,4.23365,3.47059,0
-0.105582,-0.063636,0,4.35425,3.57042,0
-0.105597,-0.063636,0,4.35442,3.57042,0
-0.106052,-0.063277,0,4.46019,3.66257,0
-0.106062,-0.063265,0,4.46089,3.66362,0
-0.10566,-0.06368,0,4.5204,3.71842,0
-0.105646,-0.06369,0,4.5204,3.71877,0
-0.105636,-0.063652,0,4.52389,3.72244,0
-0.105639,-0.063668,0,4.52232,3.72069,0
-0.105592,-0.064944,0,4.6815,3.85927,0
-0.105594,-0.064959,0,4.68167,3.85962,0
-0.105228,-0.06478,0,4.4752,3.69888,0
-0.105224,-0.064766,0,4.47433,3.698,0
-0.105772,-0.066341,0,4.37467,3.61964,0
-0.105773,-0.066354,0,4.37467,3.61964,0
-0.104817,-0.064381,0,4.49318,3.70516,0
-0.104816,-0.064365,0,4.49318,3.70516,0
-0.105769,-0.063801,0,4.56439,3.76118,0
-0.105775,-0.063787,0,4.56439,3.76118,0
-0.10593,-0.061934,0,4.68429,3.86556,0
-0.10593,-0.061921,0,4.68429,3.86556,0
-0.106494,-0.06451,0,4.62809,3.80813,0
-0.104855,-0.063438,0,4.68027,3.85264,0
-0.104842,-0.063437,0,4.68027,3.85264,0
-0.105618,-0.066574,0,4.60697,3.79103,0
-0.105619,-0.066589,0,4.60697,3.79103,0
-0.106458,-0.067044,0,4.70541,3.85875,0
-0.106472,-0.067046,0,4.70593,3.85892,0
-0.106464,-0.067041,0,4.71274,3.86486,0
-0.106467,-0.067042,0,4.71082,3.86311,0
-0.106467,-0.067043,0,4.71152,3.86346,0
-0.106467,-0.067043,0,4.71152,3.86346,0
-0.106468,-0.067043,0,4.71117,3.86346,0
-0.106468,-0.067043,0,4.71117,3.86346,0
-0.106468,-0.067043,0,4.71117,3.86346,0
-0.106468,-0.067043,0,4.71117,3.86346,0
-0.106468,-0.067043,0,4.71117,3.86346,0
-0.106468,-0.067043,0,4.71117,3.86346,0
-0.106468,-0.067043,0,4.71117,3.86346,0
-0.106468,-0.067043,0,4.71117,3.86346,0
-0.105926,-0.065115,0,4.77732,3.90901,0
-0.105926,-0.065099,0,4.77732,3.90901,0
-0.106852,-0.065839,0,4.83421,3.953,0
-0.106854,-0.06585,0,4.83421,3.953,0
-0.106983,-0.066897,0,4.70523,3.85439,0
-0.106983,-0.06691,0,4.70488,3.85421,0
-0.106235,-0.067079,0,4.76318,3.89592,0
-0.106221,-0.067079,0,4.76353,3.8961,0
-0.107637,-0.064313,0,4.82217,3.93554,0
-0.107642,-0.064299,0,4.82217,3.93554,0
-0.107137,-0.064615,0,4.9412,4.04375,0
-0.107121,-0.064618,0,4.94225,4.04498,0
-0.106391,-0.066456,0,5.04435,4.13224,0
-0.106391,-0.06647,0,5.04435,4.13242,0
-0.105965,-0.069137,0,4.79704,3.95928,0
-0.105376,-0.071966,0,4.61709,3.85648,0
-0.105375,-0.071981,0,4.61709,3.85648,0
-0.106452,-0.070152,0,4.88954,3.98738,0
-0.106455,-0.070136,0,4.88989,3.98738,0
-0.107588,-0.067979,0,5.09915,4.10292,0
-0.107589,-0.067976,0,5.09933,4.10292,0
-0.107589,-0.067976,0,5.09933,4.10292,0
-0.107637,-0.067946,0,5.09985,4.10344,0
-0.107625,-0.067952,0,5.09985,4.10344,0
-0.107626,-0.067952,0,5.09968,4.10309,0
-0.107626,-0.067952,0,5.09968,4.10309,0
-0.107626,-0.067952,0,5.09968,4.10309,0
-0.107626,-0.067952,0,5.09968,4.10309,0
-0.107581,-0.067993,0,5.09863,4.10222,0
-0.107595,-0.067979,0,5.09898,4.10275,0
-0.106814,-0.067409,0,5.14645,4.13311,0
-0.106803,-0.067406,0,5.14645,4.13311,0
-0.106803,-0.067405,0,5.14663,4.13329,0
-0.10665,-0.069109,0,5.05988,4.07831,0
-0.10576,-0.068649,0,5.2044,4.15877,0
-0.105756,-0.068648,0,5.20492,4.15895,0
-0.105756,-0.068648,0,5.20492,4.15895,0
-0.107023,-0.069675,0,5.2503,4.18321,0
-0.107037,-0.069679,0,5.2503,4.18321,0
-0.10708,-0.069684,0,5.2517,4.18443,0
-0.107065,-0.069683,0,5.25135,4.18408,0
-0.107069,-0.070978,0,5.15169,4.13259,0
-0.107066,-0.070992,0,5.15169,4.13259,0
-0.105668,-0.070273,0,5.0831,4.09995,0
-0.105654,-0.070269,0,5.0831,4.10013,0
-0.107464,-0.071399,0,5.24122,4.17622,0
-0.107477,-0.0714,0,5.2414,4.17622,0
-0.107402,-0.071998,0,5.17001,4.14394,0
-0.107401,-0.072009,0,5.16984,4.14359,0
-0.107401,-0.072008,0,5.16967,4.14324,0
-0.107401,-0.072008,0,5.16967,4.14324,0
-0.107401,-0.072008,0,5.16984,4.14324,0
-0.107401,-0.072008,0,5.16984,4.14324,0
-0.107401,-0.072008,0,5.16984,4.14324,0
-0.107401,-0.072008,0,5.16984,4.14324,0
-0.106981,-0.071763,0,5.24873,4.17814,0
-0.106967,-0.071758,0,5.2489,4.17832,0
-0.106703,-0.072513,0,5.30912,4.20432,0
-0.106703,-0.07253,0,5.30912,4.20432,0
-0.107675,-0.073321,0,5.3606,4.22422,0
-0.107688,-0.073327,0,5.3606,4.22422,0
-0.107686,-0.073325,0,5.36043,4.22405,0
-0.107687,-0.073325,0,5.36043,4.22405,0
-0.107688,-0.073326,0,5.36043,4.22405,0
-0.107688,-0.073326,0,5.36043,4.22387,0
-0.107689,-0.073326,0,5.36043,4.22387,0
-0.107689,-0.073326,0,5.36043,4.22387,0
-0.107689,-0.073326,0,5.36043,4.22387,0
-0.107689,-0.073326,0,5.36043,4.22387,0
-0.107689,-0.073326,0,5.36043,4.22387,0
-0.107664,-0.073485,0,5.44229,4.25424,0
-0.10767,-0.073499,0,5.44508,4.25529,0
-0.107713,-0.07354,0,5.4456,4.25546,0
-0.107701,-0.073528,0,5.44543,4.25546,0
-0.110289,-0.075485,0,5.4264,4.24883,0
-0.110301,-0.075486,0,5.4264,4.24883,0
-0.107766,-0.073629,0,5.40162,4.2408,0
-0.107752,-0.073628,0,5.40162,4.2408,0
-0.107741,-0.073668,0,5.39987,4.2401,0
-0.107745,-0.073655,0,5.40057,4.24028,0
-0.107457,-0.073438,0,5.4566,4.26,0
-0.107451,-0.073422,0,5.45642,4.25983,0
-0.107336,-0.073349,0,5.52065,4.28182,0
-0.107317,-0.073323,0,5.52292,4.28269,0
-0.10737,-0.074418,0,5.56219,4.29543,0
-0.10737,-0.07443,0,5.56219,4.29543,0
-0.108305,-0.074847,0,5.48295,4.27292,0
-0.108319,-0.074849,0,5.48295,4.27292,0
-0.107545,-0.074539,0,5.37841,4.24098,0
-0.107531,-0.074531,0,5.37823,4.24098,0
-0.107502,-0.075087,0,5.45939,4.26785,0
-0.108157,-0.075176,0,5.4196,4.25599,0
-0.108169,-0.075176,0,5.41942,4.25599,0
-0.108426,-0.075556,0,5.49046,4.27815,0
-0.108429,-0.075569,0,5.49098,4.27815,0
-0.108469,-0.075607,0,5.4915,4.27833,0
-0.108459,-0.075597,0,5.4915,4.27833,0
-0.107543,-0.075536,0,5.53566,4.29072,0
-0.107527,-0.075536,0,5.53584,4.29072,0
-0.107838,-0.075776,0,5.6142,4.31149,0
-0.107852,-0.07578,0,5.61682,4.31201,0
-0.107103,-0.076016,0,5.78472,4.35215,0
-0.107092,-0.076016,0,5.78559,4.35233,0
-0.107013,-0.07473,0,5.67005,4.33208,0
-0.107013,-0.074717,0,5.66988,4.33208,0
-0.107852,-0.075489,0,5.55573,4.30381,0
-0.107865,-0.075496,0,5.55556,4.30381,0
-0.107865,-0.075495,0,5.55521,4.30398,0
-0.108401,-0.076748,0,5.60565,4.31742,0
-0.108402,-0.076761,0,5.60565,4.31742,0
-0.107876,-0.077437,0,5.6882,4.33627,0
-0.107868,-0.077448,0,5.68855,4.33627,0
-0.10787,-0.077446,0,5.6889,4.33645,0
-0.10787,-0.077446,0,5.68873,4.33645,0
-0.107869,-0.077447,0,5.68873,4.33645,0
-0.107869,-0.077447,0,5.68873,4.33645,0
-0.107869,-0.077447,0,5.68873,4.33645,0
-0.107869,-0.077447,0,5.68873,4.33645,0
-0.107869,-0.077447,0,5.68873,4.33645,0
-0.10787,-0.077447,0,5.68873,4.33645,0
-0.107992,-0.077632,0,5.74074,4.34587,0
-0.108009,-0.077639,0,5.74318,4.34622,0
-0.108009,-0.077639,0,5.74248,4.34692,0
-0.108009,-0.077639,0,5.74283,4.34692,0
-0.108009,-0.077639,0,5.74301,4.34674,0
-0.108208,-0.078001,0,5.80793,4.35739,0
-0.108234,-0.078034,0,5.80968,4.35774,0
-0.108234,-0.078035,0,5.80985,4.35774,0
-0.108234,-0.078036,0,5.80985,4.35774,0
-0.108234,-0.078036,0,5.80985,4.35774,0
-0.10815,-0.078125,0,5.83464,4.36088,0
-0.108147,-0.078129,0,5.83533,4.36105,0
-0.108147,-0.078129,0,5.83533,4.3614,0
-0.108147,-0.078129,0,5.83533,4.3614,0
-0.109106,-0.078138,0,5.77687,4.35407,0
-0.109023,-0.078619,0,5.72136,4.3457,0
-0.109018,-0.078655,0,5.71997,4.34552,0
-0.108839,-0.078832,0,5.69536,4.34517,0
-0.108836,-0.078837,0,5.75173,4.35826,0
-0.108836,-0.078837,0,5.78367,4.36612,0
-0.108837,-0.078837,0,5.78978,4.36838,0
-0.108837,-0.078837,0,5.85226,4.37938,0
-0.108837,-0.078837,0,5.86308,4.38305,0
-0.108837,-0.078837,0,5.91352,4.39177,0
-0.108837,-0.078837,0,5.90794,4.39282,0
-0.108837,-0.078837,0,5.96466,4.40015,0
-0.108837,-0.078837,0,5.97042,4.40067,0
-0.108837,-0.078837,0,6.07636,4.41464,0
-0.108837,-0.078837,0,6.02662,4.41202,0
-0.108837,-0.078837,0,6.11581,4.42493,0
-0.108837,-0.078837,0,6.11179,4.42266,0
-0.108837,-0.078837,0,6.1755,4.43279,0
-0.1088,-0.078808,0,6.23048,4.44308,0
-0.10881,-0.078816,0,6.23275,4.44186,0
-0.110115,-0.078813,0,6.01056,4.44675,0
-0.110127,-0.078813,0,6.01022,4.44675,0
-0.109221,-0.079599,0,5.85924,4.43471,0
-0.109179,-0.079616,0,5.85837,4.43471,0
-0.109383,-0.079429,0,5.92365,4.44745,0
-0.109406,-0.079406,0,5.98107,4.45617,0
-0.109406,-0.079406,0,5.98718,4.45705,0
-0.109407,-0.079406,0,5.98107,4.45792,0
-0.109407,-0.079406,0,5.9966,4.46141,0
-0.109407,-0.079406,0,5.99276,4.46316,0
-0.109407,-0.079406,0,6.0898,4.47817,0
-0.109407,-0.079406,0,6.10254,4.48305,0
-0.109407,-0.079406,0,6.12436,4.49073,0
-0.109407,-0.079406,0,6.12995,4.49248,0
-0.109407,-0.079406,0,6.22105,4.50487,0
-0.109407,-0.079406,0,6.22332,4.50539,0
-0.109407,-0.079406,0,6.2591,4.51255,0
-0.109407,-0.079406,0,6.26329,4.51307,0
-0.109407,-0.079406,0,0.0542797,4.52023,0
-0.096131,-0.066116,0,0.93218,5.84197,0
-0.096083,-0.066082,0,0.93218,5.84197,0
-0.106625,-0.076641,0,-0.327773,5.04156,0
-0.106645,-0.076655,0,-0.327773,5.04156,0
-0.110045,-0.079988,0,-0.474206,4.9974,0
-0.110055,-0.079995,0,-0.474206,4.9974,0
-0.110054,-0.079995,0,-0.474206,4.9974,0
-0.110054,-0.079995,0,-0.474206,4.99758,0
-0.110048,-0.080001,0,-0.467574,5.00019,0
-0.110049,-0.08,0,-0.470192,4.9995,0
-0.110049,-0.08,0,-0.469319,4.9995,0
-0.110049,-0.08,0,-0.469668,4.9995,0
-0.110631,-0.079984,0,-0.399506,5.02114,0
-0.110645,-0.079983,0,-0.399157,5.02131,0
-0.111165,-0.079658,0,-0.0996583,5.11102,0
-0.11117,-0.079656,0,-0.0972148,5.11137,0
-0.109971,-0.079317,0,0.129678,5.16914,0
-0.109958,-0.079316,0,0.129852,5.16914,0
-0.110734,-0.079075,0,-0.00139626,5.14383,0
-0.110751,-0.079073,0,-0.00226893,5.14366,0
-0.11032,-0.078884,0,-0.0670206,5.12795,0
-0.110307,-0.078882,0,-0.0689405,5.12743,0
-0.110258,-0.078925,0,-0.0692896,5.12725,0
-0.110271,-0.078912,0,-0.0692896,5.12725,0
-0.110269,-0.078916,0,-0.069115,5.12743,0
-0.110269,-0.078915,0,-0.069115,5.12743,0
-0.11027,-0.078915,0,-0.069115,5.12743,0
-0.11027,-0.078915,0,-0.069115,5.12743,0
-0.11027,-0.078915,0,-0.069115,5.12743,0
-0.11027,-0.078915,0,-0.069115,5.12743,0
-0.11027,-0.078915,0,-0.069115,5.12743,0
-0.110263,-0.078957,0,-0.0680678,5.12795,0
-0.110263,-0.078947,0,-0.0682424,5.12795,0
-0.110265,-0.078949,0,-0.0685914,5.12743,0
-0.110265,-0.078949,0,-0.0685914,5.12743,0
-0.110265,-0.078949,0,-0.0684169,5.12743,0
-0.110265,-0.078949,0,-0.0684169,5.12743,0
-0.110265,-0.078949,0,-0.0684169,5.12743,0
-0.110265,-0.078949,0,-0.0684169,5.12743,0
-0.110959,-0.079405,0,-0.00750492,5.14314,0
-0.111195,-0.080608,0,0.079587,5.16408,0
-0.111195,-0.080621,0,0.079587,5.16408,0
-0.111241,-0.080631,0,0.0767945,5.16303,0
-0.111225,-0.080627,0,0.0776672,5.16338,0
-0.111178,-0.080586,0,0.0806342,5.16391,0
-0.111188,-0.080598,0,0.079587,5.16373,0
-0.111186,-0.080594,0,0.0797615,5.16356,0
-0.111187,-0.080596,0,0.0797615,5.16356,0
-0.111187,-0.080596,0,0.0797615,5.16338,0
-0.111187,-0.080595,0,0.0797615,5.16321,0
-0.111187,-0.080595,0,0.0797615,5.16303,0
-0.111187,-0.080595,0,0.0797615,5.16303,0
-0.110901,-0.080723,0,0.133343,5.1735,0
-0.110877,-0.080761,0,0.134739,5.1735,0
-0.110877,-0.080762,0,0.134914,5.17368,0
-0.110823,-0.080765,0,0.198444,5.18433,0
-0.110822,-0.080763,0,0.200189,5.18433,0
-0.110823,-0.080763,0,0.19984,5.18502,0
-0.110823,-0.080763,0,0.19984,5.18502,0
-0.110824,-0.080763,0,0.19984,5.18485,0
-0.110824,-0.080763,0,0.19984,5.18485,0
-0.110824,-0.080763,0,0.19984,5.18485,0
-0.110825,-0.080763,0,0.19984,5.18485,0
-0.110825,-0.080763,0,0.19984,5.18468,0
-0.110825,-0.080763,0,0.19984,5.18468,0
-0.110799,-0.080793,0,0.241205,5.19061,0
-0.110797,-0.080794,0,0.24295,5.19096,0
-0.110753,-0.080755,0,0.246091,5.19183,0
-0.110764,-0.080766,0,0.245568,5.19148,0
-0.110763,-0.080765,0,0.245568,5.19113,0
-0.110764,-0.080765,0,0.245568,5.19113,0
-0.110765,-0.080766,0,0.245742,5.19113,0
-0.110765,-0.080766,0,0.245742,5.19113,0
-0.110766,-0.080766,0,0.245742,5.19113,0
-0.110766,-0.080766,0,0.245742,5.19113,0
-0.110766,-0.080766,0,0.245742,5.19113,0
-0.110767,-0.080766,0,0.245742,5.19113,0
-0.110767,-0.080766,0,0.245742,5.19113,0
-0.110767,-0.080766,0,0.245742,5.19113,0
-0.110767,-0.080766,0,0.245742,5.19113,0
-0.110768,-0.080766,0,0.245742,5.19113,0
-0.110768,-0.080767,0,0.280474,5.19567,0
-0.110768,-0.080767,0,0.281696,5.19585,0
-0.110768,-0.080768,0,0.327598,5.2016,0
-0.110768,-0.080768,0,0.329169,5.20178,0
-0.110823,-0.080769,0,0.365646,5.20562,0
-0.110783,-0.080769,0,0.378387,5.20963,0
-0.11079,-0.08079,0,0.396539,5.21225,0
-0.110779,-0.080779,0,0.463036,5.22237,0
-0.111874,-0.081361,0,0.568628,5.22866,0
-0.111887,-0.081362,0,0.568628,5.22866,0
-0.112969,-0.08095,0,0.557633,5.22796,0
-0.112985,-0.080949,0,0.557633,5.22796,0
-0.111411,-0.080379,0,0.307178,5.2215,0
-0.111367,-0.080378,0,0.306654,5.2215,0
-0.111366,-0.080378,0,0.306654,5.2215,0
-0.111321,-0.080421,0,0.307876,5.22168,0
-0.111362,-0.080382,0,0.306654,5.22115,0
-0.110824,-0.080806,0,0.339467,5.23058,0
-0.110822,-0.080809,0,0.338419,5.23093,0
-0.111072,-0.080956,0,0.391303,5.23669,0
-0.111087,-0.080962,0,0.392175,5.23686,0
-0.111951,-0.081722,0,0.433889,5.24087,0
-0.111963,-0.081729,0,0.433889,5.24087,0
-0.111961,-0.081729,0,0.434063,5.24105,0
-0.111865,-0.08183,0,0.463734,5.24629,0
-0.111856,-0.081838,0,0.466003,5.24663,0
-0.111848,-0.081847,0,0.533198,5.26653,0
-0.111848,-0.081847,0,0.536165,5.26688,0
-0.111848,-0.081848,0,0.597426,5.28276,0
-0.111848,-0.081848,0,0.599695,5.28311,0
-0.111848,-0.081849,0,0.662876,5.29847,0
-0.111848,-0.081849,0,0.730595,5.34228,0
-0.111848,-0.081849,0,0.734435,5.3449,0
-0.111848,-0.081849,0,0.78854,5.38731,0
-0.111848,-0.081849,0,0.836885,5.45712,0
-0.111848,-0.081849,0,0.839154,5.46183,0
-0.111848,-0.081849,0,0.870745,5.48103,0
-0.111848,-0.081849,0,0.893958,5.51524,0
-0.111848,-0.081849,0,0.896052,5.51681,0
-0.111848,-0.081849,0,0.895354,5.51768,0
-0.111848,-0.08185,0,0.895179,5.51699,0
-0.111849,-0.08185,0,0.895354,5.51699,0
-0.111849,-0.081851,0,0.895354,5.51699,0
-0.11185,-0.081851,0,0.890467,5.51768,0
-0.11185,-0.081851,0,0.890292,5.51786,0
-0.111851,-0.081852,0,0.890118,5.51838,0
-0.111851,-0.081852,0,0.890118,5.51838,0
-0.111851,-0.081852,0,0.890292,5.51838,0
-0.111852,-0.081853,0,0.890292,5.51838,0
-0.1121,-0.081466,0,0.856782,5.51053,0
-0.112108,-0.081452,0,0.856259,5.51035,0
-0.112213,-0.081262,0,0.792379,5.50739,0
-0.11266,-0.080567,0,0.711745,5.50407,0
-0.112667,-0.080552,0,0.711571,5.5039,0
-0.112693,-0.080023,0,0.587129,5.49307,0
-0.112699,-0.080007,0,0.586954,5.4929,0
-0.111803,-0.08012,0,0.48398,5.47772,0
-0.111788,-0.08012,0,0.483631,5.47754,0
-0.111278,-0.08112,0,0.554142,5.48993,0
-0.111265,-0.081124,0,0.554142,5.48993,0
-0.111315,-0.081129,0,0.553444,5.48958,0
-0.111303,-0.081128,0,0.553618,5.48993,0
-0.111283,-0.080272,0,0.605804,5.49639,0
-0.111283,-0.08026,0,0.605978,5.49657,0
-0.112332,-0.081193,0,0.718378,5.51088,0
-0.112344,-0.081199,0,0.718552,5.51088,0
-0.11323,-0.081899,0,0.760614,5.51402,0
-0.112239,-0.08195,0,0.74159,5.50599,0
-0.11223,-0.08195,0,0.74159,5.50599,0
-0.112229,-0.081951,0,0.741416,5.50582,0
-0.112229,-0.081951,0,0.741416,5.50582,0
-0.111953,-0.081928,0,0.695688,5.43251,0
-0.111946,-0.081931,0,0.695688,5.43234,0
-0.111945,-0.081931,0,0.695339,5.43199,0
-0.111945,-0.081931,0,0.695339,5.43199,0
-0.111946,-0.081931,0,0.695339,5.43199,0
-0.111946,-0.081931,0,0.695339,5.43199,0
-0.111946,-0.081931,0,0.695339,5.43199,0
-0.111946,-0.081931,0,0.695339,5.43199,0
-0.111946,-0.081931,0,0.695339,5.43199,0
-0.111946,-0.081931,0,0.695339,5.43199,0
-0.111946,-0.081931,0,0.695339,5.43199,0
-0.111946,-0.081931,0,0.695339,5.43199,0
-0.111946,-0.081931,0,0.695339,5.43199,0
-0.111946,-0.081931,0,0.695339,5.43199,0
-0.112547,-0.081939,0,0.770388,5.47545,0
-0.11256,-0.081939,0,0.771086,5.47562,0
-0.112558,-0.081939,0,0.771261,5.47597,0
-0.112558,-0.081939,0,0.771261,5.47597,0
-0.112559,-0.081939,0,0.771086,5.47597,0
-0.112559,-0.081939,0,0.771086,5.47597,0
-0.112559,-0.081939,0,0.771086,5.47597,0
-0.112559,-0.081939,0,0.771086,5.47597,0
-0.113341,-0.08197,0,0.898321,5.56184,0
-0.113354,-0.08197,0,0.899019,5.56202,0
-0.112582,-0.081977,0,0.833395,5.46707,0
-0.112561,-0.081981,0,0.833046,5.46672,0
-0.112621,-0.081984,0,0.832173,5.46881,0
-0.112584,-0.081983,0,0.832697,5.46724,0
-0.112179,-0.081996,0,0.864287,5.57249,0
-0.112177,-0.081996,0,0.86516,5.57388,0
-0.112177,-0.081996,0,0.864636,5.57388,0
-0.112219,-0.081997,0,0.866207,5.57842,0
-0.11221,-0.081997,0,0.866032,5.57737,0
-0.112008,-0.081999,0,0.814545,5.31819,0
-0.112007,-0.081999,0,0.814022,5.31383,0
-0.112005,-0.081999,0,0.814022,5.31191,0
-0.114313,-0.073914,0,1.13324,6.15438,0
-0.114313,-0.073901,0,1.13324,6.15438,0
-0.114086,-0.075502,0,1.0355,6.11075,0
-0.114086,-0.075514,0,1.03533,6.11075,0
-0.111838,-0.07675,0,0.9341,6.07165,0
-0.111821,-0.076751,0,0.9341,6.07165,0
-0.11381,-0.077796,0,0.950332,6.07706,0
-0.113822,-0.077796,0,0.950332,6.07706,0
-0.11382,-0.077797,0,0.950332,6.07706,0
-0.113821,-0.077797,0,0.950332,6.07706,0
-0.114695,-0.077812,0,1.02137,6.0994,0
-0.114698,-0.077813,0,1.02154,6.09975,0
-0.114697,-0.077813,0,1.02154,6.09975,0
-0.114761,-0.078255,0,1.0917,6.12157,0
-0.113741,-0.078883,0,1.11893,6.12907,0
-0.113726,-0.078886,0,1.11893,6.12907,0
-0.112626,-0.079021,0,1.09956,6.12453,0
-0.113519,-0.077925,0,1.03009,6.109,0
-0.11353,-0.077911,0,1.03009,6.109,0
-0.114264,-0.078311,0,1.10985,6.13221,0
-0.11427,-0.078312,0,1.1102,6.13239,0
-0.114268,-0.078312,0,1.1102,6.13239,0
-0.114268,-0.078313,0,1.1102,6.13239,0
-0.114268,-0.078313,0,1.1102,6.13239,0
-0.114268,-0.078314,0,1.1102,6.13239,0
-0.114268,-0.078314,0,1.1102,6.13239,0
-0.114268,-0.078315,0,1.1102,6.13239,0
-0.114268,-0.078315,0,1.1102,6.13239,0
-0.114312,-0.078276,0,1.10951,6.13204,0
-0.114302,-0.078287,0,1.10985,6.13239,0
-0.114304,-0.078286,0,1.10985,6.13239,0
-0.114304,-0.078286,0,1.10985,6.13239,0
-0.114303,-0.078287,0,1.10985,6.13239,0
-0.114303,-0.078288,0,1.10985,6.13239,0
-0.114304,-0.078288,0,1.10985,6.13239,0
-0.114304,-0.078288,0,1.10985,6.13239,0
-0.114234,-0.078457,0,1.18962,6.15368,0
-0.114238,-0.078445,0,1.19171,6.15403,0
-0.113726,-0.078939,0,1.28142,6.17515,0
-0.113717,-0.078953,0,1.28194,6.17532,0
-0.114872,-0.080184,0,1.29102,6.17689,0
-0.114881,-0.080199,0,1.29102,6.17689,0
-0.114466,-0.081685,0,1.19939,6.16119,0
-0.114465,-0.081697,0,1.19939,6.16119,0
-0.113899,-0.07999,0,1.22365,6.17794,0
-0.11429,-0.078919,0,1.25646,6.18388,0
-0.114292,-0.078908,0,1.25664,6.18388,0
-0.115064,-0.077891,0,1.28997,6.19086,0
-0.115069,-0.077881,0,1.29015,6.19086,0
-0.115069,-0.077882,0,1.29015,6.19086,0
-0.115069,-0.077882,0,1.29015,6.19086,0
-0.115069,-0.077882,0,1.29015,6.19086,0
-0.115069,-0.077882,0,1.29015,6.19086,0
-0.115069,-0.077883,0,1.29032,6.19086,0
-0.115069,-0.077883,0,1.29032,6.19086,0
-0.115069,-0.077884,0,1.29032,6.19086,0
-0.115069,-0.077884,0,1.29032,6.19086,0
-0.115069,-0.077885,0,1.29032,6.19086,0
-0.115069,-0.077885,0,1.29032,6.19086,0
-0.115069,-0.077886,0,1.29032,6.19086,0
-0.115069,-0.077886,0,1.29032,6.19086,0
-0.115076,-0.078055,0,1.39539,6.21582,0
-0.115085,-0.078059,0,1.39853,6.21634,0
-0.115175,-0.078356,0,1.51634,6.2385,0
-0.115192,-0.078362,0,1.51826,6.2385,0
-0.115291,-0.082,0,1.20026,0.113621,0
-0.115291,-0.082,0,1.20026,0.110654,0
-0.115971,-0.074757,0,1.64358,0.729548,0
-0.115971,-0.07474,0,1.64358,0.729548,0
-0.115986,-0.072455,0,1.33064,0.546637,0
-0.115986,-0.072441,0,1.33064,0.546637,0
-0.115937,-0.072403,0,1.33238,0.547859,0
-0.11595,-0.072414,0,1.33169,0.547684,0
-0.115948,-0.072413,0,1.33186,0.546986,0
-0.115948,-0.072413,0,1.33186,0.546986,0
-0.115949,-0.072414,0,1.33186,0.54751,0
-0.115949,-0.072414,0,1.33186,0.54751,0
-0.115538,-0.072524,0,1.38527,0.5887,0
-0.115527,-0.072524,0,1.38562,0.589049,0
-0.116077,-0.071422,0,1.42977,0.622384,0
-0.11608,-0.071411,0,1.42995,0.622384,0
-0.116163,-0.071115,0,1.51163,0.691499,0
-0.116165,-0.071105,0,1.51285,0.692372,0
-0.116165,-0.071106,0,1.51268,0.692721,0
-0.116165,-0.071106,0,1.51268,0.692547,0
-0.116212,-0.071072,0,1.51477,0.694117,0
-0.116201,-0.07108,0,1.51407,0.693768,0
-0.116203,-0.071079,0,1.51407,0.693245,0
-0.116203,-0.071079,0,1.51407,0.693245,0
-0.116203,-0.071079,0,1.51407,0.693245,0
-0.116203,-0.071079,0,1.51407,0.693245,0
-0.116203,-0.071079,0,1.51407,0.693245,0
-0.116204,-0.071079,0,1.51407,0.693245,0
-0.116204,-0.071079,0,1.51407,0.693245,0
-0.116204,-0.071079,0,1.51407,0.693245,0
-0.116204,-0.071079,0,1.51407,0.693245,0
-0.116205,-0.071079,0,1.51407,0.693245,0
-0.116205,-0.071079,0,1.51407,0.693245,0
-0.116205,-0.071079,0,1.51407,0.693245,0
-0.116205,-0.071079,0,1.51407,0.693245,0
-0.116206,-0.071079,0,1.51407,0.693245,0
-0.116206,-0.071079,0,1.51407,0.693245,0
-0.116206,-0.071079,0,1.51407,0.693245,0
-0.116206,-0.071079,0,1.51407,0.693245,0
-0.116207,-0.071079,0,1.51407,0.693245,0
-0.116207,-0.071079,0,1.51407,0.693245,0
-0.116207,-0.071079,0,1.51407,0.693245,0
-0.116208,-0.071079,0,1.51407,0.693245,0
-0.116164,-0.071038,0,1.51617,0.694816,0
-0.116175,-0.071048,0,1.51547,0.694641,0
-0.116174,-0.071046,0,1.51564,0.693943,0
-0.116174,-0.071046,0,1.51564,0.693943,0
-0.116175,-0.071047,0,1.51564,0.694641,0
-0.116175,-0.071047,0,1.51564,0.694641,0
-0.116175,-0.071047,0,1.51564,0.694641,0
-0.116175,-0.071047,0,1.51564,0.694641,0
-0.116175,-0.071047,0,1.51564,0.694641,0
-0.116175,-0.071047,0,1.51564,0.694641,0
-0.116175,-0.071047,0,1.51564,0.694641,0
-0.116175,-0.071047,0,1.51564,0.694641,0
-0.116175,-0.071047,0,1.51564,0.694641,0
-0.116175,-0.071047,0,1.51564,0.694641,0
-0.116175,-0.071047,0,1.51564,0.694641,0
-0.116175,-0.071047,0,1.51564,0.694641,0
-0.116175,-0.071047,0,1.51564,0.694641,0
-0.116175,-0.071047,0,1.51564,0.694641,0
-0.116338,-0.070593,0,1.61094,0.778068,0
-0.116342,-0.070579,0,1.61216,0.779115,0
-0.116585,-0.068984,0,1.7298,0.887849,0
-0.116585,-0.068973,0,1.72997,0.888024,0
-0.116586,-0.068976,0,1.72997,0.888024,0
-0.116586,-0.068976,0,1.72997,0.888024,0
-0.116586,-0.068975,0,1.72997,0.888024,0
-0.116586,-0.068976,0,1.72997,0.888024,0
-0.116586,-0.068977,0,1.72997,0.888024,0
-0.116586,-0.068977,0,1.72997,0.888024,0
-0.115952,-0.07027,0,1.68023,0.833918,0
-0.115949,-0.070282,0,1.68023,0.833918,0
-0.115904,-0.0703,0,1.67866,0.832348,0
-0.115916,-0.070296,0,1.67901,0.832871,0
-0.115914,-0.070297,0,1.67901,0.833395,0
-0.115915,-0.070297,0,1.67901,0.833395,0
-0.116013,-0.071277,0,1.73451,0.884533,0
-0.116013,-0.071288,0,1.73468,0.884707,0
-0.116014,-0.071287,0,1.73468,0.884707,0
-0.116014,-0.071287,0,1.73468,0.884707,0
-0.116015,-0.071287,0,1.73468,0.884707,0
-0.116015,-0.071287,0,1.73468,0.884707,0
-0.116015,-0.071287,0,1.73468,0.884707,0
-0.116913,-0.070852,0,1.76767,0.912284,0
-0.116929,-0.07085,0,1.76767,0.912458,0
-0.117272,-0.071174,0,1.82788,0.967611,0
-0.117278,-0.071178,0,1.83033,0.970229,0
-0.116903,-0.070519,0,1.69262,0.84439,0
-0.116886,-0.070514,0,1.69157,0.843169,0
-0.11623,-0.07004,0,1.75266,0.901288,0
-0.116214,-0.070033,0,1.75301,0.901986,0
-0.116087,-0.069931,0,1.81584,0.9622,0
-0.116076,-0.069938,0,1.81584,0.9622,0
-0.116077,-0.069938,0,1.81584,0.9622,0
-0.116077,-0.069938,0,1.81584,0.9622,0
-0.116076,-0.069938,0,1.81584,0.9622,0
-0.116076,-0.069938,0,1.81584,0.9622,0
-0.116076,-0.069938,0,1.81584,0.9622,0
-0.116076,-0.069938,0,1.81584,0.9622,0
-0.116503,-0.069037,0,1.91463,1.0568,0
-0.116508,-0.069026,0,1.91463,1.0568,0
-0.116509,-0.069027,0,1.91498,1.05697,0
-0.116509,-0.069027,0,1.91498,1.05697,0
-0.116509,-0.069027,0,1.9148,1.05697,0
-0.116509,-0.069027,0,1.9148,1.05697,0
-0.116509,-0.069027,0,1.9148,1.05697,0
-0.116509,-0.069027,0,1.9148,1.05697,0
-0.116509,-0.069027,0,1.9148,1.05697,0
-0.116509,-0.069027,0,1.9148,1.05697,0
-0.116509,-0.069027,0,1.9148,1.05697,0
-0.116509,-0.069027,0,1.9148,1.05697,0
-0.116509,-0.069027,0,1.9148,1.05697,0
-0.116509,-0.069027,0,1.9148,1.05697,0
-0.116509,-0.069027,0,1.9148,1.05697,0
-0.116509,-0.069027,0,1.9148,1.05697,0
-0.116509,-0.069027,0,1.9148,1.05697,0
-0.116509,-0.069027,0,1.9148,1.05697,0
-0.116509,-0.069027,0,1.9148,1.05697,0
-0.116509,-0.069027,0,1.9148,1.05697,0
-0.116509,-0.069027,0,1.9148,1.05697,0
-0.117005,-0.068573,0,1.99805,1.14563,0
-0.117014,-0.068563,0,1.99823,1.14598,0
-0.117015,-0.068564,0,1.99858,1.14686,0
-0.117015,-0.068564,0,1.99858,1.14686,0
-0.117736,-0.068869,0,2.06001,1.21841,0
-0.117748,-0.068871,0,2.06019,1.21841,0
-0.117746,-0.068871,0,2.06036,1.21911,0
-0.117746,-0.068871,0,2.06036,1.21911,0
-0.117747,-0.068871,0,2.06001,1.21894,0
-0.117747,-0.068871,0,2.06001,1.21894,0
-0.117746,-0.068871,0,2.06001,1.21894,0
-0.117746,-0.068871,0,2.06001,1.21894,0
-0.117746,-0.068871,0,2.06001,1.21876,0
-0.117746,-0.068871,0,2.06001,1.21876,0
-0.117746,-0.068871,0,2.06001,1.21876,0
-0.117746,-0.068871,0,2.06001,1.21876,0
-0.117249,-0.068879,0,2.12424,1.29503,0
-0.117237,-0.068891,0,2.12424,1.29591,0
-0.117238,-0.068889,0,2.12476,1.29643,0
-0.117238,-0.06889,0,2.12476,1.29643,0
-0.117346,-0.069361,0,2.21517,1.40045,0
-0.117342,-0.069373,0,2.21587,1.40115,0
-0.117292,-0.070132,0,2.30698,1.5029,0
-0.117295,-0.070147,0,2.30767,1.50378,0
-0.116723,-0.070097,0,2.02196,1.20829,0
-0.11672,-0.070097,0,2.02004,1.20585,0
-0.116579,-0.070516,0,1.79437,0.981573,0
-0.11658,-0.070522,0,1.79228,0.979304,0
-0.118028,-0.067645,0,1.88304,1.06587,0
-0.118029,-0.067631,0,1.88321,1.06587,0
-0.118548,-0.064851,0,2.14501,1.43309,0
-0.118548,-0.064837,0,2.14501,1.43309,0
-0.117612,-0.068764,0,2.119,1.38021,0
-0.117612,-0.068775,0,2.119,1.38021,0
-0.117612,-0.068774,0,2.119,1.38021,0
-0.117612,-0.068774,0,2.119,1.38038,0
-0.117612,-0.068774,0,2.119,1.38038,0
-0.117612,-0.068774,0,2.119,1.38038,0
-0.117612,-0.068774,0,2.119,1.38038,0
-0.117612,-0.068774,0,2.119,1.38038,0
-0.117612,-0.068774,0,2.119,1.38021,0
-0.117612,-0.068774,0,2.119,1.38021,0
-0.117612,-0.068774,0,2.119,1.38003,0
-0.117612,-0.068774,0,2.119,1.38003,0
-0.117612,-0.068774,0,2.119,1.38003,0
-0.117612,-0.068774,0,2.119,1.37986,0
-0.117612,-0.068774,0,2.119,1.37986,0
-0.116737,-0.068411,0,2.0745,1.32436,0
-0.117599,-0.068761,0,2.10958,1.36677,0
-0.117603,-0.068763,0,2.10975,1.36694,0
-0.117602,-0.068762,0,2.10975,1.36694,0
-0.11761,-0.068723,0,2.11132,1.36904,0
-0.117608,-0.068734,0,2.11098,1.36851,0
-0.118523,-0.067607,0,2.20976,1.49086,0
-0.11853,-0.067595,0,2.20976,1.49103,0
-0.118528,-0.067598,0,2.20994,1.49138,0
-0.118529,-0.067598,0,2.20994,1.49138,0
-0.118528,-0.067598,0,2.20994,1.49138,0
-0.118528,-0.067598,0,2.20994,1.49138,0
-0.118528,-0.067599,0,2.20994,1.49138,0
-0.118528,-0.067599,0,2.20994,1.49138,0
-0.118528,-0.067599,0,2.20994,1.49138,0
-0.118528,-0.067599,0,2.20994,1.49138,0
-0.118528,-0.067599,0,2.20994,1.49138,0
-0.118404,-0.066406,0,2.31937,1.65597,0
-0.118404,-0.066402,0,2.31954,1.65632,0
-0.118404,-0.066404,0,2.31954,1.65632,0
-0.118361,-0.066445,0,2.31832,1.65352,0
-0.118373,-0.066433,0,2.31867,1.6544,0
-0.117685,-0.066427,0,2.26422,1.56224,0
-0.117673,-0.066418,0,2.26387,1.5619,0
-0.117676,-0.066421,0,2.26369,1.56155,0
-0.117675,-0.06642,0,2.26369,1.56155,0
-0.117676,-0.066421,0,2.26369,1.56155,0
-0.117676,-0.066421,0,2.26369,1.56155,0
-0.117677,-0.066421,0,2.26369,1.56155,0
-0.117677,-0.066421,0,2.26369,1.56155,0
-0.117678,-0.066422,0,2.26369,1.56155,0
-0.117678,-0.066422,0,2.26369,1.56155,0
-0.117728,-0.066411,0,2.26806,1.56888,0
-0.117713,-0.066414,0,2.26666,1.56643,0
-0.118229,-0.066591,0,2.3267,1.66155,0
-0.118242,-0.066599,0,2.32705,1.6626,0
-0.118611,-0.067265,0,2.38621,1.75947,0
-0.118615,-0.067277,0,2.38639,1.76016,0
-0.118792,-0.071109,0,2.39616,1.77605,0
-0.118792,-0.071122,0,2.39616,1.77605,0
-0.118761,-0.071081,0,2.39616,1.77587,0
-0.118771,-0.071097,0,2.39616,1.77587,0
-0.118105,-0.067532,0,2.37661,1.75406,0
-0.118105,-0.067516,0,2.37661,1.75406,0
-0.119338,-0.057203,0,2.16665,1.35822,0
-0.119338,-0.057185,0,2.16665,1.35822,0
-0.119176,-0.065758,0,2.31535,2.03383,0
-0.119176,-0.065769,0,2.31535,2.03383,0
-0.118779,-0.067089,0,2.23594,1.87099,0
-0.118639,-0.066731,0,2.30139,1.98234,0
-0.118635,-0.066719,0,2.30261,1.98426,0
-0.118937,-0.065564,0,2.37801,2.11796,0
-0.118941,-0.065549,0,2.37819,2.11831,0
-0.119379,-0.064924,0,2.41676,2.19789,0
-0.119384,-0.064921,0,2.41711,2.19824,0
-0.119383,-0.064922,0,2.41711,2.19824,0
-0.119425,-0.064961,0,2.41606,2.1965,0
-0.119411,-0.064947,0,2.41658,2.19667,0
-0.118836,-0.06691,0,2.38901,2.13332,0
-0.118836,-0.066924,0,2.38901,2.13332,0
-0.119848,-0.070198,0,2.38115,2.11935,0
-0.119848,-0.070212,0,2.38115,2.11935,0
-0.118719,-0.068584,0,2.41362,2.16508,0
-0.118715,-0.068569,0,2.41362,2.16508,0
-0.119214,-0.065235,0,2.42356,2.18061,0
-0.119214,-0.065223,0,2.42356,2.18044,0
-0.119663,-0.066304,0,2.47889,2.30139,0
-0.119668,-0.066314,0,2.47907,2.30157,0
-0.119666,-0.066313,0,2.47907,2.30174,0
-0.119667,-0.066313,0,2.47907,2.30174,0
-0.119667,-0.066314,0,2.47907,2.30174,0
-0.119667,-0.066314,0,2.47907,2.30174,0
-0.119667,-0.066314,0,2.47924,2.30174,0
-0.119667,-0.066314,0,2.47924,2.30174,0
-0.119667,-0.066315,0,2.47924,2.30174,0
-0.119667,-0.066315,0,2.47924,2.30174,0
-0.120023,-0.068714,0,2.52008,2.38464,0
-0.120023,-0.068726,0,2.52008,2.38464,0
-0.118937,-0.067643,0,2.45376,2.27539,0
-0.118936,-0.06763,0,2.45376,2.27539,0
-0.117202,-0.058521,0,2.45603,2.27923,0
-0.119746,-0.068035,0,2.50053,2.45044,0
-0.119746,-0.068049,0,2.50053,2.45044,0
-0.119334,-0.063713,0,2.56616,2.56389,0
-0.119334,-0.063701,0,2.56616,2.56389,0
-0.119196,-0.061558,0,2.66355,2.8194,0
-0.118614,-0.065537,0,2.65709,2.79811,0
-0.118614,-0.06555,0,2.65709,2.79811,0
-0.119618,-0.068289,0,2.57279,2.62847,0
-0.119618,-0.068304,0,2.57279,2.62847,0
-0.119619,-0.06831,0,2.57279,2.62847,0
-0.119619,-0.068308,0,2.57279,2.62847,0
-0.11962,-0.068308,0,2.57279,2.62829,0
-0.120159,-0.06654,0,2.58012,2.64051,0
-0.120159,-0.066528,0,2.58029,2.64051,0
-0.12016,-0.066532,0,2.58029,2.64051,0
-0.12016,-0.066531,0,2.58029,2.64051,0
-0.12016,-0.066532,0,2.58029,2.64051,0
-0.12053,-0.065426,0,2.64836,2.78223,0
-0.120531,-0.065422,0,2.64854,2.7824,0
-0.120531,-0.065423,0,2.64854,2.7824,0
-0.120531,-0.065425,0,2.64854,2.7824,0
-0.120532,-0.065424,0,2.64871,2.7824,0
-0.120532,-0.065424,0,2.64871,2.7824,0
-0.120532,-0.065425,0,2.64871,2.7824,0
-0.120532,-0.065425,0,2.64871,2.7824,0
-0.120533,-0.065426,0,2.64871,2.7824,0
-0.120533,-0.065426,0,2.64871,2.7824,0
-0.120533,-0.065427,0,2.64871,2.7824,0
-0.120533,-0.065427,0,2.64871,2.7824,0
-0.120534,-0.065427,0,2.64871,2.7824,0
-0.120534,-0.065427,0,2.64871,2.7824,0
-0.120534,-0.065427,0,2.64871,2.7824,0
-0.120534,-0.065427,0,2.64871,2.7824,0
-0.120535,-0.065427,0,2.64871,2.7824,0
-0.120535,-0.065427,0,2.64871,2.7824,0
-0.120535,-0.065427,0,2.64871,2.7824,0
-0.120535,-0.065427,0,2.64871,2.7824,0
-0.120676,-0.06641,0,2.71311,2.93739,0
-0.120677,-0.066424,0,2.71329,2.93809,0
-0.120694,-0.066467,0,2.71416,2.94088,0
-0.12069,-0.066455,0,2.71416,2.93983,0
-0.120691,-0.066457,0,2.71381,2.93948,0
-0.120691,-0.066457,0,2.71381,2.93948,0
-0.120657,-0.07113,0,2.68728,2.88171,0
-0.120401,-0.066076,0,2.59932,2.76129,0
-0.120401,-0.066061,0,2.59932,2.76129,0
-0.12116,-0.066505,0,2.70893,3.00179,0
-0.121173,-0.066508,0,2.7091,3.00389,0
-0.120559,-0.065874,0,2.78397,3.17248,0
-0.120556,-0.065862,0,2.78397,3.17266,0
-0.120397,-0.065919,0,2.74209,3.07963,0
-0.120392,-0.06592,0,2.74174,3.07789,0
-0.120394,-0.065921,0,2.74174,3.07824,0
-0.120394,-0.065921,0,2.74174,3.07824,0
-0.120447,-0.068078,0,2.71486,3.01855,0
-0.120447,-0.068091,0,2.71486,3.01855,0
-0.120449,-0.068052,0,2.71608,3.02082,0
-0.120449,-0.068063,0,2.71591,3.02047,0
-0.120449,-0.06806,0,2.71538,3.01959,0
-0.120449,-0.068061,0,2.71556,3.01959,0
-0.120449,-0.068062,0,2.71573,3.01994,0
