-0.099628,-0.048685,0,1.55963,1.55648,0
-0.099628,-0.048685,0,1.5598,1.55648,0
-0.099628,-0.048685,0,1.55963,1.55648,0
-0.099628,-0.048685,0,1.5598,1.55648,0
-0.099628,-0.048685,0,1.55945,1.55648,0
-0.099628,-0.048685,0,1.55963,1.55648,0
-0.099628,-0.048685,0,1.55945,1.55648,0
-0.099628,-0.048685,0,1.55963,1.55648,0
-0.099628,-0.048685,0,1.55945,1.55648,0
-0.099628,-0.048685,0,1.55963,1.55648,0
-0.099628,-0.048685,0,1.5598,1.55648,0
-0.099628,-0.048685,0,1.5598,1.55648,0
-0.099628,-0.048685,0,1.5598,1.55648,0
-0.099628,-0.048685,0,1.5598,1.55648,0
-0.099628,-0.048685,0,1.5598,1.55648,0
-0.099628,-0.048685,0,1.5598,1.55648,0
-0.099628,-0.048685,0,1.5598,1.55648,0
-0.099628,-0.048685,0,1.55998,1.55648,0
-0.099628,-0.048685,0,1.5598,1.55648,0
-0.099628,-0.048685,0,1.55963,1.55648,0
-0.099628,-0.048685,0,1.55998,1.55648,0
-0.099628,-0.048685,0,1.5598,1.55648,0
-0.099628,-0.048685,0,1.5598,1.55648,0
-0.099456,-0.04885,0,1.60884,1.653,0
-0.099378,-0.049443,0,1.65911,1.7483,0
-0.099377,-0.049456,0,1.65911,1.74882,0
-0.099301,-0.049546,0,1.6633,1.75563,0
-0.099291,-0.049554,0,1.6619,1.75406,0
-0.099229,-0.049568,0,1.66138,1.75214,0
-0.099226,-0.049563,0,1.66138,1.75283,0
-0.099177,-0.049635,0,1.66155,1.75336,0
-0.099174,-0.049644,0,1.66155,1.75318,0
-0.098642,-0.050241,0,1.62787,1.69349,0
-0.098632,-0.050253,0,1.62787,1.69349,0
-0.098633,-0.050254,0,1.62787,1.69332,0
-0.098633,-0.050253,0,1.62787,1.69332,0
-0.098634,-0.050253,0,1.62804,1.69332,0
-0.098634,-0.050253,0,1.62804,1.69332,0
-0.098635,-0.050253,0,1.62804,1.69332,0
-0.098635,-0.050253,0,1.62804,1.69332,0
-0.098635,-0.050253,0,1.62804,1.69332,0
-0.098635,-0.050253,0,1.62804,1.69332,0
-0.098636,-0.050253,0,1.62804,1.69332,0
-0.098636,-0.050253,0,1.62822,1.69332,0
-0.098636,-0.050253,0,1.62804,1.69332,0
-0.098637,-0.050253,0,1.62804,1.69332,0
-0.098637,-0.050253,0,1.62804,1.69332,0
-0.098637,-0.050253,0,1.62787,1.69332,0
-0.098637,-0.050253,0,1.62787,1.69332,0
-0.098637,-0.050253,0,1.62787,1.69332,0
-0.098637,-0.050253,0,1.62787,1.69332,0
-0.098637,-0.050253,0,1.62769,1.69332,0
-0.098637,-0.050253,0,1.62787,1.69332,0
-0.098637,-0.050253,0,1.62769,1.69332,0
-0.098637,-0.050253,0,1.62769,1.69332,0
-0.098637,-0.050253,0,1.62787,1.69332,0
-0.098623,-0.050179,0,1.66679,1.75406,0
-0.098625,-0.050177,0,1.66749,1.7565,0
-0.098514,-0.05006,0,1.70292,1.81113,0
-0.098505,-0.050039,0,1.70379,1.81375,0
-0.098472,-0.049923,0,1.7092,1.82177,0
-0.09848,-0.049911,0,1.70798,1.81933,0
-0.098481,-0.049915,0,1.70798,1.81968,0
-0.098481,-0.049914,0,1.70798,1.81968,0
-0.098698,-0.049032,0,1.73329,1.86104,0
-0.098699,-0.04902,0,1.73346,1.86104,0
-0.099092,-0.048428,0,1.6921,1.78739,0
-0.099095,-0.048415,0,1.6921,1.78704,0
-0.098732,-0.047526,0,1.71705,1.83556,0
-0.098731,-0.047512,0,1.71705,1.83574,0
-0.09873,-0.048771,0,1.74219,1.88757,0
-0.09873,-0.048782,0,1.74219,1.88757,0
-0.09873,-0.048784,0,1.74219,1.88757,0
-0.09873,-0.048782,0,1.74219,1.88757,0
-0.09873,-0.048782,0,1.74219,1.88757,0
-0.09873,-0.048782,0,1.74219,1.88757,0
-0.09873,-0.048782,0,1.74219,1.88757,0
-0.09873,-0.048782,0,1.74219,1.88757,0
-0.098353,-0.048971,0,1.71705,1.84185,0
-0.098088,-0.048722,0,1.74533,1.89141,0
-0.098074,-0.048707,0,1.74568,1.89246,0
-0.09819,-0.048894,0,1.78076,1.9518,0
-0.098201,-0.048907,0,1.78181,1.95337,0
-0.098272,-0.048831,0,1.78704,1.96105,0
-0.098271,-0.048826,0,1.7853,1.95931,0
-0.09827,-0.048828,0,1.7853,1.95931,0
-0.098271,-0.048828,0,1.7853,1.95931,0
-0.098272,-0.048827,0,1.7853,1.95948,0
-0.098272,-0.048827,0,1.78512,1.95948,0
-0.098272,-0.048827,0,1.7853,1.95948,0
-0.098273,-0.048827,0,1.78512,1.95948,0
-0.098273,-0.048827,0,1.7853,1.95948,0
-0.098274,-0.048827,0,1.7853,1.95948,0
-0.098274,-0.048827,0,1.7853,1.95948,0
-0.098275,-0.048827,0,1.7853,1.95948,0
-0.097977,-0.047774,0,1.84307,2.06106,0
-0.098321,-0.047274,0,1.81567,2.00957,0
-0.09833,-0.047272,0,1.81567,2.00922,0
-0.098328,-0.047272,0,1.81567,2.00922,0
-0.098328,-0.047272,0,1.81567,2.00922,0
-0.09833,-0.047272,0,1.81567,2.00922,0
-0.09833,-0.047272,0,1.81549,2.00922,0
-0.09833,-0.047272,0,1.81549,2.00922,0
-0.09833,-0.047272,0,1.81514,2.00922,0
-0.09833,-0.047272,0,1.81549,2.00922,0
-0.09833,-0.047272,0,1.81514,2.00922,0
-0.098355,-0.04776,0,1.85808,2.09649,0
-0.098355,-0.047774,0,1.85825,2.09684,0
-0.098417,-0.048368,0,1.89421,2.16613,0
-0.098417,-0.04838,0,1.89421,2.1663,0
-0.097802,-0.048195,0,1.83277,2.05425,0
-0.097795,-0.048181,0,1.83277,2.0539,0
-0.097697,-0.048179,0,1.83277,2.04587,0
-0.097691,-0.048179,0,1.83277,2.04797,0
-0.097694,-0.04818,0,1.83277,2.04779,0
-0.097693,-0.04818,0,1.83277,2.04779,0
-0.097693,-0.04818,0,1.83277,2.04779,0
-0.097771,-0.047565,0,1.86139,2.09876,0
-0.097771,-0.047549,0,1.86157,2.09893,0
-0.098038,-0.047767,0,1.90573,2.18201,0
-0.098045,-0.047784,0,1.9059,2.18253,0
-0.098123,-0.047485,0,1.9347,2.23629,0
-0.098126,-0.047474,0,1.93505,2.23664,0
-0.098126,-0.047474,0,1.93505,2.23716,0
-0.098126,-0.047474,0,1.93487,2.23699,0
-0.098126,-0.047475,0,1.9347,2.23681,0
-0.098126,-0.047475,0,1.93487,2.23681,0
-0.098126,-0.047475,0,1.9347,2.23681,0
-0.098126,-0.047476,0,1.9347,2.23681,0
-0.098126,-0.047476,0,1.93487,2.23681,0
-0.098126,-0.047476,0,1.9347,2.23681,0
-0.098126,-0.047476,0,1.93487,2.23681,0
-0.098054,-0.04766,0,1.99369,2.34799,0
-0.097771,-0.047266,0,2.0382,2.43124,0
-0.097765,-0.047251,0,2.03854,2.43177,0
-0.097627,-0.045073,0,1.93051,2.22844,0
-0.097627,-0.045063,0,1.93051,2.22844,0
-0.097627,-0.045062,0,1.93051,2.22844,0
-0.097627,-0.045062,0,1.93051,2.22826,0
-0.097627,-0.045063,0,1.93033,2.22826,0
-0.097945,-0.047776,0,1.93819,2.24659,0
-0.097438,-0.047518,0,1.97135,2.30785,0
-0.097421,-0.047515,0,1.9717,2.3082,0
-0.097304,-0.047224,0,2.00678,2.37155,0
-0.097303,-0.04721,0,2.00695,2.37208,0
-0.097286,-0.046809,0,2.03401,2.42095,0
-0.097286,-0.046798,0,2.03383,2.42147,0
-0.097286,-0.046801,0,2.03401,2.42147,0
-0.097286,-0.0468,0,2.03383,2.42147,0
-0.097585,-0.046942,0,2.00887,2.37452,0
-0.097598,-0.046945,0,2.0087,2.37417,0
-0.097599,-0.046945,0,2.0087,2.37347,0
-0.097599,-0.046945,0,2.00887,2.37365,0
-0.097686,-0.046707,0,2.03401,2.42182,0
-0.097688,-0.046694,0,2.03418,2.42234,0
-0.097688,-0.046692,0,2.03401,2.42269,0
-0.097688,-0.046692,0,2.03418,2.42252,0
-0.097688,-0.046693,0,2.03418,2.42234,0
-0.097688,-0.046693,0,2.03401,2.42234,0
-0.097688,-0.046693,0,2.03401,2.42234,0
-0.097689,-0.046693,0,2.03401,2.42234,0
-0.097689,-0.046693,0,2.03401,2.42234,0
-0.097689,-0.046693,0,2.03401,2.42234,0
-0.097689,-0.046693,0,2.03383,2.42234,0
-0.097689,-0.046693,0,2.03383,2.42234,0
-0.097689,-0.046693,0,2.03383,2.42234,0
-0.097689,-0.046693,0,2.03401,2.42234,0
-0.097421,-0.045655,0,2.0916,2.53614,0
-0.097421,-0.045642,0,2.0916,2.53614,0
-0.09742,-0.045645,0,2.0916,2.53631,0
-0.09742,-0.045645,0,2.09178,2.53631,0
-0.09742,-0.045644,0,2.09178,2.53631,0
-0.09742,-0.045644,0,2.09178,2.53631,0
-0.09742,-0.045644,0,2.09178,2.53631,0
-0.09742,-0.045644,0,2.09178,2.53631,0
-0.09742,-0.045644,0,2.09178,2.53631,0
-0.09742,-0.045644,0,2.09178,2.53631,0
-0.09742,-0.045644,0,2.09178,2.53631,0
-0.09742,-0.045644,0,2.0916,2.53631,0
-0.09742,-0.045644,0,2.09178,2.53631,0
-0.09742,-0.045644,0,2.09143,2.53631,0
-0.09742,-0.045644,0,2.09178,2.53631,0
-0.09742,-0.045644,0,2.09143,2.53631,0
-0.097336,-0.046191,0,2.12023,2.59705,0
-0.097336,-0.046203,0,2.1204,2.59705,0
-0.097335,-0.046204,0,2.12023,2.5974,0
-0.097335,-0.046204,0,2.12023,2.5974,0
-0.097335,-0.046203,0,2.12023,2.5974,0
-0.097335,-0.046203,0,2.12023,2.5974,0
-0.097335,-0.046203,0,2.12023,2.5974,0
-0.097335,-0.046203,0,2.12023,2.5974,0
-0.097335,-0.046203,0,2.1204,2.5974,0
-0.097335,-0.046203,0,2.1204,2.5974,0
-0.097335,-0.046203,0,2.1204,2.5974,0
-0.097335,-0.046203,0,2.12023,2.5974,0
-0.097335,-0.046203,0,2.1204,2.5974,0
-0.097335,-0.046203,0,2.12023,2.5974,0
-0.097335,-0.046203,0,2.12023,2.5974,0
-0.097335,-0.046203,0,2.1204,2.5974,0
-0.097335,-0.046203,0,2.12023,2.5974,0
-0.097335,-0.046203,0,2.1204,2.5974,0
-0.097059,-0.046006,0,2.1869,2.72655,0
-0.097041,-0.045998,0,2.18777,2.72935,0
-0.097399,-0.050852,0,2.33508,3.01226,0
-0.097399,-0.050867,0,2.33508,3.01226,0
-0.096801,-0.045579,0,1.98863,2.5981,0
-0.096801,-0.045566,0,1.98863,2.5981,0
-0.097031,-0.044422,0,2.07205,2.75797,0
-0.097031,-0.04441,0,2.07205,2.75814,0
-0.097031,-0.044409,0,2.07223,2.75832,0
-0.097031,-0.044409,0,2.07188,2.75832,0
-0.097031,-0.04441,0,2.07205,2.75832,0
-0.097031,-0.04441,0,2.07205,2.75832,0
-0.096774,-0.045543,0,2.12215,2.86391,0
-0.096774,-0.045545,0,2.12232,2.86409,0
-0.096774,-0.045545,0,2.12232,2.86409,0
-0.096774,-0.045545,0,2.12215,2.86409,0
-0.096774,-0.045545,0,2.12215,2.86409,0
-0.096774,-0.045545,0,2.12232,2.86409,0
-0.096774,-0.045545,0,2.12215,2.86409,0
-0.096774,-0.045545,0,2.12232,2.86409,0
-0.096774,-0.045545,0,2.12232,2.86409,0
-0.096774,-0.045545,0,2.12232,2.86409,0
-0.096774,-0.045545,0,2.12215,2.86409,0
-0.096774,-0.045545,0,2.12232,2.86409,0
-0.096774,-0.045545,0,2.12215,2.86409,0
-0.096774,-0.045545,0,2.12215,2.86409,0
-0.096774,-0.045545,0,2.12232,2.86409,0
-0.096774,-0.045545,0,2.12232,2.86409,0
-0.096409,-0.045755,0,2.17224,2.95345,0
-0.096397,-0.045758,0,2.17224,2.95414,0
-0.0964,-0.045758,0,2.17224,2.95449,0
-0.096399,-0.045758,0,2.17224,2.95449,0
-0.096399,-0.045758,0,2.17206,2.95449,0
-0.096399,-0.045758,0,2.17206,2.95432,0
-0.096399,-0.045758,0,2.17224,2.95432,0
-0.096399,-0.045758,0,2.17189,2.95432,0
-0.096399,-0.045758,0,2.17224,2.95432,0
-0.096399,-0.045758,0,2.17189,2.95432,0
-0.096399,-0.045758,0,2.17224,2.95432,0
-0.096399,-0.045758,0,2.17206,2.95432,0
-0.096399,-0.045758,0,2.17206,2.95432,0
-0.096399,-0.045758,0,2.17224,2.95432,0
-0.096399,-0.045758,0,2.17206,2.95432,0
-0.096399,-0.045758,0,2.17224,2.95432,0
-0.096399,-0.045758,0,2.17224,2.95432,0
-0.096399,-0.045758,0,2.17224,2.95432,0
-0.096399,-0.045758,0,2.17224,2.95432,0
-0.096186,-0.045898,0,2.23507,3.05904,0
-0.096177,-0.045902,0,2.23577,3.06043,0
-0.096176,-0.045902,0,2.23559,3.06061,0
-0.096176,-0.045902,0,2.23559,3.06061,0
-0.096177,-0.045902,0,2.23542,3.06043,0
-0.096177,-0.045902,0,2.23577,3.06043,0
-0.096177,-0.045902,0,2.23577,3.06043,0
-0.096177,-0.045902,0,2.23577,3.06043,0
-0.096177,-0.045902,0,2.23577,3.06026,0
-0.096177,-0.045902,0,2.23577,3.06026,0
-0.096177,-0.045902,0,2.23559,3.06026,0
-0.096177,-0.045902,0,2.23577,3.06026,0
-0.096177,-0.045902,0,2.23594,3.06026,0
-0.096177,-0.045902,0,2.23577,3.06026,0
-0.096177,-0.045902,0,2.23577,3.06026,0
-0.096177,-0.045902,0,2.23577,3.06026,0
-0.096177,-0.045902,0,2.23577,3.06026,0
-0.096177,-0.045902,0,2.23577,3.06026,0
-0.096177,-0.045902,0,2.23577,3.06026,0
-0.096132,-0.045327,0,2.29074,3.14753,0
-0.096132,-0.045312,0,2.29074,3.14788,0
-0.096063,-0.043314,0,2.3246,3.20373,0
-0.096632,-0.04058,0,2.21936,2.99551,0
-0.096741,-0.044968,0,2.24746,3.07946,0
-0.096741,-0.044981,0,2.24729,3.07946,0
-0.095835,-0.043736,0,2.27888,3.13705,0
-0.09583,-0.043725,0,2.27888,3.13705,0
-0.09589,-0.043725,0,2.27992,3.14369,0
-0.095877,-0.043725,0,2.27992,3.14177,0
-0.09588,-0.043725,0,2.27975,3.14247,0
-0.09588,-0.043725,0,2.27975,3.14247,0
-0.096093,-0.042126,0,2.31884,3.21664,0
-0.096094,-0.042124,0,2.31867,3.21682,0
-0.096094,-0.042124,0,2.31867,3.21682,0
-0.096093,-0.042125,0,2.31867,3.21682,0
-0.096093,-0.042125,0,2.31867,3.21682,0
-0.096094,-0.042125,0,2.31867,3.21682,0
-0.096094,-0.042125,0,2.31867,3.21682,0
-0.096094,-0.042125,0,2.31867,3.21682,0
-0.096094,-0.042125,0,2.31867,3.21682,0
-0.096094,-0.042125,0,2.31867,3.21682,0
-0.096094,-0.042125,0,2.31867,3.21682,0
-0.096094,-0.042125,0,2.31867,3.21682,0
-0.096094,-0.042125,0,2.31867,3.21682,0
-0.096094,-0.042125,0,2.31867,3.21682,0
-0.096094,-0.042125,0,2.31867,3.21682,0
-0.096094,-0.042125,0,2.31867,3.21682,0
-0.096094,-0.042125,0,2.31867,3.21682,0
-0.09595,-0.042812,0,2.36544,3.32136,0
-0.095872,-0.043159,0,2.41065,3.41072,0
-0.095871,-0.043173,0,2.41082,3.41177,0
-0.095848,-0.038362,0,2.32565,3.25696,0
-0.095848,-0.038346,0,2.32565,3.25696,0
-0.096089,-0.038229,0,2.34886,3.33463,0
-0.096103,-0.038225,0,2.34869,3.33637,0
-0.096311,-0.0396,0,2.36806,3.40653,0
-0.096312,-0.039616,0,2.36806,3.40653,0
-0.095848,-0.039092,0,2.33647,3.32572,0
-0.095838,-0.03908,0,2.33647,3.32538,0
-0.095779,-0.039079,0,2.33525,3.32258,0
-0.09578,-0.039079,0,2.3356,3.32346,0
-0.095783,-0.03908,0,2.33577,3.32363,0
-0.095783,-0.03908,0,2.3356,3.32363,0
-0.095782,-0.039079,0,2.33577,3.32346,0
-0.095782,-0.039079,0,2.3356,3.32346,0
-0.095629,-0.040705,0,2.36143,3.40287,0
-0.095629,-0.040719,0,2.36143,3.40287,0
-0.095672,-0.040935,0,2.3904,3.47146,0
-0.095673,-0.040942,0,2.3904,3.47146,0
-0.095673,-0.040941,0,2.3904,3.47146,0
-0.095672,-0.040941,0,2.3904,3.47163,0
-0.095672,-0.040941,0,2.3904,3.47163,0
-0.095672,-0.040941,0,2.39058,3.47163,0
-0.095672,-0.040941,0,2.39058,3.47163,0
-0.095672,-0.040941,0,2.39058,3.47163,0
-0.095672,-0.040941,0,2.3904,3.47163,0
-0.095672,-0.040941,0,2.3904,3.47163,0
-0.09542,-0.042177,0,2.44014,3.58246,0
-0.095419,-0.042183,0,2.44014,3.58246,0
-0.095419,-0.042181,0,2.44014,3.58246,0
-0.095419,-0.04218,0,2.44014,3.58264,0
-0.095419,-0.042181,0,2.44032,3.58264,0
-0.095419,-0.042181,0,2.44032,3.58264,0
-0.095419,-0.042181,0,2.44032,3.58264,0
-0.095419,-0.042181,0,2.44032,3.58264,0
-0.095419,-0.042181,0,2.44014,3.58264,0
-0.095419,-0.042181,0,2.44014,3.58264,0
-0.095419,-0.042181,0,2.44032,3.58264,0
-0.095419,-0.042181,0,2.44032,3.58264,0
-0.095419,-0.042181,0,2.44014,3.58264,0
-0.095419,-0.042181,0,2.44014,3.58264,0
-0.095419,-0.042181,0,2.43997,3.58264,0
-0.095419,-0.042181,0,2.44014,3.58264,0
-0.095419,-0.042181,0,2.44014,3.58264,0
-0.095419,-0.042181,0,2.44014,3.58264,0
-0.095169,-0.04135,0,2.47662,3.64774,0
-0.095168,-0.041339,0,2.47662,3.64774,0
-0.095168,-0.041337,0,2.47662,3.64809,0
-0.095168,-0.041338,0,2.47662,3.64809,0
-0.095328,-0.040099,0,2.49128,3.67758,0
-0.095328,-0.040084,0,2.49128,3.67758,0
-0.095432,-0.040027,0,2.48797,3.67043,0
-0.095739,-0.03887,0,2.44905,3.59032,0
-0.095741,-0.038858,0,2.44905,3.59014,0
-0.095725,-0.038815,0,2.48046,3.67689,0
-0.095725,-0.038814,0,2.48099,3.67968,0
-0.095602,-0.040291,0,2.52043,3.78649,0
-0.095602,-0.040303,0,2.52043,3.78649,0
-0.094881,-0.039229,0,2.4768,3.70394,0
-0.094881,-0.039217,0,2.4768,3.70394,0
-0.09488,-0.039219,0,2.4768,3.70394,0
-0.09488,-0.039219,0,2.4768,3.70394,0
-0.095376,-0.038346,0,2.50821,3.77794,0
-0.09538,-0.038329,0,2.50821,3.77794,0
-0.095225,-0.035939,0,2.51013,3.79173,0
-0.095225,-0.035928,0,2.51031,3.79173,0
-0.095225,-0.035929,0,2.51013,3.79173,0
-0.095225,-0.035929,0,2.51013,3.79173,0
-0.095225,-0.035929,0,2.51013,3.79173,0
-0.095225,-0.035929,0,2.50978,3.79173,0
-0.095225,-0.035929,0,2.50996,3.79173,0
-0.095225,-0.035929,0,2.50996,3.79173,0
-0.095225,-0.035929,0,2.50978,3.79173,0
-0.095267,-0.036415,0,2.54696,3.92751,0
-0.095267,-0.036427,0,2.54696,3.92839,0
-0.095267,-0.036428,0,2.54713,3.92856,0
-0.095267,-0.036427,0,2.54713,3.92856,0
-0.095267,-0.036427,0,2.54713,3.92839,0
-0.095267,-0.036427,0,2.54713,3.92839,0
-0.095267,-0.036427,0,2.54731,3.92839,0
-0.095267,-0.036427,0,2.54731,3.92839,0
-0.095267,-0.036427,0,2.54696,3.92839,0
-0.095267,-0.036427,0,2.54713,3.92839,0
-0.095267,-0.036427,0,2.54713,3.92839,0
-0.095267,-0.036427,0,2.54713,3.92839,0
-0.095267,-0.036427,0,2.54713,3.92839,0
-0.095267,-0.036427,0,2.54731,3.92839,0
-0.095267,-0.036427,0,2.54731,3.92839,0
-0.095267,-0.036427,0,2.54713,3.92839,0
-0.095267,-0.036427,0,2.54731,3.92839,0
-0.095267,-0.036427,0,2.54713,3.92839,0
-0.09521,-0.038886,0,2.59286,4.0729,0
-0.09521,-0.038901,0,2.59286,4.0729,0
-0.094836,-0.038793,0,2.53858,3.98371,0
-0.094819,-0.03879,0,2.53806,3.98267,0
-0.094439,-0.04043,0,2.48465,3.89278,0
-0.094439,-0.040443,0,2.48465,3.89278,0
-0.094736,-0.039731,0,2.54783,3.99052,0
-0.094629,-0.040895,0,2.65953,4.17395,0
-0.094562,-0.03563,0,2.52933,4.02002,0
-0.094667,-0.03542,0,2.54102,4.06697,0
-0.094839,-0.040463,0,2.6145,4.2799,0
-0.094839,-0.040479,0,2.61433,4.2799,0
-0.094579,-0.04043,0,2.51921,4.19123,0
-0.094562,-0.04045,0,2.51711,4.18949,0
-0.094457,-0.042164,0,2.45027,4.13137,0
-0.094457,-0.04218,0,2.45027,4.13137,0
-0.094417,-0.040736,0,2.62026,4.24586,0
-0.094417,-0.040724,0,2.62009,4.24586,0
-0.094425,-0.040671,0,2.62498,4.25162,0
-0.094422,-0.040669,0,2.62393,4.2497,0
-0.094423,-0.04067,0,2.62393,4.2497,0
-0.094423,-0.04067,0,2.6241,4.2497,0
-0.094423,-0.040669,0,2.6241,4.2497,0
-0.094423,-0.040669,0,2.6241,4.2497,0
-0.094423,-0.040669,0,2.62428,4.2497,0
-0.094423,-0.040669,0,2.62428,4.2497,0
-0.094423,-0.040669,0,2.6241,4.2497,0
-0.094423,-0.040669,0,2.62428,4.2497,0
-0.094423,-0.040669,0,2.62428,4.2497,0
-0.09421,-0.04074,0,2.72114,4.34884,0
-0.093786,-0.041298,0,2.79061,4.4176,0
-0.09378,-0.041311,0,2.79061,4.41795,0
-0.09378,-0.041312,0,2.79078,4.41813,0
-0.09378,-0.041312,0,2.79078,4.41813,0
-0.093876,-0.040194,0,2.84942,4.46909,0
-0.094042,-0.039907,0,2.69845,4.32109,0
-0.094046,-0.039895,0,2.69566,4.31882,0
-0.094154,-0.041835,0,2.67192,4.29875,0
-0.094154,-0.04185,0,2.67192,4.29875,0
-0.093776,-0.040897,0,2.82516,4.42127,0
-0.093775,-0.040884,0,2.82516,4.42144,0
-0.093964,-0.037142,0,2.81469,4.41498,0
-0.093964,-0.037126,0,2.81469,4.41498,0
-0.094005,-0.037027,0,2.84593,4.47851,0
-0.094316,-0.037903,0,2.8763,4.54204,0
-0.094318,-0.037916,0,2.8763,4.54204,0
-0.094112,-0.037691,0,2.81103,4.46228,0
-0.093671,-0.037205,0,2.75116,4.38758,0
-0.093629,-0.036408,0,2.79183,4.46176,0
-0.094201,-0.040002,0,2.83319,4.54554,0
-0.094201,-0.040012,0,2.83319,4.54554,0
-0.093445,-0.040017,0,2.90702,4.61395,0
-0.093427,-0.040016,0,2.90719,4.6143,0
-0.093431,-0.040016,0,2.90719,4.6143,0
-0.093432,-0.040016,0,2.90737,4.6143,0
-0.093432,-0.040016,0,2.90737,4.6143,0
-0.093446,-0.039959,0,2.91295,4.61954,0
-0.093443,-0.039954,0,2.91156,4.61797,0
-0.093443,-0.039956,0,2.91156,4.61814,0
-0.093443,-0.039956,0,2.91156,4.61814,0
-0.093143,-0.040061,0,3.03722,4.72408,0
-0.093124,-0.040054,0,3.03967,4.726,0
-0.093235,-0.036155,0,3.04228,4.73281,0
-0.093235,-0.03614,0,3.04228,4.73281,0
-0.093994,-0.034051,0,2.94908,4.60697,0
-0.093451,-0.043062,0,3.17371,4.87523,0
-0.093451,-0.043075,0,3.17371,4.87523,0
-0.092996,-0.04329,0,2.94786,4.77173,0
-0.092982,-0.043292,0,2.94594,4.77103,0
-0.092894,-0.043377,0,2.9517,4.77156,0
-0.092924,-0.043343,0,2.94996,4.77138,0
-0.092844,-0.042083,0,3.04036,4.78918,0
-0.092844,-0.04207,0,3.04054,4.78936,0
-0.093363,-0.040512,0,3.10232,4.81728,0
-0.093364,-0.040506,0,3.10232,4.81728,0
-0.093364,-0.040508,0,3.10232,4.81728,0
-0.092939,-0.038812,0,3.17388,4.87139,0
-0.092939,-0.038801,0,3.17406,4.87139,0
-0.092939,-0.038797,0,3.17388,4.87139,0
-0.092939,-0.0388,0,3.17388,4.87139,0
-0.092939,-0.038799,0,3.17388,4.87139,0
-0.092939,-0.038799,0,3.17406,4.87139,0
-0.092939,-0.038799,0,3.17388,4.87156,0
-0.092938,-0.038799,0,3.17371,4.87156,0
-0.092938,-0.038799,0,3.17388,4.87156,0
-0.092938,-0.038799,0,3.17371,4.87156,0
-0.092938,-0.038799,0,3.17371,4.87156,0
-0.092938,-0.038799,0,3.17371,4.87156,0
-0.092938,-0.038799,0,3.17371,4.87156,0
-0.092938,-0.038799,0,3.17371,4.87156,0
-0.092938,-0.038799,0,3.17371,4.87156,0
-0.092938,-0.038799,0,3.17371,4.87156,0
-0.092938,-0.038799,0,3.17371,4.87156,0
-0.092846,-0.038867,0,3.27022,4.96983,0
-0.092846,-0.038895,0,3.27057,4.97,0
-0.092678,-0.038016,0,3.32607,5.02777,0
-0.092677,-0.038004,0,3.32607,5.02777,0
-0.092933,-0.036747,0,3.24719,4.95674,0
-0.093109,-0.036121,0,3.18749,4.89547,0
-0.093111,-0.03611,0,3.18749,4.8953,0
-0.093065,-0.03886,0,3.23392,4.98187,0
-0.093065,-0.038877,0,3.23392,4.98187,0
-0.092342,-0.041186,0,3.34894,5.0831,0
-0.092342,-0.041198,0,3.34876,5.0831,0
-0.092271,-0.041705,0,3.29082,5.05692,0
-0.092271,-0.041721,0,3.29064,5.05674,0
-0.091946,-0.040129,0,3.34876,5.08118,0
-0.092019,-0.037782,0,3.33724,5.07891,0
-0.092019,-0.03777,0,3.33724,5.07891,0
-0.092019,-0.037769,0,3.33724,5.07891,0
-0.092019,-0.037769,0,3.33724,5.07891,0
-0.092438,-0.03724,0,3.35906,5.10893,0
-0.092445,-0.037229,0,3.35906,5.1091,0
-0.092264,-0.038609,0,3.47129,5.23546,0
-0.092264,-0.038621,0,3.47129,5.23546,0
-0.091951,-0.039242,0,3.39833,5.19026,0
-0.091949,-0.039255,0,3.39798,5.19009,0
-0.091952,-0.039312,0,3.39292,5.18799,0
-0.091951,-0.039313,0,3.39432,5.18869,0
-0.091952,-0.039311,0,3.39414,5.18886,0
-0.091952,-0.039312,0,3.39414,5.18886,0
-0.091952,-0.039312,0,3.39414,5.18869,0
-0.091952,-0.039312,0,3.39414,5.18869,0
-0.091266,-0.038116,0,3.32101,5.15535,0
-0.09127,-0.035147,0,3.41107,5.2133,0
-0.09127,-0.03513,0,3.41107,5.2133,0
-0.091693,-0.039743,0,3.4952,5.32849,0
-0.091693,-0.039745,0,3.49537,5.32849,0
-0.091694,-0.039745,0,3.49537,5.32849,0
-0.091694,-0.039745,0,3.4952,5.32849,0
-0.091228,-0.039717,0,3.5774,5.36549,0
-0.091223,-0.039717,0,3.57758,5.36584,0
-0.091224,-0.039717,0,3.57758,5.36584,0
-0.091225,-0.039717,0,3.57758,5.36584,0
-0.091225,-0.039717,0,3.57758,5.36584,0
-0.091225,-0.039717,0,3.5774,5.36584,0
-0.091225,-0.039717,0,3.5774,5.36584,0
-0.091225,-0.039717,0,3.5774,5.36584,0
-0.091225,-0.039717,0,3.5774,5.36584,0
-0.091225,-0.039717,0,3.5774,5.36584,0
-0.091443,-0.039559,0,3.63151,5.39621,0
-0.091525,-0.039164,0,3.78352,5.48016,0
-0.091526,-0.039149,0,3.7851,5.48225,0
-0.09116,-0.03855,0,3.87009,5.55172,0
-0.091155,-0.038535,0,3.87027,5.55189,0
-0.092108,-0.035738,0,3.63343,5.36636,0
-0.092108,-0.035728,0,3.63343,5.36636,0
-0.092109,-0.035727,0,3.63325,5.36636,0
-0.092109,-0.035728,0,3.63325,5.36636,0
-0.09211,-0.035728,0,3.63343,5.36636,0
-0.09211,-0.035728,0,3.63343,5.36636,0
-0.091365,-0.042302,0,3.77061,5.56463,0
-0.091142,-0.043035,0,3.68369,5.54526,0
-0.091139,-0.043048,0,3.68352,5.54526,0
-0.09066,-0.041216,0,3.73884,5.5498,0
-0.090659,-0.041203,0,3.73884,5.5498,0
-0.09146,-0.038582,0,3.76223,5.55852,0
-0.09146,-0.03858,0,3.76223,5.55852,0
-0.09146,-0.03858,0,3.76223,5.55852,0
-0.09146,-0.038581,0,3.76223,5.55852,0
-0.09146,-0.038581,0,3.76223,5.55852,0
-0.09146,-0.038581,0,3.76223,5.55852,0
-0.09146,-0.038581,0,3.76223,5.55852,0
-0.091277,-0.038054,0,3.84234,5.61333,0
-0.091274,-0.038039,0,3.84252,5.6135,0
-0.09118,-0.037957,0,3.84985,5.62013,0
-0.091169,-0.037945,0,3.8474,5.61787,0
-0.091172,-0.037949,0,3.84775,5.61839,0
-0.091171,-0.037948,0,3.84775,5.61839,0
-0.091171,-0.037947,0,3.84758,5.61839,0
-0.091171,-0.037947,0,3.84775,5.61839,0
-0.091171,-0.037948,0,3.84758,5.61839,0
-0.091171,-0.037948,0,3.84758,5.61839,0
-0.091171,-0.037948,0,3.84758,5.61839,0
-0.091171,-0.037948,0,3.84758,5.61839,0
-0.091171,-0.037947,0,3.84758,5.61839,0
-0.091171,-0.037947,0,3.84775,5.61839,0
-0.091171,-0.037947,0,3.84775,5.61839,0
-0.091171,-0.037947,0,3.84775,5.61839,0
-0.091171,-0.037947,0,3.84758,5.61839,0
-0.091171,-0.037947,0,3.84775,5.61839,0
-0.09088,-0.037886,0,3.99541,5.73184,0
-0.09087,-0.037885,0,3.99733,5.73323,0
-0.090872,-0.037885,0,3.99715,5.73323,0
-0.090872,-0.037885,0,3.99715,5.73323,0
-0.090871,-0.037885,0,3.99715,5.73306,0
-0.090871,-0.037885,0,3.99715,5.73306,0
-0.090872,-0.037885,0,3.99715,5.73306,0
-0.090872,-0.037885,0,3.99715,5.73306,0
-0.090871,-0.037885,0,3.99698,5.73306,0
-0.090871,-0.037885,0,3.99715,5.73306,0
-0.090871,-0.037885,0,3.99698,5.73306,0
-0.090871,-0.037885,0,3.99698,5.73306,0
-0.090871,-0.037885,0,3.9968,5.73306,0
-0.090871,-0.037885,0,3.99698,5.73306,0
-0.090871,-0.037885,0,3.99698,5.73306,0
-0.090871,-0.037885,0,3.99698,5.73306,0
-0.090871,-0.037885,0,3.99715,5.73306,0
-0.090871,-0.037885,0,3.99698,5.73306,0
-0.090871,-0.037885,0,3.99698,5.73306,0
-0.090537,-0.038985,0,4.13957,5.85052,0
-0.090537,-0.038998,0,4.13975,5.85052,0
-0.090637,-0.040004,0,4.027,5.7842,0
-0.090581,-0.041671,0,3.98843,5.77093,0
-0.090581,-0.041683,0,3.98843,5.77093,0
-0.090581,-0.04168,0,3.9886,5.77093,0
-0.090581,-0.041681,0,3.9886,5.77093,0
-0.090092,-0.038905,0,4.08896,5.80025,0
-0.090092,-0.038893,0,4.08913,5.80025,0
-0.090704,-0.036483,0,4.05039,5.78262,0
-0.090704,-0.036472,0,4.05039,5.78262,0
-0.090705,-0.036474,0,4.05021,5.78262,0
-0.090705,-0.036474,0,4.05021,5.78262,0
-0.090404,-0.039186,0,4.12317,5.8671,0
-0.089821,-0.039642,0,4.27675,5.95629,0
-0.089809,-0.039644,0,4.27675,5.95646,0
-0.089809,-0.039644,0,4.27693,5.95681,0
-0.089809,-0.039644,0,4.27693,5.95681,0
-0.08981,-0.039643,0,4.27693,5.95681,0
-0.08981,-0.039643,0,4.27675,5.95681,0
-0.089811,-0.039643,0,4.27693,5.95681,0
-0.089812,-0.039643,0,4.27675,5.95681,0
-0.089812,-0.039643,0,4.27675,5.95681,0
-0.089715,-0.039597,0,4.36036,6.01074,0
-0.089713,-0.039596,0,4.36228,6.01161,0
-0.089713,-0.039595,0,4.36193,6.01196,0
-0.089713,-0.039596,0,4.3621,6.01196,0
-0.089713,-0.039596,0,4.36193,6.01161,0
-0.089713,-0.039596,0,4.3621,6.01161,0
-0.089722,-0.039505,0,4.37188,6.01772,0
-0.089721,-0.039492,0,4.36856,6.01598,0
-0.089721,-0.039495,0,4.36891,6.01598,0
-0.089721,-0.039494,0,4.36891,6.01598,0
-0.089721,-0.039494,0,4.36891,6.01615,0
-0.089721,-0.039494,0,4.36873,6.01615,0
-0.089721,-0.039494,0,4.36873,6.01615,0
-0.089721,-0.039494,0,4.36873,6.01615,0
-0.089721,-0.039494,0,4.36891,6.01615,0
-0.089721,-0.039494,0,4.36873,6.01615,0
-0.089721,-0.039494,0,4.36873,6.01615,0
-0.089703,-0.038932,0,4.49475,6.10342,0
-0.089703,-0.03892,0,4.4951,6.10359,0
-0.089609,-0.038835,0,4.50347,6.11057,0
-0.089597,-0.038827,0,4.50068,6.1083,0
-0.089766,-0.036751,0,4.39212,6.02854,0
-0.089766,-0.036749,0,4.39195,6.02854,0
-0.089766,-0.036749,0,4.39177,6.02854,0
-0.089766,-0.036749,0,4.39177,6.02854,0
-0.089766,-0.036749,0,4.3916,6.02854,0
-0.089766,-0.036749,0,4.3916,6.02854,0
-0.090231,-0.037216,0,4.35041,5.9987,0
-0.090248,-0.037232,0,4.35023,5.99852,0
-0.089772,-0.039482,0,4.43104,6.08858,0
-0.089772,-0.039495,0,4.43104,6.08858,0
-0.089666,-0.039621,0,4.43715,6.09294,0
-0.089666,-0.039625,0,4.43558,6.09155,0
-0.089667,-0.039623,0,4.43593,6.09172,0
-0.089667,-0.039624,0,4.43575,6.09172,0
-0.089667,-0.039624,0,4.43575,6.0919,0
-0.089667,-0.039624,0,4.43575,6.0919,0
-0.089668,-0.039624,0,4.43558,6.0919,0
-0.089668,-0.039624,0,4.43575,6.0919,0
-0.089668,-0.039624,0,4.43541,6.0919,0
-0.089668,-0.039624,0,4.43541,6.0919,0
-0.089293,-0.038763,0,4.53018,6.15525,0
-0.089291,-0.038749,0,4.53018,6.15525,0
-0.089386,-0.037148,0,4.55374,6.17899,0
-0.089801,-0.037896,0,4.5862,6.22,0
-0.089805,-0.037902,0,4.5862,6.22035,0
-0.089803,-0.037899,0,4.5862,6.22035,0
-0.089902,-0.038305,0,4.53855,6.18772,0
-0.089902,-0.038322,0,4.53855,6.18772,0
-0.089087,-0.039397,0,4.62355,6.26242,0
-0.089086,-0.039403,0,4.62355,6.26259,0
-0.089086,-0.039402,0,4.62355,6.26259,0
-0.088768,-0.040261,0,4.69406,6.31163,0
-0.088767,-0.040274,0,4.69406,6.31163,0
-0.089031,-0.039561,0,4.58795,6.25421,0
-0.089033,-0.039555,0,4.58777,6.25404,0
-0.089033,-0.039557,0,4.58777,6.25404,0
-0.089339,-0.037346,0,4.56247,6.24392,0
-0.08934,-0.037334,0,4.56247,6.24392,0
-0.089118,-0.037392,0,4.63699,6.3132,0
-0.089102,-0.037392,0,4.63717,6.3139,0
-0.089136,-0.038365,0,4.70471,6.37639,0
-0.089137,-0.038376,0,4.70488,6.37639,0
-0.088859,-0.039606,0,4.67155,6.36068,0
-0.088613,-0.039502,0,4.73962,6.39803,0
-0.088425,-0.038815,0,4.77662,6.42229,0
-0.088422,-0.038803,0,4.77662,6.42229,0
-0.088423,-0.038804,0,4.77679,6.42246,0
-0.088423,-0.038804,0,4.77679,6.42246,0
-0.088424,-0.038804,0,4.77679,6.42246,0
-0.088424,-0.038804,0,4.77679,6.42246,0
-0.088424,-0.038804,0,4.77679,6.42246,0
-0.088424,-0.038804,0,4.77679,6.42246,0
-0.088424,-0.038804,0,4.77679,6.42246,0
-0.088424,-0.038804,0,4.77697,6.42246,0
-0.088424,-0.038804,0,4.77679,6.42246,0
-0.088424,-0.038804,0,4.77679,6.42246,0
-0.088424,-0.038804,0,4.77679,6.42246,0
-0.088494,-0.037629,0,4.87593,6.49018,0
-0.088494,-0.03762,0,4.87593,6.49018,0
-0.088495,-0.037619,0,4.87593,6.49036,0
-0.088495,-0.037619,0,4.87593,6.49036,0
-0.088495,-0.03762,0,4.87593,6.49036,0
-0.088495,-0.03762,0,4.87593,6.49036,0
-0.088495,-0.03762,0,4.87593,6.49036,0
-0.088495,-0.03762,0,4.87593,6.49036,0
-0.088495,-0.03762,0,4.87593,6.49036,0
-0.088495,-0.03762,0,4.87593,6.49036,0
-0.088495,-0.03762,0,4.87593,6.49036,0
-0.088495,-0.03762,0,4.87593,6.49036,0
-0.088495,-0.03762,0,4.87575,6.49036,0
-0.088495,-0.03762,0,4.87593,6.49036,0
-0.089106,-0.036957,0,4.82252,6.45493,0
-0.089116,-0.036943,0,4.82252,6.45493,0
-0.088817,-0.038102,0,4.90246,6.54027,0
-0.088817,-0.038115,0,4.90263,6.54027,0
-0.088026,-0.039678,0,4.94033,6.5757,0
-0.088024,-0.03969,0,4.94033,6.5757,0
-0.088024,-0.039688,0,4.94033,6.5757,0
-0.088024,-0.039688,0,4.94033,6.5757,0
-0.087869,-0.03917,0,5.01538,6.61934,0
-0.087868,-0.039155,0,5.01573,6.61951,0
-0.087787,-0.037965,0,5.05762,6.64988,0
-0.088589,-0.036235,0,4.96215,6.5846,0
-0.088591,-0.036229,0,4.96215,6.5846,0
-0.088591,-0.03623,0,4.96215,6.5846,0
-0.088591,-0.036231,0,4.96232,6.5846,0
-0.088591,-0.03623,0,4.96215,6.5846,0
-0.088423,-0.038585,0,5.0447,6.67955,0
-0.088423,-0.038596,0,5.0447,6.67955,0
-0.088424,-0.038597,0,5.0447,6.67955,0
-0.088424,-0.038597,0,5.0447,6.67955,0
-0.088424,-0.038596,0,5.0447,6.67955,0
-0.088424,-0.038596,0,5.0447,6.67955,0
-0.088424,-0.038596,0,5.0447,6.67955,0
-0.088424,-0.038596,0,5.0447,6.67955,0
-0.088424,-0.038596,0,5.0447,6.67955,0
-0.087585,-0.039783,0,5.11067,6.72929,0
-0.08758,-0.039784,0,5.11067,6.72929,0
-0.087583,-0.039784,0,5.11085,6.72947,0
-0.087582,-0.039784,0,5.11085,6.72947,0
-0.087582,-0.039784,0,5.11085,6.72947,0
-0.087476,-0.039146,0,5.15169,6.7539,0
-0.087715,-0.037472,0,5.14733,6.7553,0
-0.088417,-0.03541,0,5.06145,6.69718,0
-0.088418,-0.035398,0,5.06163,6.69718,0
-0.087651,-0.039913,0,5.1927,6.85356,0
-0.087651,-0.039925,0,5.1927,6.85356,0
-0.087651,-0.039922,0,5.19235,6.85356,0
-0.087651,-0.039922,0,5.19235,6.85356,0
-0.087651,-0.039923,0,5.19235,6.85356,0
-0.087651,-0.039923,0,5.19218,6.85356,0
-0.087651,-0.039923,0,5.19201,6.85356,0
-0.087651,-0.039923,0,5.19201,6.85356,0
-0.087645,-0.039814,0,5.18555,6.85129,0
-0.087218,-0.039056,0,5.25257,6.88445,0
-0.087128,-0.037875,0,5.29795,6.91273,0
-0.087128,-0.037863,0,5.29795,6.9129,0
-0.087127,-0.037866,0,5.29795,6.9129,0
-0.087127,-0.037866,0,5.29795,6.9129,0
-0.087127,-0.037865,0,5.29795,6.9129,0
-0.087127,-0.037865,0,5.29795,6.9129,0
-0.087127,-0.037865,0,5.29795,6.9129,0
-0.087127,-0.037865,0,5.29795,6.9129,0
-0.087127,-0.037865,0,5.29795,6.9129,0
-0.087127,-0.037865,0,5.29795,6.9129,0
-0.087127,-0.037865,0,5.29795,6.9129,0
-0.087127,-0.037865,0,5.29795,6.9129,0
-0.087127,-0.037865,0,5.29795,6.9129,0
-0.087037,-0.037647,0,5.37247,6.9691,0
-0.087035,-0.037632,0,5.37422,6.97015,0
-0.087126,-0.037631,0,5.38225,6.97608,0
-0.087128,-0.037632,0,5.37858,6.97364,0
-0.087361,-0.035461,0,5.27247,6.90348,0
-0.087187,-0.039588,0,5.35397,6.99476,0
-0.087187,-0.039602,0,5.35397,6.99476,0
-0.086756,-0.039051,0,5.41331,7.026,0
-0.086754,-0.039038,0,5.41331,7.026,0
-0.086673,-0.036996,0,5.39429,7.01954,0
-0.086673,-0.036989,0,5.39429,7.01954,0
-0.086673,-0.036991,0,5.39429,7.01954,0
-0.086673,-0.036992,0,5.39446,7.01954,0
-0.086673,-0.036991,0,5.39446,7.01954,0
-0.086673,-0.036991,0,5.39464,7.01954,0
-0.086793,-0.036867,0,5.45572,7.0712,0
-0.087029,-0.035899,0,5.48156,7.09948,0
-0.087029,-0.035888,0,5.48138,7.09948,0
-0.08703,-0.035886,0,5.48156,7.09948,0
-0.087029,-0.035887,0,5.48121,7.09948,0
-0.08703,-0.035887,0,5.48156,7.09948,0
-0.08703,-0.035887,0,5.48138,7.09948,0
-0.08703,-0.035887,0,5.48156,7.09948,0
-0.08703,-0.035887,0,5.48156,7.09948,0
-0.08703,-0.035887,0,5.48156,7.09948,0
-0.08703,-0.035887,0,5.48156,7.09948,0
-0.08703,-0.035887,0,5.48156,7.09948,0
-0.08703,-0.035887,0,5.48156,7.09948,0
-0.087031,-0.035887,0,5.48173,7.09948,0
-0.087031,-0.035887,0,5.48156,7.09948,0
-0.086816,-0.03688,0,5.54299,7.16597,0
-0.086816,-0.036893,0,5.54299,7.16597,0
-0.086815,-0.036893,0,5.54299,7.16597,0
-0.086125,-0.038736,0,5.56516,7.19128,0
-0.086125,-0.038749,0,5.56516,7.19128,0
-0.086124,-0.03875,0,5.56481,7.19128,0
-0.086124,-0.03875,0,5.56481,7.19128,0
-0.086124,-0.038749,0,5.56463,7.19128,0
-0.086124,-0.038749,0,5.56463,7.19128,0
-0.086124,-0.038749,0,5.56446,7.19128,0
-0.086124,-0.038749,0,5.56446,7.19128,0
-0.086044,-0.037662,0,5.62363,7.22462,0
-0.086044,-0.037647,0,5.62363,7.22462,0
-0.085987,-0.03732,0,5.67686,7.26423,0
-0.085986,-0.037308,0,5.67721,7.26441,0
-0.086476,-0.036312,0,5.61071,7.22619,0
-0.086479,-0.036301,0,5.61071,7.22619,0
-0.086479,-0.036301,0,5.61054,7.22619,0
-0.086479,-0.036301,0,5.61054,7.22619,0
-0.08648,-0.036301,0,5.61054,7.22619,0
-0.08648,-0.036301,0,5.61054,7.22619,0
-0.08648,-0.036301,0,5.61054,7.22619,0
-0.08648,-0.036301,0,5.61054,7.22619,0
-0.086068,-0.036409,0,5.66359,7.27785,0
-0.085591,-0.036202,0,5.69693,7.31206,0
-0.085588,-0.0362,0,5.6971,7.31223,0
-0.085588,-0.0362,0,5.69693,7.31223,0
-0.08559,-0.036201,0,5.6971,7.31223,0
-0.08559,-0.036201,0,5.69693,7.31223,0
-0.08559,-0.036201,0,5.6971,7.31223,0
-0.08559,-0.036201,0,5.69693,7.31223,0
-0.08559,-0.036201,0,5.69693,7.31241,0
-0.08559,-0.036201,0,5.6971,7.31241,0
-0.08559,-0.036201,0,5.6971,7.31241,0
-0.08559,-0.036201,0,5.6971,7.31241,0
-0.08559,-0.036201,0,5.6971,7.31241,0
-0.08559,-0.036201,0,5.6971,7.31241,0
-0.08559,-0.036201,0,5.6971,7.31241,0
-0.08559,-0.036201,0,5.6971,7.31241,0
-0.085509,-0.037329,0,5.8006,7.39548,0
-0.085563,-0.03736,0,5.73725,7.36669,0
-0.085569,-0.037361,0,5.7362,7.36477,0
-0.085567,-0.037361,0,5.73637,7.36529,0
-0.085567,-0.037361,0,5.73637,7.36529,0
-0.085568,-0.037361,0,5.73637,7.36529,0
-0.085568,-0.037361,0,5.7362,7.36529,0
-0.085567,-0.037361,0,5.73637,7.36529,0
-0.085567,-0.037361,0,5.7362,7.36529,0
-0.085567,-0.037361,0,5.7362,7.36529,0
-0.085567,-0.037361,0,5.7362,7.36529,0
-0.085567,-0.037361,0,5.7362,7.36529,0
-0.085567,-0.037361,0,5.73602,7.36529,0
-0.085567,-0.037361,0,5.73602,7.36529,0
-0.085567,-0.037361,0,5.73602,7.36529,0
-0.085567,-0.037361,0,5.73602,7.36529,0
-0.085524,-0.036188,0,5.7657,7.38903,0
-0.085524,-0.036175,0,5.7657,7.38903,0
-0.085789,-0.036616,0,5.84895,7.45622,0
-0.085795,-0.036617,0,5.84912,7.45709,0
-0.085794,-0.036617,0,5.84912,7.45709,0
-0.085794,-0.036616,0,5.84912,7.45692,0
-0.085794,-0.036616,0,5.84912,7.45692,0
-0.085794,-0.036616,0,5.84912,7.45692,0
-0.085794,-0.036616,0,5.84912,7.45692,0
-0.085794,-0.036616,0,5.84912,7.45692,0
-0.085794,-0.036616,0,5.84912,7.45692,0
-0.085794,-0.036616,0,5.84912,7.45692,0
-0.085794,-0.036616,0,5.84912,7.45692,0
-0.085303,-0.036943,0,5.93045,7.52237,0
-0.085294,-0.036959,0,5.9308,7.52254,0
-0.085207,-0.036889,0,5.93621,7.52726,0
-0.085198,-0.036879,0,5.93447,7.52586,0
-0.085201,-0.036881,0,5.93464,7.52586,0
-0.0852,-0.036881,0,5.93464,7.52603,0
-0.085201,-0.03688,0,5.93464,7.52621,0
-0.085201,-0.03688,0,5.93482,7.52621,0
-0.085202,-0.03688,0,5.93464,7.52621,0
-0.085202,-0.03688,0,5.93482,7.52621,0
-0.085202,-0.03688,0,5.93464,7.52621,0
-0.085203,-0.03688,0,5.93464,7.52621,0
-0.085204,-0.03688,0,5.93429,7.52621,0
-0.085204,-0.03688,0,5.93499,7.52621,0
-0.085204,-0.03688,0,5.93447,7.52621,0
-0.084785,-0.037155,0,6.02173,7.59026,0
-0.084772,-0.037159,0,6.02191,7.59061,0
-0.084775,-0.037159,0,6.02191,7.59079,0
-0.084774,-0.037159,0,6.02191,7.59079,0
-0.084774,-0.037159,0,6.02156,7.59079,0
-0.084774,-0.037159,0,6.02173,7.59079,0
-0.084774,-0.037159,0,6.02173,7.59079,0
-0.084774,-0.037159,0,6.02173,7.59079,0
-0.084774,-0.037159,0,6.02173,7.59079,0
-0.084774,-0.037159,0,6.02173,7.59079,0
-0.084774,-0.037159,0,6.02173,7.59079,0
-0.084774,-0.037159,0,6.02173,7.59079,0
-0.084774,-0.037159,0,6.02173,7.59079,0
-0.084774,-0.037159,0,6.02173,7.59079,0
-0.084774,-0.037159,0,6.02173,7.59079,0
-0.084774,-0.037159,0,6.02173,7.59079,0
-0.084774,-0.037159,0,6.02173,7.59079,0
-0.084774,-0.037159,0,6.02173,7.59079,0
-0.084774,-0.037159,0,6.02173,7.59079,0
-0.084774,-0.037159,0,6.02173,7.59079,0
-0.084774,-0.037159,0,6.02173,7.59079,0
-0.084908,-0.035919,0,6.04373,7.61121,0
-0.084908,-0.035906,0,6.04355,7.61121,0
-0.084908,-0.035906,0,6.04373,7.61121,0
-0.084908,-0.035906,0,6.04373,7.61121,0
-0.084908,-0.035906,0,6.04373,7.61121,0
-0.084908,-0.035906,0,6.04355,7.61121,0
-0.084908,-0.035907,0,6.04355,7.61121,0
-0.084908,-0.035907,0,6.04355,7.61121,0
-0.084908,-0.035907,0,6.04355,7.61121,0
-0.084908,-0.035907,0,6.04355,7.61121,0
-0.084908,-0.035907,0,6.04355,7.61121,0
-0.084908,-0.035907,0,6.04355,7.61121,0
-0.084908,-0.035907,0,6.04355,7.61121,0
-0.084908,-0.035907,0,6.04355,7.61121,0
-0.084908,-0.035907,0,6.04355,7.61121,0
-0.084908,-0.035907,0,6.04355,7.61121,0
-0.084908,-0.035907,0,6.04355,7.61121,0
-0.084908,-0.035907,0,6.04355,7.61121,0
-0.085015,-0.035712,0,6.14129,7.69638,0
-0.085017,-0.035702,0,6.14338,7.69812,0
-0.084614,-0.037717,0,6.2125,7.76637,0
-0.084687,-0.037275,0,6.08457,7.69463,0
-0.084856,-0.03725,0,5.9966,7.65432,0
-0.08487,-0.03725,0,5.9959,7.65397,0
-0.084872,-0.037249,0,5.9959,7.65379,0
-0.084872,-0.037249,0,5.9959,7.65379,0
-0.084732,-0.035611,0,6.0425,7.68242,0
-0.084732,-0.035597,0,6.0425,7.68242,0
-0.084962,-0.035212,0,6.17358,7.77911,0
-0.085,-0.036667,0,6.23938,7.84351,0
-0.085,-0.036681,0,6.23938,7.84351,0
-0.08474,-0.036782,0,6.12366,7.77754,0
-0.084727,-0.036784,0,6.12104,7.77649,0
-0.084531,-0.037118,0,6.05594,7.75048,0
-0.084525,-0.037132,0,6.05559,7.75048,0
-0.084032,-0.036151,0,6.17969,7.80581,0
-0.084247,-0.036979,0,6.27428,7.86812,0
-0.084248,-0.036991,0,6.27428,7.86812,0
-0.084248,-0.036994,0,6.27446,7.86829,0
-0.084248,-0.036994,0,6.27446,7.86829,0
-0.084248,-0.036994,0,6.27428,7.86829,0
-0.084248,-0.036994,0,6.27446,7.86829,0
-0.084248,-0.036994,0,6.27446,7.86829,0
-0.084436,-0.037451,0,6.22402,7.84578,0
-0.084439,-0.037466,0,6.22367,7.84578,0
-0.084364,-0.03668,0,6.27463,7.87632,0
-0.084364,-0.036667,0,6.27481,7.87632,0
-0.084318,-0.036535,0,6.33694,7.92065,0
-0.084317,-0.036541,0,6.33764,7.92153,0
-0.084317,-0.036539,0,6.33729,7.92153,0
-0.084317,-0.036539,0,6.33747,7.92153,0
-0.084317,-0.036539,0,6.33747,7.92153,0
-0.084317,-0.036539,0,6.33729,7.92153,0
-0.084317,-0.036539,0,6.33729,7.92153,0
-0.084317,-0.036539,0,6.33729,7.92153,0
-0.084317,-0.036539,0,6.33729,7.92153,0
-0.084317,-0.036539,0,6.33729,7.92153,0
-0.084317,-0.036539,0,6.33729,7.92153,0
-0.084317,-0.036539,0,6.33729,7.92153,0
-0.084317,-0.036539,0,6.33729,7.92153,0
-0.084317,-0.036539,0,6.33729,7.92153,0
-0.084084,-0.035598,0,6.42543,7.98453,0
-0.084084,-0.035587,0,6.42526,7.98453,0
-0.084514,-0.034779,0,6.33153,7.92589,0
-0.084516,-0.034769,0,6.33118,7.92589,0
-0.084516,-0.034768,0,6.33118,7.92571,0
-0.084516,-0.034769,0,6.33136,7.92571,0
-0.084516,-0.034769,0,6.33118,7.92571,0
-0.084516,-0.034769,0,6.33118,7.92571,0
-0.084516,-0.034769,0,6.33118,7.92571,0
-0.084516,-0.034769,0,6.33118,7.92571,0
-0.084516,-0.034769,0,6.33101,7.92571,0
-0.084516,-0.034769,0,6.33118,7.92571,0
-0.084516,-0.034769,0,6.33101,7.92571,0
-0.084516,-0.034769,0,6.33101,7.92571,0
-0.084221,-0.036347,0,6.43101,8.02066,0
-0.084221,-0.036349,0,6.43084,8.02066,0
-0.084221,-0.036349,0,6.43084,8.02066,0
-0.084221,-0.036349,0,6.43084,8.02066,0
-0.084221,-0.036349,0,6.43067,8.02084,0
-0.084221,-0.036349,0,6.43084,8.02084,0
-0.084221,-0.036349,0,6.43067,8.02084,0
-0.084221,-0.036349,0,6.43084,8.02084,0
-0.084221,-0.036349,0,6.43084,8.02084,0
-0.084221,-0.036349,0,6.43084,8.02084,0
-0.084221,-0.036349,0,6.43101,8.02084,0
-0.084221,-0.036349,0,6.43101,8.02084,0
-0.084221,-0.036349,0,6.43101,8.02084,0
-0.084221,-0.036349,0,6.43101,8.02084,0
-0.083862,-0.035123,0,6.50153,8.07319,0
-0.083862,-0.035109,0,6.50153,8.07319,0
-0.084358,-0.035627,0,6.52788,8.10583,0
-0.084368,-0.035639,0,6.52806,8.10583,0
-0.08437,-0.03564,0,6.52788,8.10601,0
-0.08437,-0.03564,0,6.52806,8.10601,0
-0.08437,-0.035639,0,6.52806,8.10601,0
-0.08437,-0.035639,0,6.52806,8.10601,0
-0.08437,-0.035639,0,6.52806,8.10601,0
-0.08437,-0.035639,0,6.52806,8.10601,0
-0.08437,-0.035639,0,6.52823,8.10601,0
-0.084171,-0.035051,0,6.46313,8.06988,0
-0.084169,-0.035035,0,6.46295,8.0697,0
-0.083967,-0.034195,0,6.51182,8.1184,0
-0.083967,-0.034183,0,6.512,8.1184,0
-0.083966,-0.034182,0,6.512,8.11857,0
-0.083966,-0.034182,0,6.512,8.11857,0
-0.083966,-0.034183,0,6.512,8.11857,0
-0.083966,-0.034183,0,6.51182,8.11857,0
-0.083966,-0.034183,0,6.51182,8.11857,0
-0.083966,-0.034183,0,6.51182,8.11857,0
-0.083966,-0.034183,0,6.51182,8.11857,0
-0.083966,-0.034183,0,6.512,8.11857,0
-0.083966,-0.034183,0,6.51182,8.11857,0
-0.083966,-0.034183,0,6.512,8.11857,0
-0.083966,-0.034183,0,6.51182,8.11857,0
-0.083966,-0.034183,0,6.512,8.11857,0
-0.083905,-0.034869,0,6.62928,8.22853,0
-0.083905,-0.034875,0,6.62946,8.2287,0
-0.083905,-0.034874,0,6.62946,8.2287,0
-0.083801,-0.034777,0,6.6216,8.22486,0
-0.083797,-0.034769,0,6.62422,8.22609,0
-0.083799,-0.034772,0,6.62387,8.22609,0
-0.083799,-0.034771,0,6.62387,8.22609,0
-0.083799,-0.03477,0,6.62387,8.22609,0
-0.083799,-0.034771,0,6.62387,8.22609,0
-0.083799,-0.034771,0,6.62387,8.22609,0
-0.083799,-0.034771,0,6.62387,8.22609,0
-0.083799,-0.034771,0,6.62387,8.22609,0
-0.083799,-0.034771,0,6.62387,8.22609,0
-0.0838,-0.034771,0,6.62405,8.22609,0
-0.0838,-0.034771,0,6.62387,8.22609,0
-0.0838,-0.034771,0,6.62387,8.22609,0
-0.0838,-0.034771,0,6.62405,8.22609,0
-0.083438,-0.033982,0,6.66227,8.26797,0
-0.083436,-0.033972,0,6.66227,8.26797,0
-0.083437,-0.03397,0,6.66245,8.26815,0
-0.083437,-0.033971,0,6.66245,8.26815,0
-0.083438,-0.033971,0,6.66245,8.26815,0
-0.083438,-0.033971,0,6.66245,8.26815,0
-0.083438,-0.033971,0,6.66245,8.26815,0
-0.083438,-0.033971,0,6.66245,8.26815,0
-0.083439,-0.033971,0,6.66245,8.26815,0
-0.083439,-0.033971,0,6.66245,8.26815,0
-0.083439,-0.033971,0,6.66245,8.26815,0
-0.083439,-0.033971,0,6.66245,8.26815,0
-0.083439,-0.033971,0,6.66245,8.26815,0
-0.083439,-0.033971,0,6.66245,8.26815,0
-0.083439,-0.033971,0,6.66245,8.26815,0
-0.083439,-0.033971,0,6.66245,8.26815,0
-0.083439,-0.033971,0,6.66245,8.26815,0
-0.083353,-0.033859,0,6.73278,8.33901,0
-0.083251,-0.034661,0,6.79579,8.40585,0
-0.08352,-0.034784,0,6.68915,8.35018,0
-0.083533,-0.034784,0,6.68863,8.34948,0
-0.083489,-0.034088,0,6.59577,8.30969,0
-0.083488,-0.034082,0,6.59577,8.30969,0
-0.083488,-0.034084,0,6.59577,8.30951,0
-0.083489,-0.034084,0,6.59577,8.30951,0
-0.083489,-0.034084,0,6.59577,8.30951,0
-0.083489,-0.034084,0,6.59577,8.30951,0
-0.083623,-0.033261,0,6.72318,8.39538,0
-0.083623,-0.03325,0,6.72318,8.39556,0
-0.083624,-0.03325,0,6.72318,8.39556,0
-0.083624,-0.03325,0,6.72318,8.39556,0
-0.083624,-0.03325,0,6.72318,8.39573,0
-0.083624,-0.033251,0,6.72318,8.39573,0
-0.083624,-0.033251,0,6.72318,8.39573,0
-0.083624,-0.033251,0,6.72318,8.39573,0
-0.083624,-0.033251,0,6.72318,8.39573,0
-0.083624,-0.033251,0,6.72318,8.39573,0
-0.083624,-0.033251,0,6.72318,8.39573,0
-0.083624,-0.033251,0,6.72318,8.39573,0
-0.083624,-0.033251,0,6.72318,8.39573,0
-0.083624,-0.033251,0,6.72318,8.39573,0
-0.083624,-0.033251,0,6.72318,8.39573,0
-0.083624,-0.033251,0,6.72318,8.39573,0
-0.083624,-0.033251,0,6.72318,8.39573,0
-0.083624,-0.033251,0,6.72318,8.39573,0
-0.083624,-0.033251,0,6.72318,8.39573,0
-0.083368,-0.031893,0,6.77799,8.45821,0
-0.083368,-0.031885,0,6.77781,8.45821,0
-0.083368,-0.031884,0,6.77781,8.45821,0
-0.083368,-0.031884,0,6.77799,8.45821,0
-0.083368,-0.031885,0,6.77799,8.45821,0
-0.083368,-0.031885,0,6.77799,8.45821,0
-0.083368,-0.031885,0,6.77799,8.45821,0
-0.083368,-0.031885,0,6.77799,8.45821,0
-0.083368,-0.031885,0,6.77781,8.45821,0
-0.083368,-0.031885,0,6.77781,8.45821,0
-0.083368,-0.031885,0,6.77781,8.45821,0
-0.083368,-0.031885,0,6.77799,8.45821,0
-0.083368,-0.031885,0,6.77799,8.45821,0
-0.083368,-0.031885,0,6.77799,8.45821,0
-0.083368,-0.031885,0,6.77781,8.45821,0
-0.083368,-0.031885,0,6.77781,8.45821,0
-0.083292,-0.032927,0,6.84082,8.54443,0
-0.083292,-0.032938,0,6.84099,8.54443,0
-0.083292,-0.032938,0,6.84082,8.54461,0
-0.083292,-0.032937,0,6.84099,8.54461,0
-0.083292,-0.032937,0,6.84064,8.54461,0
-0.083292,-0.032937,0,6.84099,8.54461,0
-0.083292,-0.032937,0,6.84082,8.54461,0
-0.083291,-0.032937,0,6.84082,8.54461,0
-0.083291,-0.032937,0,6.84082,8.54461,0
-0.083291,-0.032937,0,6.84082,8.54461,0
-0.083291,-0.032937,0,6.84082,8.54461,0
-0.083291,-0.032937,0,6.84064,8.54461,0
-0.083291,-0.032937,0,6.84064,8.54461,0
-0.083291,-0.032937,0,6.84064,8.54461,0
-0.083291,-0.032937,0,6.84082,8.54461,0
-0.083291,-0.032937,0,6.84082,8.54461,0
-0.083291,-0.032937,0,6.84082,8.54461,0
-0.083291,-0.032937,0,6.84082,8.54461,0
-0.082869,-0.032733,0,6.90592,8.61128,0
-0.082663,-0.032723,0,6.95339,8.66347,0
-0.08265,-0.032723,0,6.95357,8.66451,0
-0.08265,-0.032723,0,6.95357,8.66451,0
-0.08265,-0.032723,0,6.95357,8.66451,0
-0.08265,-0.032723,0,6.95357,8.66451,0
-0.08265,-0.032723,0,6.95357,8.66434,0
-0.08265,-0.032723,0,6.95357,8.66434,0
-0.08265,-0.032723,0,6.95339,8.66434,0
-0.08265,-0.032723,0,6.95357,8.66434,0
-0.08265,-0.032723,0,6.95339,8.66434,0
-0.08265,-0.032723,0,6.95339,8.66434,0
-0.08265,-0.032723,0,6.95339,8.66434,0
-0.08265,-0.032723,0,6.95339,8.66434,0
-0.08265,-0.032723,0,6.95339,8.66434,0
-0.08265,-0.032723,0,6.95339,8.66434,0
-0.08265,-0.032723,0,6.95339,8.66434,0
-0.08265,-0.032723,0,6.95339,8.66434,0
-0.082739,-0.032608,0,7.02547,8.73153,0
-0.082743,-0.032647,0,7.02565,8.7338,0
-0.082742,-0.032645,0,7.02565,8.73206,0
-0.082743,-0.032645,0,7.02565,8.73345,0
-0.082743,-0.032645,0,7.02565,8.73345,0
-0.082744,-0.032645,0,7.02565,8.73258,0
-0.082744,-0.032645,0,7.02565,8.73258,0
-0.082745,-0.032645,0,7.02565,8.73258,0
-0.082745,-0.032645,0,7.02565,8.73275,0
-0.082745,-0.032645,0,7.02565,8.73275,0
-0.082745,-0.032645,0,7.02565,8.73275,0
-0.082745,-0.032645,0,7.02565,8.73275,0
-0.082745,-0.032645,0,7.02565,8.73275,0
-0.082745,-0.032645,0,7.02565,8.73275,0
-0.082745,-0.032645,0,7.02565,8.73275,0
-0.082745,-0.032645,0,7.02565,8.73275,0
-0.082746,-0.032645,0,7.02565,8.73275,0
-0.082746,-0.032645,0,7.02565,8.73275,0
-0.082804,-0.032232,0,7.0918,8.79995,0
-0.082805,-0.03222,0,7.09215,8.8003,0
-0.083213,-0.030428,0,6.9588,8.73956,0
-0.083214,-0.030426,0,6.9588,8.73956,0
-0.083214,-0.030426,0,6.9588,8.73956,0
-0.083361,-0.0301,0,6.85269,8.70431,0
-0.083361,-0.030087,0,6.85251,8.70431,0
-0.083362,-0.03008,0,6.85251,8.70431,0
-0.083099,-0.031905,0,6.95776,8.82386,0
-0.083098,-0.031917,0,6.95776,8.82386,0
-0.083098,-0.031918,0,6.95776,8.82404,0
-0.083098,-0.031917,0,6.95776,8.82404,0
-0.083098,-0.031917,0,6.95776,8.82404,0
-0.083098,-0.031917,0,6.95776,8.82404,0
-0.083098,-0.031917,0,6.95776,8.82404,0
-0.083098,-0.031917,0,6.95776,8.82404,0
-0.083098,-0.031917,0,6.95776,8.82404,0
-0.083098,-0.031917,0,6.95776,8.82404,0
-0.083098,-0.031917,0,6.95776,8.82404,0
-0.083098,-0.031917,0,6.95776,8.82404,0
-0.083098,-0.031917,0,6.95776,8.82404,0
-0.083098,-0.031917,0,6.95776,8.82404,0
-0.083098,-0.031917,0,6.95776,8.82404,0
-0.083098,-0.031917,0,6.95776,8.82404,0
-0.082686,-0.030997,0,7.04136,8.88599,0
-0.082684,-0.030987,0,7.04136,8.88599,0
-0.082684,-0.030986,0,7.04136,8.88617,0
-0.082684,-0.030986,0,7.04136,8.88617,0
-0.082684,-0.030987,0,7.04136,8.88617,0
-0.082684,-0.030987,0,7.04136,8.88617,0
-0.082684,-0.030987,0,7.04136,8.88617,0
-0.082684,-0.030987,0,7.04136,8.88617,0
-0.082684,-0.030987,0,7.04136,8.88617,0
-0.082684,-0.030987,0,7.04136,8.88617,0
-0.082684,-0.030987,0,7.04136,8.88617,0
-0.082684,-0.030987,0,7.04136,8.88617,0
-0.082684,-0.030987,0,7.04136,8.88617,0
-0.082684,-0.030987,0,7.04136,8.88617,0
-0.082684,-0.030987,0,7.04136,8.88617,0
-0.082684,-0.030987,0,7.04136,8.88617,0
-0.082684,-0.030987,0,7.04136,8.88617,0
-0.082684,-0.030987,0,7.04136,8.88617,0
-0.082684,-0.030987,0,7.04136,8.88617,0
-0.082701,-0.030532,0,7.08115,8.94516,0
-0.082921,-0.030276,0,7.04572,8.97344,0
-0.082934,-0.030274,0,7.04537,8.97361,0
-0.082931,-0.030274,0,7.04555,8.97378,0
-0.082931,-0.030274,0,7.04555,8.97378,0
-0.082932,-0.030274,0,7.04555,8.97378,0
-0.082932,-0.030274,0,7.04555,8.97378,0
-0.082932,-0.030274,0,7.04555,8.97378,0
-0.082932,-0.030274,0,7.04555,8.97378,0
-0.082932,-0.030274,0,7.04555,8.97378,0
-0.082932,-0.030274,0,7.04555,8.97378,0
-0.082932,-0.030274,0,7.04555,8.97378,0
-0.082932,-0.030274,0,7.04555,8.97378,0
-0.082932,-0.030274,0,7.04555,8.97378,0
-0.082932,-0.030274,0,7.04555,8.97378,0
-0.082932,-0.030274,0,7.04555,8.97378,0
-0.082932,-0.030274,0,7.04555,8.97378,0
-0.082932,-0.030274,0,7.04555,8.97378,0
-0.082947,-0.030153,0,7.0897,9.0333,0
-0.082947,-0.030148,0,7.09162,9.0354,0
-0.082919,-0.03067,0,7.11152,9.09247,0
-0.08292,-0.03068,0,7.11134,9.09247,0
-0.08292,-0.030681,0,7.11152,9.09264,0
-0.08292,-0.030681,0,7.11152,9.09264,0
-0.083031,-0.032812,0,6.97905,9.12039,0
-0.083031,-0.032825,0,6.97905,9.12039,0
-0.083031,-0.032821,0,6.97905,9.12039,0
-0.083031,-0.032822,0,6.97905,9.12039,0
-0.08239,-0.031082,0,7.01762,9.16472,0
-0.082389,-0.031077,0,7.01762,9.16472,0
-0.082389,-0.031078,0,7.01762,9.16472,0
-0.082389,-0.031078,0,7.01762,9.16472,0
-0.082389,-0.031078,0,7.01762,9.16472,0
-0.082389,-0.031078,0,7.01762,9.16472,0
-0.082389,-0.031078,0,7.01762,9.16472,0
-0.082389,-0.031077,0,7.01762,9.16472,0
-0.082389,-0.031077,0,7.01762,9.16472,0
-0.082389,-0.031077,0,7.01745,9.16472,0
-0.082389,-0.031077,0,7.01745,9.16472,0
-0.082389,-0.031077,0,7.01745,9.16472,0
-0.082389,-0.031077,0,7.01762,9.16472,0
-0.082389,-0.031077,0,7.01762,9.16472,0
-0.082389,-0.031077,0,7.01762,9.16472,0
-0.082389,-0.031077,0,7.01762,9.16472,0
-0.082389,-0.031077,0,7.01762,9.16472,0
-0.082389,-0.031077,0,7.01762,9.16472,0
-0.082537,-0.03031,0,7.04031,9.24012,0
-0.082539,-0.030308,0,7.04048,9.24047,0
-0.082539,-0.030308,0,7.04048,9.24047,0
-0.082538,-0.030309,0,7.04048,9.24047,0
-0.082538,-0.030309,0,7.04048,9.24047,0
-0.082538,-0.030309,0,7.04048,9.24047,0
-0.082538,-0.030309,0,7.04031,9.24047,0
-0.082538,-0.030309,0,7.04048,9.24047,0
-0.082538,-0.030309,0,7.04048,9.24047,0
-0.082538,-0.030309,0,7.04048,9.24047,0
-0.082538,-0.030309,0,7.04048,9.24047,0
-0.082538,-0.030309,0,7.04048,9.24047,0
-0.082538,-0.030309,0,7.04048,9.24047,0
-0.082538,-0.030309,0,7.04048,9.24047,0
-0.082538,-0.030309,0,7.04031,9.24047,0
-0.082538,-0.030309,0,7.04031,9.24047,0
-0.082538,-0.030309,0,7.04048,9.24047,0
-0.082538,-0.030309,0,7.04048,9.24047,0
-0.082756,-0.030104,0,7.06981,9.31657,0
-0.082932,-0.030054,0,7.10733,9.33821,0
-0.082947,-0.030053,0,7.1075,9.33856,0
-0.082949,-0.030053,0,7.1075,9.33926,0
-0.082948,-0.030053,0,7.1075,9.33908,0
-0.082948,-0.030054,0,7.1075,9.33873,0
-0.082948,-0.030054,0,7.1075,9.33873,0
-0.082948,-0.030054,0,7.10733,9.33873,0
-0.082948,-0.030054,0,7.10733,9.33873,0
-0.082948,-0.030054,0,7.10733,9.33873,0
-0.082948,-0.030054,0,7.1075,9.33873,0
-0.082948,-0.030054,0,7.1075,9.33873,0
-0.082948,-0.030054,0,7.1075,9.33873,0
-0.082948,-0.030054,0,7.1075,9.33873,0
-0.082948,-0.030054,0,7.1075,9.33873,0
-0.082948,-0.030054,0,7.1075,9.33873,0
-0.082948,-0.030054,0,7.1075,9.33873,0
-0.082948,-0.030054,0,7.1075,9.33873,0
-0.082665,-0.030028,0,7.10157,9.39266,0
-0.082649,-0.030028,0,7.10157,9.39319,0
-0.08256,-0.030095,0,7.0986,9.40087,0
-0.082562,-0.030096,0,7.09982,9.39895,0
-0.082564,-0.030095,0,7.09948,9.39895,0
-0.082564,-0.030095,0,7.09948,9.39912,0
-0.082563,-0.030095,0,7.09965,9.39912,0
-0.082564,-0.030095,0,7.09965,9.39912,0
-0.082565,-0.030095,0,7.09965,9.39912,0
-0.082565,-0.030095,0,7.09982,9.39912,0
-0.082566,-0.030095,0,7.09982,9.39912,0
-0.082566,-0.030095,0,7.09982,9.39912,0
-0.082566,-0.030095,0,7.09982,9.39912,0
-0.082566,-0.030095,0,7.09982,9.39912,0
-0.082566,-0.030095,0,7.09982,9.39912,0
-0.082566,-0.030095,0,7.09982,9.39912,0
-0.082566,-0.030095,0,7.09982,9.39912,0
-0.082566,-0.030095,0,7.09982,9.39912,0
-0.082566,-0.030095,0,7.09982,9.39912,0
-0.082343,-0.03005,0,7.08551,9.46195,0
-0.082103,-0.030025,0,7.07225,9.52339,0
-0.082091,-0.030025,0,7.07225,9.52461,0
-0.082094,-0.030025,0,7.07207,9.52479,0
-0.082093,-0.030025,0,7.07207,9.52461,0
-0.082093,-0.030025,0,7.0719,9.52461,0
-0.082093,-0.030025,0,7.07207,9.52461,0
-0.082093,-0.030025,0,7.07207,9.52461,0
-0.082093,-0.030025,0,7.07207,9.52461,0
-0.082093,-0.030025,0,7.07207,9.52461,0
-0.082093,-0.030025,0,7.07207,9.52461,0
-0.082093,-0.030025,0,7.07207,9.52461,0
-0.082093,-0.030025,0,7.07207,9.52461,0
-0.082093,-0.030025,0,7.07207,9.52461,0
-0.082093,-0.030025,0,7.07207,9.52461,0
-0.082093,-0.030025,0,7.07207,9.52461,0
-0.082093,-0.030025,0,7.07207,9.52461,0
-0.08191,-0.030013,0,7.05392,9.59407,0
-0.081934,-0.030007,0,7.04764,9.64417,0
-0.081938,-0.030007,0,7.04764,9.64643,0
-0.081937,-0.030007,0,7.04764,9.64591,0
-0.081938,-0.030007,0,7.04764,9.64556,0
-0.081938,-0.030007,0,7.04764,9.64556,0
-0.081939,-0.030007,0,7.04764,9.64591,0
-0.081939,-0.030007,0,7.04764,9.64591,0
-0.08194,-0.030007,0,7.04764,9.64591,0
-0.08194,-0.030007,0,7.04764,9.64591,0
-0.08194,-0.030007,0,7.04764,9.64591,0
-0.08194,-0.030007,0,7.04764,9.64591,0
-0.08194,-0.030007,0,7.04764,9.64591,0
-0.08194,-0.030007,0,7.04764,9.64591,0
-0.08194,-0.030007,0,7.04764,9.64591,0
-0.08194,-0.030007,0,7.04764,9.64591,0
-0.08194,-0.030007,0,7.04764,9.64591,0
-0.081941,-0.030007,0,7.04764,9.64591,0
-0.081941,-0.030007,0,7.04764,9.64591,0
-0.081999,-0.030003,0,7.04886,9.68762,0
-0.082006,-0.030003,0,7.04746,9.69042,0
-0.082013,-0.030003,0,7.04781,9.6981,0
-0.082012,-0.030003,0,7.04764,9.696,0
-0.082012,-0.030003,0,7.04781,9.69583,0
-0.082012,-0.030003,0,7.04781,9.696,0
-0.081889,-0.031281,0,7.04118,9.75307,0
-0.08199,-0.031885,0,7.06457,9.72131,0
-0.081991,-0.031894,0,7.06457,9.72113,0
-0.081992,-0.031895,0,7.06474,9.72079,0
-0.081991,-0.031895,0,7.06474,9.72079,0
-0.081719,-0.030512,0,7.08726,9.72881,0
-0.081718,-0.030498,0,7.08726,9.72881,0
-0.081986,-0.030169,0,7.11326,9.74505,0
-0.081994,-0.030155,0,7.11344,9.74539,0
-0.081994,-0.030157,0,7.11344,9.74557,0
-0.081994,-0.030156,0,7.11326,9.74557,0
-0.081994,-0.030156,0,7.11326,9.74557,0
-0.081994,-0.030156,0,7.11326,9.74557,0
-0.081994,-0.030156,0,7.11309,9.74557,0
-0.081994,-0.030156,0,7.11326,9.74557,0
-0.081994,-0.030156,0,7.11309,9.74557,0
-0.082137,-0.03098,0,7.1082,9.79601,0
-0.082004,-0.030533,0,7.10087,9.84261,0
-0.081712,-0.030292,0,7.10157,9.87176,0
-0.081695,-0.030282,0,7.10174,9.87211,0
-0.081588,-0.030318,0,7.10087,9.87996,0
-0.081576,-0.030322,0,7.10122,9.87769,0
-0.081448,-0.032484,0,7.09808,9.91766,0
-0.081448,-0.032495,0,7.09808,9.91766,0
-0.081448,-0.032497,0,7.09791,9.91766,0
-0.081448,-0.032496,0,7.09791,9.91766,0
-0.081611,-0.031286,0,7.09581,9.9379,0
-0.081611,-0.031274,0,7.09581,9.9379,0
-0.081962,-0.030676,0,7.10541,9.929,0
-0.081965,-0.030666,0,7.10541,9.92883,0
-0.081965,-0.030665,0,7.10558,9.92883,0
-0.081965,-0.030665,0,7.10558,9.92883,0
-0.081965,-0.030666,0,7.10558,9.92865,0
-0.081965,-0.030666,0,7.10558,9.92865,0
-0.082017,-0.030582,0,7.10716,9.9304,0
-0.082016,-0.030564,0,7.10646,9.92988,0
-0.082128,-0.030324,0,7.11396,9.93389,0
-0.081942,-0.030025,0,7.28186,10.0327,0
-0.081939,-0.030019,0,7.28431,10.0332,0
-0.082028,-0.030016,0,7.28553,10.037,0
-0.08204,-0.030017,0,7.28518,10.0353,0
-0.082038,-0.030018,0,7.28535,10.0353,0
-0.082038,-0.030018,0,7.28535,10.0353,0
-0.082039,-0.030017,0,7.28518,10.0355,0
-0.082039,-0.030017,0,7.28553,10.0355,0
-0.082039,-0.030017,0,7.28535,10.0355,0
-0.082039,-0.030017,0,7.28535,10.0355,0
-0.082039,-0.030017,0,7.28553,10.0356,0
-0.082039,-0.030017,0,7.28553,10.0356,0
-0.082039,-0.030017,0,7.28553,10.0356,0
-0.082039,-0.030017,0,7.28553,10.0356,0
-0.082039,-0.030017,0,7.28553,10.0356,0
-0.082039,-0.030017,0,7.28553,10.0356,0
-0.082039,-0.030017,0,7.28553,10.0356,0
-0.082039,-0.030017,0,7.28553,10.0356,0
-0.081614,-0.030002,0,7.32532,10.0704,0
-0.08142,-0.030001,0,7.32515,10.1044,0
-0.081405,-0.030001,0,7.32515,10.1051,0
-0.081406,-0.030001,0,7.32515,10.1058,0
-0.081406,-0.030001,0,7.32515,10.1053,0
-0.081406,-0.030001,0,7.32515,10.1053,0
-0.081355,-0.030056,0,7.32515,10.1135,0
-0.081359,-0.030058,0,7.32515,10.1112,0
-0.08136,-0.030057,0,7.32515,10.1112,0
-0.08136,-0.030057,0,7.32515,10.1112,0
-0.081359,-0.030057,0,7.32515,10.1114,0
-0.081359,-0.030057,0,7.32515,10.1114,0
-0.081359,-0.030057,0,7.32515,10.1114,0
-0.081359,-0.030057,0,7.32515,10.1114,0
-0.081359,-0.030057,0,7.32515,10.1114,0
-0.081359,-0.030057,0,7.32515,10.1114,0
-0.081359,-0.030057,0,7.32515,10.1114,0
-0.08127,-0.030011,0,7.35709,10.1528,0
-0.081246,-0.030006,0,7.36005,10.1566,0
-0.080986,-0.030002,0,7.36302,10.185,0
-0.080974,-0.030002,0,7.36232,10.1852,0
-0.080973,-0.030003,0,7.36232,10.1856,0
-0.080973,-0.030003,0,7.36232,10.1856,0
-0.080974,-0.030002,0,7.36232,10.1856,0
-0.080974,-0.030002,0,7.36232,10.1856,0
-0.080974,-0.030002,0,7.36215,10.1856,0
-0.080974,-0.030002,0,7.36232,10.1856,0
-0.080974,-0.030002,0,7.36232,10.1856,0
-0.080974,-0.030002,0,7.36215,10.1856,0
-0.080974,-0.030002,0,7.36215,10.1856,0
-0.080974,-0.030002,0,7.36215,10.1856,0
-0.080974,-0.030002,0,7.36215,10.1856,0
-0.080974,-0.030002,0,7.36197,10.1856,0
-0.080974,-0.030002,0,7.36215,10.1856,0
-0.080974,-0.030002,0,7.36197,10.1856,0
-0.080974,-0.030002,0,7.36197,10.1856,0
-0.081132,-0.030001,0,7.4173,10.2528,0
-0.081154,-0.030001,0,7.42009,10.2568,0
-0.081122,-0.030001,0,7.49183,10.3259,0
-0.081116,-0.030001,0,7.4927,10.3282,0
-0.081256,-0.030739,0,7.48799,10.3723,0
-0.081343,-0.034048,0,7.50439,10.3395,0
-0.080787,-0.033059,0,7.49985,10.3589,0
-0.080776,-0.033046,0,7.49985,10.3589,0
-0.080609,-0.03249,0,7.48991,10.3954,0
-0.080607,-0.032478,0,7.48991,10.3954,0
-0.080607,-0.032478,0,7.48991,10.3955,0
-0.080607,-0.032478,0,7.48991,10.3955,0
-0.080607,-0.032478,0,7.48991,10.3955,0
-0.080607,-0.032478,0,7.48991,10.3955,0
-0.080607,-0.032478,0,7.48991,10.3955,0
-0.080607,-0.032478,0,7.48991,10.3955,0
-0.081015,-0.033255,0,7.47996,10.4345,0
-0.081018,-0.033256,0,7.47978,10.4346,0
-0.081018,-0.033256,0,7.47978,10.4346,0
-0.081017,-0.033256,0,7.47978,10.4346,0
-0.081017,-0.033256,0,7.47978,10.4346,0
-0.080807,-0.032813,0,7.47123,10.4666,0
-0.080803,-0.032811,0,7.47106,10.4667,0
-0.080805,-0.032811,0,7.47106,10.4667,0
-0.080805,-0.032812,0,7.47123,10.4669,0
-0.080805,-0.032812,0,7.47106,10.4669,0
-0.080439,-0.032796,0,7.45901,10.51,0
-0.080426,-0.032796,0,7.45884,10.51,0
-0.080428,-0.032796,0,7.45901,10.5104,0
-0.080428,-0.032796,0,7.45901,10.5104,0
-0.080427,-0.032796,0,7.45901,10.5104,0
-0.080427,-0.032796,0,7.45901,10.5104,0
-0.080427,-0.032796,0,7.45884,10.5104,0
-0.080427,-0.032796,0,7.45901,10.5104,0
-0.08027,-0.031781,0,7.44907,10.5444,0
-0.08027,-0.031769,0,7.44907,10.5444,0
-0.080359,-0.031833,0,7.44697,10.5512,0
-0.080371,-0.031841,0,7.44767,10.5491,0
-0.080897,-0.03122,0,7.44453,10.5615,0
-0.08091,-0.0312,0,7.44453,10.5615,0
-0.081183,-0.030189,0,7.45954,10.5221,0
-0.081212,-0.030008,0,7.6222,10.584,0
-0.081212,-0.030002,0,7.62709,10.5852,0
-0.081018,-0.030001,0,7.88906,10.6865,0
-0.081016,-0.030001,0,7.89151,10.6872,0
-0.080968,-0.030001,0,7.92606,10.6161,0
-0.081055,-0.030001,0,7.97877,10.5252,0
-0.081058,-0.030001,0,7.97895,10.5228,0
-0.081045,-0.030001,0,8.07058,10.4486,0
-0.081029,-0.030001,0,8.07215,10.4475,0
-0.080714,-0.030001,0,8.12625,10.4756,0
-0.080692,-0.030001,0,8.1273,10.4758,0
-0.080123,-0.030001,0,8.28037,10.621,0
-0.080101,-0.030001,0,8.28106,10.6222,0
-0.07975,-0.03349,0,8.20706,10.7722,0
-0.07975,-0.033511,0,8.20706,10.7722,0
-0.079721,-0.038222,0,8.18053,10.8188,0
-0.079721,-0.038243,0,8.18071,10.8188,0
-0.07917,-0.039932,0,8.14406,10.8668,0
-0.07917,-0.039945,0,8.14388,10.8668,0
-0.07908,-0.040028,0,8.14004,10.8722,0
-0.079067,-0.040037,0,8.14126,10.8704,0
-0.079071,-0.040089,0,8.14126,10.8696,0
-0.079071,-0.040095,0,8.14126,10.8699,0
-0.079025,-0.040744,0,8.15086,10.8547,0
-0.079025,-0.040757,0,8.15086,10.8547,0
-0.079082,-0.039375,0,8.13917,10.8696,0
-0.079082,-0.039364,0,8.13917,10.8696,0
-0.079643,-0.038752,0,8.11055,10.9132,0
-0.079652,-0.038739,0,8.11037,10.9132,0
-0.07965,-0.038742,0,8.11055,10.9134,0
-0.07965,-0.038742,0,8.11055,10.9134,0
-0.079651,-0.038741,0,8.11037,10.9134,0
-0.079651,-0.038741,0,8.11037,10.9134,0
-0.07965,-0.038741,0,8.11055,10.9134,0
-0.07965,-0.038741,0,8.11037,10.9134,0
-0.07965,-0.038741,0,8.11055,10.9134,0
-0.07965,-0.038741,0,8.11037,10.9134,0
-0.079698,-0.037199,0,8.09414,10.9415,0
-0.079698,-0.037187,0,8.09414,10.9415,0
-0.079505,-0.036762,0,8.07686,10.9764,0
-0.079404,-0.036859,0,8.06011,11.0074,0
-0.079388,-0.036862,0,8.05993,11.0094,0
-0.079391,-0.036862,0,8.05993,11.009,0
-0.07939,-0.036862,0,8.05993,11.009,0
-0.07939,-0.036862,0,8.06011,11.009,0
-0.07939,-0.036862,0,8.06011,11.009,0
-0.07939,-0.036862,0,8.06011,11.009,0
-0.07939,-0.036862,0,8.06011,11.009,0
-0.07939,-0.036862,0,8.06011,11.009,0
-0.07939,-0.036862,0,8.06011,11.009,0
-0.079391,-0.036862,0,8.06011,11.009,0
-0.079669,-0.035583,0,8.03393,11.0654,0
-0.079669,-0.035569,0,8.03393,11.0654,0
-0.080222,-0.034606,0,8.04946,11.0279,0
-0.080225,-0.034593,0,8.04946,11.0279,0
-0.080007,-0.033086,0,8.05417,11.0183,0
-0.080007,-0.033071,0,8.05417,11.0183,0
-0.079671,-0.031866,0,8.05155,11.0312,0
-0.079671,-0.031853,0,8.05155,11.0312,0
-0.079875,-0.030273,0,8.05138,11.0617,0
-0.079876,-0.030237,0,8.05138,11.0617,0
-0.080033,-0.030013,0,8.19432,11.1443,0
-0.080035,-0.03001,0,8.19624,11.145,0
-0.080035,-0.03001,0,8.19589,11.1453,0
-0.080035,-0.03001,0,8.19589,11.1453,0
-0.080035,-0.03001,0,8.19607,11.1451,0
-0.080035,-0.03001,0,8.19607,11.1451,0
-0.079972,-0.030008,0,8.21055,11.1102,0
-0.079956,-0.030007,0,8.21265,11.1054,0
-0.079618,-0.030001,0,8.34808,11.1521,0
-0.079557,-0.030001,0,8.42401,11.1586,0
-0.079531,-0.030001,0,8.50865,11.1595,0
-0.07953,-0.030001,0,8.51127,11.1596,0
-0.079346,-0.030001,0,8.58126,11.1544,0
-0.079148,-0.030001,0,8.65072,11.1404,0
-0.079136,-0.030001,0,8.65212,11.1403,0
-0.079017,-0.033686,0,8.65369,11.2068,0
-0.078446,-0.033948,0,8.63345,11.2572,0
-0.078427,-0.033948,0,8.63345,11.2572,0
-0.078069,-0.036299,0,8.59278,11.3405,0
-0.078069,-0.036316,0,8.59278,11.3405,0
-0.078559,-0.038799,0,8.57637,11.3703,0
-0.078559,-0.038811,0,8.57637,11.3703,0
-0.078473,-0.038412,0,8.56032,11.3961,0
-0.078206,-0.037978,0,8.54356,11.4246,0
-0.078201,-0.037966,0,8.54339,11.4248,0
-0.078145,-0.038944,0,8.54007,11.4303,0
-0.078145,-0.038955,0,8.54007,11.4303,0
-0.078145,-0.038956,0,8.54007,11.4303,0
-0.078145,-0.038956,0,8.54007,11.4303,0
-0.078733,-0.03715,0,8.53117,11.445,0
-0.078734,-0.037138,0,8.53117,11.445,0
-0.079061,-0.036047,0,8.53047,11.4462,0
-0.079062,-0.036042,0,8.53047,11.4462,0
-0.079062,-0.036043,0,8.53047,11.4462,0
-0.079062,-0.036043,0,8.53047,11.4462,0
-0.079062,-0.036043,0,8.53047,11.4462,0
-0.079062,-0.036043,0,8.53047,11.4462,0
-0.079062,-0.036042,0,8.53047,11.4462,0
-0.079062,-0.036042,0,8.53047,11.4462,0
-0.079008,-0.035984,0,8.52925,11.4495,0
-0.07901,-0.035977,0,8.52977,11.448,0
-0.078765,-0.033493,0,8.51127,11.4897,0
-0.079303,-0.031388,0,8.51389,11.4864,0
-0.079303,-0.031375,0,8.51407,11.4864,0
-0.078964,-0.030382,0,8.52122,11.4879,0
-0.078961,-0.030345,0,8.52122,11.4878,0
-0.078457,-0.030004,0,8.84638,11.6426,0
-0.078714,-0.030002,0,8.87448,11.5897,0
-0.078727,-0.030002,0,8.875,11.5893,0
-0.078866,-0.031608,0,8.90711,11.5399,0
-0.078866,-0.03161,0,8.90711,11.5399,0
-0.078866,-0.03161,0,8.90711,11.5399,0
-0.078111,-0.031769,0,8.89769,11.5804,0
-0.078096,-0.031773,0,8.89769,11.5806,0
-0.077616,-0.030869,0,8.87884,11.6393,0
-0.077613,-0.030858,0,8.87884,11.6393,0
-0.077805,-0.032459,0,8.86767,11.6876,0
-0.077806,-0.032474,0,8.86767,11.6876,0
-0.077955,-0.033544,0,8.8757,11.6771,0
-0.077955,-0.033557,0,8.8757,11.6771,0
-0.077555,-0.031872,0,8.86208,11.7143,0
-0.077555,-0.031856,0,8.86208,11.7143,0
-0.077868,-0.031844,0,8.84952,11.7571,0
-0.077882,-0.031847,0,8.84969,11.7574,0
-0.077881,-0.031847,0,8.84969,11.7578,0
-0.077881,-0.031847,0,8.84969,11.7578,0
-0.077881,-0.031847,0,8.84969,11.7578,0
-0.077881,-0.031847,0,8.84969,11.7578,0
-0.077881,-0.031847,0,8.84969,11.7578,0
-0.077881,-0.031847,0,8.84969,11.7578,0
-0.078111,-0.031456,0,8.83992,11.7941,0
-0.078114,-0.031446,0,8.83974,11.7942,0
-0.078029,-0.030249,0,8.8387,11.8065,0
-0.078029,-0.030231,0,8.8387,11.8065,0
-0.078357,-0.030066,0,8.85336,11.7916,0
-0.078411,-0.030016,0,8.88669,11.775,0
-0.078416,-0.030007,0,8.89123,11.7735,0
-0.078342,-0.030001,0,9.04115,11.8173,0
-0.078016,-0.030001,0,9.21865,11.8539,0
-0.078,-0.030001,0,9.22162,11.8541,0
-0.077914,-0.030001,0,9.27119,11.8161,0
-0.077901,-0.030001,0,9.27485,11.8113,0
-0.077409,-0.030001,0,9.46614,11.8192,0
-0.077395,-0.030001,0,9.46771,11.8192,0
-0.077094,-0.032744,0,9.49669,11.8405,0
-0.077094,-0.032766,0,9.49669,11.8405,0
-0.077058,-0.035985,0,9.40366,11.9438,0
-0.077058,-0.036006,0,9.40366,11.9438,0
-0.076617,-0.037588,0,9.33577,12.0295,0
-0.076531,-0.038569,0,9.30243,12.0768,0
-0.07653,-0.038583,0,9.30243,12.077,0
-0.076639,-0.040289,0,9.29632,12.085,0
-0.076639,-0.040306,0,9.29632,12.085,0
-0.07714,-0.038397,0,9.28236,12.1058,0
-0.07714,-0.038385,0,9.28236,12.106,0
-0.077141,-0.038384,0,9.28236,12.106,0
-0.077141,-0.038384,0,9.28236,12.106,0
-0.077141,-0.038385,0,9.28236,12.106,0
-0.077141,-0.038385,0,9.28236,12.106,0
-0.077141,-0.038385,0,9.28236,12.106,0
-0.077141,-0.038385,0,9.28236,12.106,0
-0.077141,-0.038385,0,9.28236,12.106,0
-0.077141,-0.038385,0,9.28236,12.106,0
-0.077141,-0.038385,0,9.28236,12.106,0
-0.077141,-0.038385,0,9.28236,12.106,0
-0.077141,-0.038385,0,9.28236,12.106,0
-0.077141,-0.038385,0,9.28236,12.106,0
-0.077141,-0.038385,0,9.28236,12.106,0
-0.077141,-0.038385,0,9.28236,12.106,0
-0.077207,-0.036751,0,9.27136,12.1234,0
-0.077207,-0.036736,0,9.27136,12.1234,0
-0.077095,-0.03479,0,9.25583,12.1524,0
-0.077095,-0.034775,0,9.25583,12.1524,0
-0.077098,-0.033762,0,9.25321,12.1599,0
-0.077098,-0.033746,0,9.25321,12.1597,0
-0.077343,-0.032442,0,9.25408,12.1615,0
-0.077343,-0.032427,0,9.25408,12.1615,0
-0.076936,-0.030646,0,9.25897,12.1686,0
-0.076936,-0.030625,0,9.2588,12.1686,0
-0.077563,-0.030065,0,9.28934,12.158,0
-0.077591,-0.030048,0,9.28934,12.1578,0
-0.077142,-0.030001,0,9.44258,12.1918,0
-0.077122,-0.030001,0,9.44398,12.192,0
-0.076666,-0.030001,0,9.53648,12.1653,0
-0.07664,-0.030001,0,9.53735,12.1649,0
-0.075964,-0.030001,0,9.7906,12.2337,0
-0.075954,-0.031819,0,9.77629,12.2925,0
-0.075954,-0.031837,0,9.77629,12.2925,0
-0.075904,-0.034831,0,9.7611,12.3424,0
-0.075511,-0.035444,0,9.71782,12.413,0
-0.075505,-0.035459,0,9.71764,12.4133,0
-0.07553,-0.035978,0,9.69234,12.4568,0
-0.07553,-0.03599,0,9.69216,12.4569,0
-0.075635,-0.037335,0,9.67837,12.481,0
-0.075635,-0.037348,0,9.67837,12.481,0
-0.076042,-0.038068,0,9.68483,12.4686,0
-0.076046,-0.038082,0,9.68501,12.4686,0
-0.076295,-0.036949,0,9.69094,12.4576,0
-0.076295,-0.036934,0,9.69094,12.4575,0
-0.07661,-0.03609,0,9.69216,12.4545,0
-0.076613,-0.036088,0,9.69216,12.4545,0
-0.076612,-0.036088,0,9.69216,12.4545,0
-0.076612,-0.036089,0,9.69216,12.4545,0
-0.076612,-0.036089,0,9.69216,12.4545,0
-0.076295,-0.035272,0,9.68448,12.4686,0
-0.076293,-0.035258,0,9.68448,12.4686,0
-0.075715,-0.032409,0,9.66738,12.5027,0
-0.075715,-0.032395,0,9.66738,12.5027,0
-0.076438,-0.031505,0,9.67122,12.5007,0
-0.076447,-0.031491,0,9.67122,12.5007,0
-0.076592,-0.030284,0,9.6864,12.4756,0
-0.076592,-0.030257,0,9.6864,12.4754,0
-0.075524,-0.030001,0,9.98241,12.5662,0
-0.075392,-0.030001,0,10.088,12.5234,0
-0.075706,-0.030001,0,10.151,12.4636,0
-0.075722,-0.030001,0,10.1512,12.463,0
-0.075642,-0.030107,0,10.207,12.4313,0
-0.075631,-0.03011,0,10.2093,12.4301,0
-0.075406,-0.030287,0,10.2711,12.4098,0
-0.075402,-0.0303,0,10.2714,12.4098,0
-0.075403,-0.030298,0,10.2713,12.41,0
-0.075403,-0.030298,0,10.2713,12.41,0
-0.074942,-0.030023,0,10.4983,12.4634,0
-0.074792,-0.030047,0,10.3823,12.5362,0
-0.074783,-0.030047,0,10.3809,12.5388,0
-0.07454,-0.030069,0,10.309,12.632,0
-0.07452,-0.03007,0,10.3074,12.6346,0
-0.074622,-0.032291,0,10.3072,12.6852,0
-0.074622,-0.032309,0,10.3072,12.6852,0
-0.074695,-0.034711,0,10.3023,12.7022,0
-0.074695,-0.034728,0,10.3023,12.7022,0
-0.074551,-0.035559,0,10.2554,12.7482,0
-0.07455,-0.035575,0,10.2554,12.7484,0
-0.074357,-0.036586,0,10.2041,12.8105,0
-0.074356,-0.0366,0,10.2041,12.8105,0
-0.074521,-0.036535,0,10.1828,12.8392,0
-0.074522,-0.0365,0,10.1828,12.8393,0
-0.074551,-0.036059,0,10.1494,12.8879,0
-0.074467,-0.035894,0,10.1288,12.921,0
-0.074462,-0.035873,0,10.1281,12.9221,0
-0.074573,-0.036083,0,10.111,12.9512,0
-0.074581,-0.036101,0,10.1109,12.9516,0
-0.074692,-0.037829,0,10.0974,12.975,0
-0.074692,-0.03785,0,10.0974,12.975,0
-0.075381,-0.037219,0,10.1362,12.9048,0
-0.07574,-0.035016,0,10.1526,12.8838,0
-0.075193,-0.033076,0,10.1561,12.8917,0
-0.075193,-0.033058,0,10.1557,12.8917,0
-0.075358,-0.032252,0,10.1707,12.8854,0
-0.07536,-0.032237,0,10.1707,12.8854,0
-0.075508,-0.030495,0,10.2196,12.8402,0
-0.075508,-0.030475,0,10.2198,12.8402,0
-0.074502,-0.030005,0,10.3486,12.8589,0
-0.07373,-0.030001,0,10.5659,12.8905,0
-0.073719,-0.030001,0,10.566,12.8905,0
-0.073722,-0.030001,0,10.5659,12.8907,0
-0.073721,-0.030001,0,10.5659,12.8907,0
-0.073721,-0.030001,0,10.5657,12.8907,0
-0.073721,-0.030001,0,10.5659,12.8907,0
-0.073733,-0.030001,0,10.5954,12.9189,0
-0.073736,-0.030001,0,10.5966,12.9207,0
-0.073839,-0.030001,0,10.6093,12.9427,0
-0.073864,-0.030001,0,10.609,12.9427,0
-0.074002,-0.030001,0,10.6168,12.9645,0
-0.074038,-0.030001,0,10.6175,12.9657,0
-0.074146,-0.030001,0,10.6507,12.9866,0
-0.074164,-0.030001,0,10.6542,12.9879,0
-0.073929,-0.030001,0,10.7565,13.0202,0
-0.073915,-0.030001,0,10.758,13.0205,0
-0.07391,-0.030001,0,10.7575,13.021,0
-0.073912,-0.030001,0,10.7577,13.021,0
-0.073912,-0.030001,0,10.7575,13.021,0
-0.073911,-0.030001,0,10.7573,13.021,0
-0.073911,-0.030001,0,10.7573,13.021,0
-0.073825,-0.032407,0,10.7634,13.0514,0
-0.073825,-0.032418,0,10.7634,13.0514,0
-0.073825,-0.032422,0,10.7636,13.0514,0
-0.073825,-0.03242,0,10.7636,13.0514,0
-0.073825,-0.032421,0,10.7636,13.0514,0
-0.073825,-0.032421,0,10.7636,13.0514,0
-0.073181,-0.033516,0,10.7397,13.0891,0
-0.073178,-0.033529,0,10.7395,13.0893,0
-0.073122,-0.0347,0,10.7107,13.1264,0
-0.073122,-0.034713,0,10.7107,13.1264,0
-0.073179,-0.033615,0,10.6867,13.1552,0
-0.073664,-0.032788,0,10.6676,13.1849,0
-0.073666,-0.032784,0,10.6676,13.1849,0
-0.073665,-0.032785,0,10.6676,13.1849,0
-0.073665,-0.032786,0,10.6676,13.1851,0
-0.073665,-0.032786,0,10.6676,13.1851,0
-0.073615,-0.034161,0,10.6657,13.1957,0
-0.073615,-0.034177,0,10.6657,13.1957,0
-0.073308,-0.032619,0,10.6675,13.1952,0
-0.073231,-0.030475,0,10.6736,13.1938,0
-0.073231,-0.030461,0,10.6737,13.1938,0
-0.0735,-0.030154,0,10.7214,13.1699,0
-0.073514,-0.030139,0,10.7217,13.1697,0
-0.073547,-0.030028,0,10.8067,13.1439,0
-0.073547,-0.030023,0,10.8104,13.1434,0
-0.072853,-0.030001,0,11.0141,13.1778,0
-0.072835,-0.030001,0,11.0148,13.1778,0
-0.072227,-0.030001,0,11.2253,13.2052,0
-0.072213,-0.030001,0,11.2263,13.2052,0
-0.072686,-0.032577,0,11.2123,13.2368,0
-0.072686,-0.032594,0,11.2123,13.2368,0
-0.072006,-0.031273,0,11.1671,13.2717,0
-0.072004,-0.03126,0,11.1671,13.2717,0
-0.072488,-0.032477,0,11.1165,13.3282,0
-0.072489,-0.032487,0,11.1165,13.3282,0
-0.072489,-0.032488,0,11.1164,13.3284,0
-0.072489,-0.032488,0,11.1164,13.3284,0
-0.072489,-0.032487,0,11.1164,13.3284,0
-0.072489,-0.032487,0,11.1164,13.3284,0
-0.072489,-0.032487,0,11.1164,13.3284,0
-0.072489,-0.032487,0,11.1164,13.3284,0
-0.072489,-0.032487,0,11.1164,13.3284,0
-0.072489,-0.032487,0,11.1164,13.3284,0
-0.072489,-0.032487,0,11.1164,13.3284,0
-0.072489,-0.032487,0,11.1162,13.3284,0
-0.071801,-0.030169,0,11.1301,13.3467,0
-0.071801,-0.030155,0,11.1301,13.3467,0
-0.071956,-0.03003,0,11.2371,13.3581,0
-0.071963,-0.030026,0,11.2396,13.3579,0
-0.072523,-0.030013,0,11.2996,13.3488,0
-0.072542,-0.030013,0,11.3,13.3488,0
-0.072156,-0.031954,0,11.3384,13.3635,0
-0.072156,-0.031968,0,11.338,13.3635,0
-0.071278,-0.03016,0,11.3743,13.3839,0
-0.071276,-0.030145,0,11.3743,13.3839,0
-0.072134,-0.030357,0,11.4012,13.4047,0
-0.072146,-0.030358,0,11.4012,13.4047,0
-0.072147,-0.030358,0,11.4012,13.4047,0
-0.072146,-0.030358,0,11.4014,13.4047,0
-0.072146,-0.030358,0,11.4014,13.4047,0
-0.072146,-0.030358,0,11.4014,13.4047,0
-0.072146,-0.030358,0,11.4012,13.4047,0
-0.072146,-0.030358,0,11.4014,13.4047,0
-0.072146,-0.030358,0,11.4014,13.4047,0
-0.072146,-0.030358,0,11.4014,13.4047,0
-0.071567,-0.030095,0,11.4487,13.4511,0
-0.071555,-0.030094,0,11.4488,13.4514,0
-0.071554,-0.030092,0,11.4487,13.4516,0
-0.071555,-0.030094,0,11.4488,13.4516,0
-0.071554,-0.030093,0,11.4488,13.4516,0
-0.071554,-0.030093,0,11.4487,13.4516,0
-0.071554,-0.030093,0,11.4487,13.4516,0
-0.071554,-0.030093,0,11.4485,13.4516,0
-0.071554,-0.030093,0,11.4487,13.4516,0
-0.071554,-0.030093,0,11.4485,13.4516,0
-0.071554,-0.030093,0,11.4487,13.4516,0
-0.071554,-0.030093,0,11.4485,13.4516,0
-0.071554,-0.030093,0,11.4487,13.4516,0
-0.071554,-0.030093,0,11.4485,13.4516,0
-0.071554,-0.030093,0,11.4485,13.4516,0
-0.071554,-0.030093,0,11.4487,13.4516,0
-0.071554,-0.030093,0,11.4487,13.4516,0
-0.071554,-0.030093,0,11.4487,13.4516,0
-0.071554,-0.030093,0,11.4487,13.4516,0
-0.070612,-0.030012,0,11.5862,13.5066,0
-0.070595,-0.030012,0,11.5865,13.5066,0
-0.070122,-0.030003,0,11.7239,13.5392,0
-0.070109,-0.030003,0,11.7242,13.5392,0
-0.070107,-0.030003,0,11.7239,13.5396,0
-0.070108,-0.030003,0,11.7241,13.5396,0
-0.070108,-0.030003,0,11.7241,13.5396,0
-0.070108,-0.030003,0,11.7241,13.5396,0
-0.070108,-0.030003,0,11.7239,13.5396,0
-0.070108,-0.030003,0,11.7241,13.5396,0
-0.070108,-0.030003,0,11.7239,13.5396,0
-0.070778,-0.031943,0,11.7108,13.5788,0
-0.070778,-0.031956,0,11.7108,13.5788,0
-0.070779,-0.031957,0,11.7108,13.5788,0
-0.070779,-0.031955,0,11.7108,13.5788,0
-0.070778,-0.031956,0,11.7108,13.5788,0
-0.070698,-0.031895,0,11.7146,13.5808,0
-0.070687,-0.031888,0,11.7136,13.5806,0
-0.070689,-0.03189,0,11.7138,13.5801,0
-0.070689,-0.03189,0,11.7138,13.5802,0
-0.070688,-0.031889,0,11.7136,13.5808,0
-0.070688,-0.031889,0,11.7136,13.5808,0
-0.070167,-0.030782,0,11.7469,13.5846,0
-0.069643,-0.030055,0,11.8688,13.6521,0
-0.069638,-0.030043,0,11.8688,13.6521,0
-0.069639,-0.030046,0,11.8688,13.6523,0
-0.069639,-0.030046,0,11.8689,13.6523,0
-0.069639,-0.030045,0,11.8689,13.6523,0
-0.069639,-0.030045,0,11.8689,13.6523,0
-0.069709,-0.030092,0,11.8716,13.6602,0
-0.069719,-0.030096,0,11.8703,13.6576,0
-0.069717,-0.030093,0,11.8705,13.6577,0
-0.069718,-0.030094,0,11.8705,13.6577,0
-0.070534,-0.032707,0,11.844,13.6965,0
-0.069722,-0.031151,0,11.8812,13.6925,0
-0.06972,-0.031138,0,11.8812,13.6925,0
-0.069985,-0.030606,0,11.9559,13.697,0
-0.069988,-0.030595,0,11.9562,13.697,0
-0.069988,-0.030595,0,11.9562,13.6968,0
-0.069988,-0.030595,0,11.9562,13.6968,0
-0.069987,-0.030595,0,11.9562,13.6968,0
-0.069987,-0.030595,0,11.9562,13.6968,0
-0.069987,-0.030595,0,11.9562,13.6968,0
-0.069987,-0.030595,0,11.9562,13.6968,0
-0.069987,-0.030595,0,11.9562,13.6968,0
-0.069987,-0.030595,0,11.9562,13.6968,0
-0.069987,-0.030595,0,11.9562,13.6968,0
-0.069987,-0.030595,0,11.9562,13.6968,0
-0.070191,-0.030339,0,11.9799,13.722,0
-0.070206,-0.030325,0,11.9799,13.7223,0
-0.069561,-0.030164,0,12.0196,13.7523,0
-0.069545,-0.030163,0,12.0196,13.7523,0
-0.068853,-0.03144,0,12.0693,13.7839,0
-0.06885,-0.031451,0,12.0693,13.7839,0
-0.06885,-0.031452,0,12.0693,13.7839,0
-0.06885,-0.031451,0,12.0693,13.7839,0
-0.06885,-0.031451,0,12.0693,13.7839,0
-0.06885,-0.031451,0,12.0693,13.7839,0
-0.06885,-0.031451,0,12.0693,13.7839,0
-0.06885,-0.031451,0,12.0693,13.7839,0
-0.06885,-0.031451,0,12.0693,13.7839,0
-0.068739,-0.030768,0,12.1794,13.7905,0
-0.068739,-0.030754,0,12.1798,13.7905,0
-0.068516,-0.030392,0,12.2842,13.8251,0
-0.068511,-0.03038,0,12.285,13.8253,0
-0.068703,-0.032835,0,12.3316,13.8645,0
-0.068703,-0.032849,0,12.3316,13.8645,0
-0.068573,-0.032743,0,12.2369,13.8509,0
-0.068568,-0.03274,0,12.2353,13.8508,0
-0.068564,-0.032737,0,12.2342,13.8504,0
-0.068565,-0.032738,0,12.2348,13.8504,0
-0.068361,-0.030879,0,12.2342,13.8527,0
-0.068361,-0.030865,0,12.2342,13.8525,0
-0.067817,-0.030075,0,12.3105,13.8797,0
-0.067815,-0.030071,0,12.3107,13.8799,0
-0.067815,-0.030072,0,12.3105,13.8799,0
-0.067816,-0.030073,0,12.3105,13.8799,0
-0.067816,-0.030073,0,12.3105,13.8801,0
-0.067816,-0.030072,0,12.3105,13.8801,0
-0.067816,-0.030072,0,12.3105,13.8801,0
-0.067816,-0.030072,0,12.3105,13.8801,0
-0.067816,-0.030072,0,12.3105,13.8801,0
-0.067754,-0.030923,0,12.4323,13.9342,0
-0.067754,-0.030936,0,12.4323,13.9344,0
-0.066985,-0.032013,0,12.4836,13.9647,0
-0.068077,-0.034692,0,12.4713,13.9654,0
-0.068078,-0.034708,0,12.4713,13.9654,0
-0.068085,-0.032181,0,12.3554,13.9443,0
-0.067468,-0.030315,0,12.4423,13.9956,0
-0.067468,-0.030298,0,12.4423,13.9956,0
-0.067239,-0.03239,0,12.5041,14.0351,0
-0.067238,-0.032406,0,12.5041,14.0351,0
-0.067276,-0.033471,0,12.4899,14.034,0
-0.067276,-0.033486,0,12.4899,14.034,0
-0.066959,-0.031412,0,12.5714,14.0384,0
-0.067582,-0.032246,0,12.6393,14.0646,0
-0.067199,-0.032712,0,12.6168,14.0612,0
-0.067193,-0.032718,0,12.6168,14.0612,0
-0.067195,-0.032717,0,12.6168,14.0612,0
-0.066792,-0.031737,0,12.6718,14.0736,0
-0.06679,-0.031721,0,12.672,14.0736,0
-0.066649,-0.031631,0,12.7365,14.0998,0
-0.066636,-0.031628,0,12.7381,14.1003,0
-0.066893,-0.032674,0,12.7819,14.1225,0
-0.066894,-0.032687,0,12.7819,14.1225,0
-0.06714,-0.03478,0,12.7959,14.1263,0
-0.067141,-0.034793,0,12.7959,14.1263,0
-0.067041,-0.032394,0,12.8161,14.1256,0
-0.067041,-0.03238,0,12.8161,14.1256,0
-0.066676,-0.031239,0,12.8317,14.1332,0
-0.066676,-0.031235,0,12.8317,14.1332,0
-0.066676,-0.031236,0,12.8317,14.1332,0
-0.066676,-0.031237,0,12.8317,14.1332,0
-0.066676,-0.031237,0,12.8317,14.1332,0
-0.066594,-0.031284,0,12.8372,14.1389,0
-0.066583,-0.031286,0,12.8353,14.1366,0
-0.066585,-0.031285,0,12.8357,14.1372,0
-0.066584,-0.031285,0,12.8357,14.1372,0
-0.066394,-0.031684,0,12.8941,14.1736,0
-0.065881,-0.032363,0,12.9585,14.208,0
-0.065873,-0.032376,0,12.9587,14.2082,0
-0.06548,-0.033458,0,12.9662,14.2098,0
-0.065478,-0.033464,0,12.9664,14.2098,0
-0.065478,-0.033462,0,12.9662,14.2098,0
-0.065479,-0.033462,0,12.9662,14.2098,0
-0.065479,-0.033462,0,12.9664,14.2098,0
-0.065479,-0.033462,0,12.9664,14.2098,0
-0.065479,-0.033462,0,12.9664,14.2098,0
-0.065479,-0.033462,0,12.9664,14.2098,0
-0.065337,-0.032719,0,13.0502,14.238,0
-0.065341,-0.032738,0,13.1142,14.267,0
-0.065342,-0.032739,0,13.1165,14.2677,0
-0.065328,-0.03307,0,13.1614,14.2885,0
-0.065328,-0.033082,0,13.1615,14.2887,0
-0.065328,-0.033081,0,13.1615,14.2888,0
-0.065328,-0.033081,0,13.1615,14.2888,0
-0.065328,-0.033081,0,13.1615,14.2888,0
-0.065328,-0.033081,0,13.1615,14.2888,0
-0.065329,-0.033081,0,13.1615,14.2888,0
-0.065329,-0.033081,0,13.1615,14.2888,0
-0.065329,-0.033081,0,13.1615,14.2888,0
-0.065329,-0.033081,0,13.1615,14.2888,0
-0.065329,-0.033081,0,13.1615,14.2888,0
-0.065329,-0.033081,0,13.1615,14.2888,0
-0.065329,-0.033081,0,13.1615,14.2888,0
-0.065329,-0.033081,0,13.1615,14.2888,0
-0.065004,-0.033114,0,13.2214,14.3173,0
-0.064992,-0.03311,0,13.2219,14.3175,0
-0.064993,-0.03311,0,13.2217,14.3178,0
-0.064993,-0.03311,0,13.2217,14.3178,0
-0.064993,-0.03311,0,13.2216,14.3178,0
-0.064993,-0.03311,0,13.2219,14.3178,0
-0.064993,-0.03311,0,13.2219,14.3178,0
-0.064993,-0.03311,0,13.2219,14.3178,0
-0.064993,-0.03311,0,13.2219,14.3178,0
-0.064993,-0.03311,0,13.2219,14.3178,0
-0.064993,-0.03311,0,13.2219,14.3178,0
-0.064993,-0.03311,0,13.2219,14.3178,0
-0.064993,-0.03311,0,13.2219,14.3178,0
-0.064993,-0.03311,0,13.2219,14.3178,0
-0.064993,-0.03311,0,13.2219,14.3178,0
-0.064993,-0.03311,0,13.2219,14.3178,0
-0.064993,-0.03311,0,13.2219,14.3178,0
-0.064993,-0.03311,0,13.2219,14.3178,0
-0.064993,-0.03311,0,13.2219,14.3178,0
-0.064993,-0.03311,0,13.2219,14.3178,0
-0.064993,-0.03311,0,13.2219,14.3178,0
-0.064805,-0.032481,0,13.2926,14.3525,0
-0.064803,-0.03247,0,13.293,14.3527,0
-0.064803,-0.032471,0,13.2928,14.3529,0
-0.064803,-0.032471,0,13.2928,14.3529,0
-0.064803,-0.032471,0,13.2928,14.3529,0
-0.064803,-0.032471,0,13.2928,14.3529,0
-0.064803,-0.032471,0,13.2928,14.3529,0
-0.064803,-0.032471,0,13.2928,14.3529,0
-0.064803,-0.032471,0,13.2928,14.3529,0
-0.064803,-0.032471,0,13.2928,14.3529,0
-0.064803,-0.032471,0,13.2928,14.3529,0
-0.064803,-0.032471,0,13.2926,14.3529,0
-0.064803,-0.032471,0,13.2926,14.3529,0
-0.064803,-0.032471,0,13.2928,14.3529,0
-0.064803,-0.032471,0,13.2928,14.3529,0
-0.064803,-0.032471,0,13.2928,14.3529,0
-0.064803,-0.032471,0,13.2928,14.3529,0
-0.064803,-0.032471,0,13.2928,14.3529,0
-0.064803,-0.032471,0,13.2928,14.3529,0
-0.064803,-0.032471,0,13.2928,14.3529,0
-0.064321,-0.032173,0,13.3441,14.3817,0
-0.064308,-0.032169,0,13.3441,14.3819,0
-0.064304,-0.032169,0,13.3443,14.382,0
-0.064306,-0.032169,0,13.3444,14.382,0
-0.064306,-0.032169,0,13.3444,14.382,0
-0.064305,-0.032169,0,13.3443,14.382,0
-0.064305,-0.032169,0,13.3443,14.382,0
-0.064305,-0.032169,0,13.3443,14.382,0
-0.064305,-0.032169,0,13.3443,14.382,0
-0.064305,-0.032169,0,13.3444,14.382,0
-0.064305,-0.032169,0,13.3443,14.382,0
-0.064305,-0.032169,0,13.3443,14.382,0
-0.064305,-0.032169,0,13.3444,14.382,0
-0.064305,-0.032169,0,13.3444,14.382,0
-0.064305,-0.032169,0,13.3444,14.382,0
-0.064305,-0.032169,0,13.3444,14.382,0
-0.064305,-0.032169,0,13.3446,14.382,0
-0.064305,-0.032169,0,13.3444,14.382,0
-0.064305,-0.032169,0,13.3444,14.382,0
-0.064305,-0.032169,0,13.3446,14.382,0
-0.064045,-0.032229,0,13.4149,14.4244,0
-0.064032,-0.032223,0,13.4162,14.425,0
-0.063955,-0.031822,0,13.4441,14.4402,0
-0.063955,-0.031812,0,13.4441,14.4402,0
-0.063953,-0.031807,0,13.4441,14.44,0
-0.063954,-0.031809,0,13.4441,14.44,0
-0.063954,-0.031809,0,13.4441,14.44,0
-0.063954,-0.031808,0,13.4443,14.44,0
-0.063954,-0.031808,0,13.4443,14.44,0
-0.063954,-0.031808,0,13.4443,14.44,0
-0.063954,-0.031808,0,13.4443,14.44,0
-0.063954,-0.031808,0,13.4441,14.44,0
-0.063954,-0.031808,0,13.4441,14.44,0
-0.064395,-0.031934,0,13.4212,14.4218,0
-0.064409,-0.031936,0,13.4212,14.4218,0
-0.064624,-0.032058,0,13.456,14.4436,0
-0.064635,-0.032076,0,13.4565,14.444,0
-0.064732,-0.032181,0,13.4621,14.4484,0
-0.064741,-0.032189,0,13.4605,14.4471,0
-0.064737,-0.032184,0,13.4607,14.4471,0
-0.064738,-0.032186,0,13.4607,14.4471,0
-0.064738,-0.032186,0,13.4609,14.4473,0
-0.064738,-0.032186,0,13.4609,14.4473,0
-0.064738,-0.032185,0,13.4609,14.4473,0
-0.064738,-0.032185,0,13.4609,14.4473,0
-0.064738,-0.032185,0,13.4609,14.4473,0
-0.064738,-0.032185,0,13.4609,14.4473,0
-0.064738,-0.032185,0,13.4607,14.4473,0
-0.064738,-0.032185,0,13.4609,14.4473,0
-0.064738,-0.032185,0,13.4607,14.4473,0
-0.064738,-0.032185,0,13.4607,14.4473,0
-0.064738,-0.032185,0,13.4609,14.4473,0
-0.064557,-0.031113,0,13.5127,14.4813,0
-0.064557,-0.031101,0,13.5127,14.4813,0
-0.064557,-0.031104,0,13.5127,14.4815,0
-0.064557,-0.031103,0,13.5127,14.4815,0
-0.064557,-0.031102,0,13.5127,14.4815,0
-0.064557,-0.031102,0,13.5127,14.4815,0
-0.064557,-0.031103,0,13.5129,14.4815,0
-0.064557,-0.031103,0,13.5129,14.4815,0
-0.064556,-0.031103,0,13.5129,14.4815,0
-0.064556,-0.031103,0,13.5129,14.4815,0
-0.064556,-0.031103,0,13.5129,14.4815,0
-0.064556,-0.031103,0,13.5129,14.4815,0
-0.064556,-0.031103,0,13.5129,14.4815,0
-0.064556,-0.031103,0,13.5127,14.4815,0
-0.064556,-0.031103,0,13.5129,14.4815,0
-0.064556,-0.031103,0,13.5127,14.4815,0
-0.064556,-0.031103,0,13.5127,14.4815,0
-0.064413,-0.030568,0,13.5816,14.54,0
-0.064412,-0.030556,0,13.5823,14.54,0
-0.064412,-0.030556,0,13.5822,14.5403,0
-0.064412,-0.030556,0,13.5822,14.5403,0
-0.064412,-0.030556,0,13.5822,14.5403,0
-0.064412,-0.030556,0,13.5823,14.5403,0
-0.064412,-0.030556,0,13.5822,14.5403,0
-0.064412,-0.030556,0,13.5822,14.5403,0
-0.064412,-0.030556,0,13.5823,14.5403,0
-0.064412,-0.030556,0,13.5823,14.5403,0
-0.064412,-0.030556,0,13.5823,14.5403,0
-0.064412,-0.030556,0,13.5823,14.5403,0
-0.064412,-0.030556,0,13.5823,14.5403,0
-0.064412,-0.030556,0,13.5823,14.5403,0
-0.064412,-0.030556,0,13.5823,14.5403,0
-0.064412,-0.030556,0,13.5823,14.5403,0
-0.064412,-0.030556,0,13.5823,14.5403,0
-0.064412,-0.030556,0,13.5823,14.5403,0
-0.064412,-0.030556,0,13.5823,14.5403,0
-0.064412,-0.030556,0,13.5823,14.5403,0
-0.064412,-0.030556,0,13.5825,14.5403,0
-0.064225,-0.030447,0,13.635,14.5946,0
-0.064209,-0.030383,0,13.6628,14.629,0
-0.064208,-0.030375,0,13.6644,14.6313,0
-0.064208,-0.030378,0,13.664,14.6307,0
-0.064208,-0.030378,0,13.664,14.6307,0
-0.064208,-0.030377,0,13.6642,14.6307,0
-0.064208,-0.030377,0,13.6644,14.6307,0
-0.064208,-0.030377,0,13.6644,14.6307,0
-0.064208,-0.030377,0,13.6644,14.6307,0
-0.064208,-0.030377,0,13.6644,14.6307,0
-0.064208,-0.030377,0,13.6644,14.6307,0
-0.064208,-0.030377,0,13.6645,14.6307,0
-0.064208,-0.030377,0,13.6644,14.6307,0
-0.064208,-0.030377,0,13.6644,14.6307,0
-0.064208,-0.030377,0,13.6644,14.6307,0
-0.064208,-0.030377,0,13.6645,14.6307,0
-0.064208,-0.030377,0,13.6644,14.6307,0
-0.064208,-0.030377,0,13.6645,14.6307,0
-0.064231,-0.030241,0,13.6902,14.6662,0
-0.064233,-0.030221,0,13.6912,14.6677,0
-0.064256,-0.030288,0,13.6952,14.6758,0
-0.06425,-0.0303,0,13.694,14.6735,0
-0.064639,-0.030259,0,13.6546,14.6609,0
-0.064643,-0.030256,0,13.6544,14.6608,0
-0.064642,-0.030257,0,13.6546,14.6608,0
-0.064657,-0.030168,0,13.6178,14.6494,0
-0.064726,-0.030097,0,13.5724,14.6355,0
-0.064734,-0.030096,0,13.572,14.6341,0
-0.064732,-0.030096,0,13.5722,14.6341,0
-0.064732,-0.030097,0,13.572,14.6346,0
-0.064732,-0.030097,0,13.572,14.6344,0
-0.064632,-0.030058,0,13.5923,14.6707,0
-0.064518,-0.030033,0,13.6158,14.7096,0
-0.064443,-0.03002,0,13.6226,14.7365,0
-0.064433,-0.030019,0,13.623,14.7384,0
-0.064434,-0.030019,0,13.623,14.7383,0
-0.064434,-0.030019,0,13.6232,14.7383,0
-0.064434,-0.030019,0,13.6232,14.7383,0
-0.064434,-0.030019,0,13.6232,14.7383,0
-0.064434,-0.030019,0,13.6232,14.7383,0
-0.064434,-0.030019,0,13.6232,14.7383,0
-0.064434,-0.030019,0,13.6232,14.7383,0
-0.064434,-0.030019,0,13.6232,14.7383,0
-0.064434,-0.030019,0,13.6232,14.7383,0
-0.064434,-0.030019,0,13.6232,14.7383,0
-0.064434,-0.030019,0,13.6232,14.7383,0
-0.064434,-0.030019,0,13.6232,14.7383,0
-0.064434,-0.030019,0,13.6232,14.7383,0
-0.064434,-0.030019,0,13.6232,14.7383,0
-0.064434,-0.030019,0,13.6232,14.7383,0
-0.064434,-0.030019,0,13.6232,14.7383,0
-0.064434,-0.030019,0,13.6232,14.7383,0
-0.064468,-0.030012,0,13.6532,14.7793,0
-0.064469,-0.030011,0,13.6542,14.7831,0
-0.064536,-0.030006,0,13.6665,14.8152,0
-0.064552,-0.030006,0,13.6656,14.8166,0
-0.064643,-0.030003,0,13.6553,14.8358,0
-0.06465,-0.030003,0,13.6546,14.8365,0
-0.064651,-0.030003,0,13.6546,14.8369,0
-0.064651,-0.030003,0,13.6548,14.8369,0
-0.06465,-0.030003,0,13.6548,14.8365,0
-0.06465,-0.030003,0,13.6546,14.8365,0
-0.06465,-0.030003,0,13.6546,14.8365,0
-0.06465,-0.030003,0,13.6546,14.8365,0
-0.06465,-0.030003,0,13.6546,14.8365,0
-0.064685,-0.030002,0,13.6134,14.8374,0
-0.064686,-0.030002,0,13.6097,14.8372,0
-0.064712,-0.030001,0,13.5684,14.8404,0
-0.064712,-0.030001,0,13.567,14.8409,0
-0.064536,-0.030001,0,13.5769,14.9053,0
-0.064519,-0.030001,0,13.5769,14.9056,0
-0.064608,-0.030001,0,13.504,14.9056,0
-0.064613,-0.030001,0,13.5017,14.9051,0
-0.064577,-0.030001,0,13.4198,14.9093,0
-0.064506,-0.030001,0,13.3537,14.9255,0
-0.064503,-0.030001,0,13.3521,14.9262,0
-0.064503,-0.030001,0,13.3521,14.9266,0
-0.064503,-0.030001,0,13.3521,14.9266,0
-0.064503,-0.030001,0,13.3521,14.9264,0
-0.064503,-0.030001,0,13.3521,14.9264,0
-0.064503,-0.030001,0,13.3519,14.9264,0
-0.064503,-0.030001,0,13.3519,14.9264,0
-0.064386,-0.030203,0,13.2959,14.9524,0
-0.063188,-0.030027,0,13.2802,15.0322,0
-0.063174,-0.030027,0,13.2802,15.0322,0
-0.063391,-0.030007,0,13.4525,15.057,0
-0.063397,-0.030007,0,13.4547,15.057,0
-0.063631,-0.031042,0,13.6244,15.087,0
-0.063632,-0.031055,0,13.6246,15.087,0
-0.063637,-0.032905,0,13.5207,15.0706,0
-0.063637,-0.032919,0,13.5207,15.0706,0
-0.064065,-0.031109,0,13.5598,15.0543,0
-0.064066,-0.031098,0,13.5598,15.0543,0
-0.064066,-0.031097,0,13.5596,15.0543,0
-0.064066,-0.031098,0,13.5596,15.0543,0
-0.064066,-0.031098,0,13.5598,15.0543,0
-0.064066,-0.031098,0,13.5598,15.0543,0
-0.064066,-0.031098,0,13.5598,15.0543,0
-0.064066,-0.031098,0,13.5598,15.0543,0
-0.064066,-0.031098,0,13.5598,15.0543,0
-0.064066,-0.031098,0,13.5596,15.0543,0
-0.064066,-0.031098,0,13.5596,15.0543,0
-0.064066,-0.031098,0,13.5596,15.0543,0
-0.064066,-0.031098,0,13.5596,15.0543,0
-0.064066,-0.031098,0,13.5596,15.0543,0
-0.064066,-0.031098,0,13.5596,15.0543,0
-0.064066,-0.031098,0,13.5596,15.0543,0
-0.064749,-0.030313,0,13.6024,15.0788,0
-0.064845,-0.030206,0,13.6399,15.1058,0
-0.064855,-0.030192,0,13.6413,15.1072,0
-0.064777,-0.030122,0,13.627,15.1266,0
-0.064766,-0.030115,0,13.6256,15.1276,0
-0.064676,-0.030066,0,13.5733,15.1439,0
-0.064668,-0.030063,0,13.571,15.1444,0
-0.06461,-0.03094,0,13.5064,15.1695,0
-0.064609,-0.030953,0,13.5062,15.1695,0
-0.064302,-0.031011,0,13.4338,15.1826,0
-0.064285,-0.031011,0,13.4333,15.1828,0
-0.064206,-0.030293,0,13.472,15.1959,0
-0.064114,-0.030127,0,13.53,15.2301,0
-0.064108,-0.030111,0,13.5314,15.2311,0
-0.064387,-0.030499,0,13.5689,15.2528,0
-0.064389,-0.030512,0,13.5692,15.253,0
-0.064389,-0.03051,0,13.5691,15.253,0
-0.064389,-0.03051,0,13.5691,15.253,0
-0.064389,-0.030511,0,13.5691,15.2531,0
-0.064389,-0.030511,0,13.5691,15.2531,0
-0.064389,-0.030511,0,13.5691,15.2531,0
-0.064389,-0.030511,0,13.5689,15.2531,0
-0.064389,-0.030511,0,13.5691,15.2531,0
-0.064389,-0.030511,0,13.5691,15.2531,0
-0.064972,-0.03026,0,13.5935,15.2664,0
-0.064986,-0.030258,0,13.5935,15.2664,0
-0.064926,-0.03006,0,13.5844,15.2907,0
-0.064912,-0.030106,0,13.5699,15.3153,0
-0.064912,-0.030117,0,13.5691,15.3174,0
-0.064763,-0.0309,0,13.5167,15.3547,0
-0.064762,-0.03092,0,13.5167,15.3547,0
-0.063492,-0.031293,0,13.461,15.3393,0
-0.063478,-0.031294,0,13.461,15.3393,0
-0.06431,-0.030357,0,13.5069,15.3268,0
-0.064328,-0.030344,0,13.5069,15.3268,0
-0.064576,-0.030184,0,13.5385,15.3355,0
-0.064589,-0.030181,0,13.5383,15.3357,0
-0.06459,-0.030181,0,13.5383,15.3364,0
-0.06459,-0.030181,0,13.5383,15.3364,0
-0.065206,-0.030263,0,13.5621,15.3547,0
-0.065218,-0.030266,0,13.5623,15.3547,0
-0.065217,-0.030265,0,13.5623,15.3549,0
-0.065217,-0.030265,0,13.5623,15.3549,0
-0.065217,-0.030265,0,13.5621,15.3549,0
-0.065217,-0.030265,0,13.5623,15.3549,0
-0.065217,-0.030265,0,13.5623,15.3549,0
-0.065217,-0.030265,0,13.5623,15.3549,0
-0.065248,-0.030117,0,13.5514,15.4008,0
-0.065264,-0.0301,0,13.5513,15.4039,0
-0.064923,-0.030026,0,13.5207,15.4699,0
-0.064905,-0.030026,0,13.5207,15.4704,0
-0.064151,-0.031054,0,13.5078,15.4901,0
-0.064146,-0.031065,0,13.508,15.4901,0
-0.064148,-0.031062,0,13.508,15.4903,0
-0.064148,-0.031062,0,13.508,15.4903,0
-0.064147,-0.031063,0,13.508,15.4903,0
-0.064147,-0.031063,0,13.508,15.4903,0
-0.064147,-0.031063,0,13.508,15.4903,0
-0.064147,-0.031063,0,13.508,15.4903,0
-0.064147,-0.031063,0,13.5078,15.4903,0
-0.064147,-0.031063,0,13.508,15.4903,0
-0.064147,-0.031063,0,13.508,15.4903,0
-0.064147,-0.031063,0,13.508,15.4903,0
-0.064753,-0.030306,0,13.5193,15.5008,0
-0.065199,-0.030083,0,13.5649,15.5219,0
-0.064504,-0.031336,0,13.575,15.5313,0
-0.064502,-0.031341,0,13.5752,15.5313,0
-0.064502,-0.03134,0,13.5752,15.5313,0
-0.064503,-0.03134,0,13.5752,15.5313,0
-0.064503,-0.03134,0,13.575,15.5313,0
-0.064503,-0.03134,0,13.575,15.5313,0
-0.064503,-0.03134,0,13.5748,15.5313,0
-0.06482,-0.030211,0,13.5635,15.5711,0
-0.064821,-0.030197,0,13.5635,15.5711,0
-0.065192,-0.030157,0,13.56,15.5956,0
-0.06521,-0.030157,0,13.5598,15.5957,0
-0.064533,-0.031144,0,13.5251,15.6427,0
-0.064528,-0.031157,0,13.5251,15.6427,0
-0.064526,-0.031157,0,13.5251,15.6427,0
-0.064528,-0.031156,0,13.5251,15.6429,0
-0.064528,-0.031156,0,13.5251,15.6429,0
-0.064527,-0.031156,0,13.5251,15.6429,0
-0.064527,-0.031156,0,13.5251,15.6429,0
-0.064527,-0.031156,0,13.5251,15.6429,0
-0.064527,-0.031156,0,13.5251,15.6429,0
-0.064816,-0.030265,0,13.5022,15.6758,0
-0.064817,-0.030253,0,13.5022,15.6758,0
-0.065221,-0.030053,0,13.5027,15.6943,0
-0.065227,-0.03005,0,13.5029,15.6942,0
-0.065225,-0.030051,0,13.5029,15.6942,0
-0.065225,-0.030051,0,13.5029,15.6942,0
-0.065226,-0.030051,0,13.5029,15.6942,0
-0.065226,-0.030051,0,13.5029,15.6942,0
-0.065226,-0.030051,0,13.5029,15.6942,0
-0.065226,-0.030051,0,13.5029,15.6942,0
-0.065226,-0.030051,0,13.5029,15.6942,0
-0.065226,-0.030051,0,13.5029,15.6942,0
-0.065226,-0.030051,0,13.5029,15.6942,0
-0.065226,-0.030051,0,13.5029,15.6942,0
-0.065226,-0.030051,0,13.5029,15.6942,0
-0.065226,-0.030051,0,13.5029,15.6942,0
-0.065436,-0.030014,0,13.5169,15.7319,0
-0.065455,-0.030014,0,13.5169,15.7326,0
-0.065517,-0.030005,0,13.5258,15.7685,0
-0.06552,-0.030005,0,13.5263,15.7724,0
-0.066017,-0.030002,0,13.5413,15.783,0
-0.066031,-0.030002,0,13.5411,15.7828,0
-0.065643,-0.030001,0,13.5399,15.8099,0
-0.065623,-0.030001,0,13.5399,15.8101,0
-0.064343,-0.0318,0,13.5305,15.8425,0
-0.064338,-0.031816,0,13.5305,15.8425,0
-0.065069,-0.030486,0,13.5558,15.8383,0
-0.065071,-0.03047,0,13.5558,15.8383,0
-0.065569,-0.030111,0,13.5486,15.8593,0
-0.065581,-0.030107,0,13.5486,15.8595,0
-0.065582,-0.030107,0,13.5486,15.8595,0
-0.065582,-0.030107,0,13.5486,15.8596,0
-0.065581,-0.030107,0,13.5486,15.8596,0
-0.065581,-0.030107,0,13.5486,15.8596,0
-0.065581,-0.030107,0,13.5486,15.8596,0
-0.065581,-0.030107,0,13.5486,15.8596,0
-0.065581,-0.030107,0,13.5486,15.8596,0
-0.065581,-0.030107,0,13.5486,15.8596,0
-0.065581,-0.030107,0,13.5486,15.8596,0
-0.065624,-0.03004,0,13.5486,15.8975,0
-0.065628,-0.030036,0,13.5483,15.901,0
-0.065617,-0.030021,0,13.5331,15.9359,0
-0.065637,-0.03002,0,13.5328,15.9385,0
-0.065549,-0.030031,0,13.5183,15.9773,0
-0.065545,-0.030032,0,13.5181,15.9778,0
-0.065546,-0.030032,0,13.5181,15.9778,0
-0.06513,-0.030816,0,13.5289,15.9844,0
-0.065128,-0.030828,0,13.5289,15.9844,0
-0.064655,-0.032113,0,13.5204,16.0015,0
-0.064653,-0.032131,0,13.5204,16.0015,0
-0.065318,-0.030151,0,13.523,15.997,0
-0.066385,-0.03001,0,13.5813,16.0075,0
-0.066398,-0.03001,0,13.5813,16.0075,0
-0.066396,-0.03001,0,13.5813,16.0075,0
-0.066396,-0.03001,0,13.5813,16.0075,0
-0.065369,-0.030671,0,13.5719,16.0427,0
