-0.099567,-0.050495,0,1.14459,1.74812,0
-0.099567,-0.050495,0,1.14459,1.74812,0
-0.099567,-0.050495,0,1.14459,1.74812,0
-0.099567,-0.050495,0,1.14459,1.74812,0
-0.099567,-0.050495,0,1.14459,1.74812,0
-0.099567,-0.050495,0,1.14459,1.74812,0
-0.099567,-0.050495,0,1.14459,1.74812,0
-0.099567,-0.050495,0,1.14459,1.74812,0
-0.099567,-0.050495,0,1.14459,1.74812,0
-0.099567,-0.050495,0,1.14459,1.74812,0
-0.099567,-0.050495,0,1.14459,1.74812,0
-0.099567,-0.050495,0,1.14459,1.74812,0
-0.099567,-0.050495,0,1.14459,1.74812,0
-0.099567,-0.050495,0,1.14459,1.74812,0
-0.099567,-0.050495,0,1.14459,1.74812,0
-0.099567,-0.050495,0,1.14459,1.74812,0
-0.099567,-0.050495,0,1.14459,1.74812,0
-0.099567,-0.050495,0,1.14459,1.74812,0
-0.099567,-0.050495,0,1.14459,1.74812,0
-0.099567,-0.050495,0,1.14459,1.74812,0
-0.099567,-0.050495,0,1.14459,1.74812,0
-0.099567,-0.050495,0,1.14459,1.74812,0
-0.099567,-0.050495,0,1.14459,1.74812,0
-0.099567,-0.050495,0,1.14459,1.74812,0
-0.099567,-0.050495,0,1.14459,1.74812,0
-0.098966,-0.050656,0,1.22574,1.86611,0
-0.098952,-0.050657,0,1.22592,1.86646,0
-0.098702,-0.050761,0,1.29364,1.95634,0
-0.09869,-0.050771,0,1.29469,1.95843,0
-0.098755,-0.050771,0,1.29818,1.96454,0
-0.098737,-0.050771,0,1.29695,1.96262,0
-0.099126,-0.050309,0,1.20986,1.84691,0
-0.099135,-0.050298,0,1.20951,1.84638,0
-0.099239,-0.050368,0,1.20026,1.84569,0
-0.099249,-0.050378,0,1.20323,1.84586,0
-0.099258,-0.049872,0,1.1568,1.77832,0
-0.099258,-0.049861,0,1.1568,1.77814,0
-0.099152,-0.049739,0,1.20655,1.85092,0
-0.099115,-0.049828,0,1.26135,1.93103,0
-0.099114,-0.049831,0,1.2624,1.93278,0
-0.099114,-0.049831,0,1.26205,1.93278,0
-0.099114,-0.049831,0,1.26205,1.93278,0
-0.099108,-0.049909,0,1.26624,1.93958,0
-0.099109,-0.049909,0,1.26519,1.93784,0
-0.09911,-0.049909,0,1.26536,1.93819,0
-0.09911,-0.049909,0,1.26536,1.93819,0
-0.09911,-0.049909,0,1.26519,1.93819,0
-0.09911,-0.049909,0,1.26519,1.93819,0
-0.09911,-0.049909,0,1.26519,1.93819,0
-0.09911,-0.049909,0,1.26519,1.93819,0
-0.09911,-0.049909,0,1.26519,1.93819,0
-0.09911,-0.049909,0,1.26519,1.93819,0
-0.09911,-0.049909,0,1.26519,1.93819,0
-0.098975,-0.050104,0,1.33989,2.04448,0
-0.098972,-0.050115,0,1.34059,2.0464,0
-0.098865,-0.050121,0,1.34425,2.05268,0
-0.098866,-0.05012,0,1.34373,2.05094,0
-0.098866,-0.05012,0,1.34373,2.05163,0
-0.098865,-0.05012,0,1.34408,2.05216,0
-0.098865,-0.05012,0,1.34408,2.05181,0
-0.098865,-0.05012,0,1.3439,2.05163,0
-0.098865,-0.05012,0,1.3439,2.05163,0
-0.098865,-0.05012,0,1.3439,2.05163,0
-0.098865,-0.05012,0,1.3439,2.05163,0
-0.098865,-0.05012,0,1.3439,2.05163,0
-0.098865,-0.05012,0,1.3439,2.05163,0
-0.098865,-0.05012,0,1.3439,2.05163,0
-0.098865,-0.05012,0,1.3439,2.05163,0
-0.098865,-0.05012,0,1.3439,2.05163,0
-0.098865,-0.05012,0,1.3439,2.05163,0
-0.098865,-0.05012,0,1.3439,2.05163,0
-0.098398,-0.050173,0,1.42942,2.16752,0
-0.098379,-0.050173,0,1.4296,2.16805,0
-0.098385,-0.050173,0,1.4296,2.16805,0
-0.098613,-0.049446,0,1.37584,2.09631,0
-0.098676,-0.048709,0,1.3076,1.99788,0
-0.098676,-0.048698,0,1.3076,1.9977,0
-0.098676,-0.048701,0,1.3076,1.99735,0
-0.098677,-0.0487,0,1.3076,1.99735,0
-0.098677,-0.048699,0,1.3076,1.99735,0
-0.098677,-0.0487,0,1.3076,1.99735,0
-0.098608,-0.049604,0,1.36659,2.08951,0
-0.098607,-0.049616,0,1.36659,2.08968,0
-0.098608,-0.049615,0,1.36677,2.08986,0
-0.098608,-0.049615,0,1.36677,2.08986,0
-0.098609,-0.049615,0,1.36677,2.08986,0
-0.098609,-0.049615,0,1.36677,2.08986,0
-0.098609,-0.049615,0,1.36677,2.08986,0
-0.098609,-0.049615,0,1.36677,2.08986,0
-0.098609,-0.049615,0,1.36677,2.08986,0
-0.098609,-0.049615,0,1.36677,2.08986,0
-0.098609,-0.049615,0,1.36677,2.08986,0
-0.098609,-0.049615,0,1.36677,2.08986,0
-0.098609,-0.049615,0,1.36677,2.08986,0
-0.098609,-0.049615,0,1.36677,2.08986,0
-0.098609,-0.049615,0,1.36677,2.08986,0
-0.098609,-0.049615,0,1.36677,2.08986,0
-0.098609,-0.049615,0,1.36677,2.08986,0
-0.098609,-0.049615,0,1.36677,2.08986,0
-0.098609,-0.049615,0,1.36677,2.08986,0
-0.098609,-0.049615,0,1.36677,2.08986,0
-0.098057,-0.04932,0,1.41878,2.16211,0
-0.098044,-0.049311,0,1.41878,2.16229,0
-0.097904,-0.049749,0,1.4872,2.25514,0
-0.097902,-0.049757,0,1.48754,2.25601,0
-0.097902,-0.049756,0,1.48754,2.25601,0
-0.0983,-0.049408,0,1.40482,2.14867,0
-0.098316,-0.049398,0,1.40429,2.14798,0
-0.098441,-0.049091,0,1.34006,2.05774,0
-0.098442,-0.049079,0,1.33971,2.05722,0
-0.098396,-0.048963,0,1.3364,2.05094,0
-0.098344,-0.048578,0,1.43623,2.19999,0
-0.098334,-0.049791,0,1.50273,2.29877,0
-0.097773,-0.048405,0,1.45875,2.24013,0
-0.097772,-0.048392,0,1.45875,2.23996,0
-0.097869,-0.048283,0,1.45368,2.23297,0
-0.097871,-0.048281,0,1.45543,2.23455,0
-0.097871,-0.048282,0,1.45491,2.23455,0
-0.097871,-0.048282,0,1.45508,2.23455,0
-0.098096,-0.049874,0,1.54985,2.37382,0
-0.097734,-0.048433,0,1.47061,2.27364,0
-0.097734,-0.048422,0,1.47061,2.27364,0
-0.097734,-0.048421,0,1.47061,2.27347,0
-0.097734,-0.048421,0,1.47061,2.27347,0
-0.097829,-0.04834,0,1.4769,2.28289,0
-0.097838,-0.048328,0,1.47533,2.28045,0
-0.097836,-0.04833,0,1.4755,2.28045,0
-0.097836,-0.048329,0,1.4755,2.28045,0
-0.097986,-0.048652,0,1.56032,2.40105,0
-0.09799,-0.048665,0,1.56172,2.40314,0
-0.098091,-0.048752,0,1.61111,2.46842,0
-0.098096,-0.048755,0,1.61216,2.47069,0
-0.09809,-0.048658,0,1.616,2.47732,0
-0.098091,-0.048659,0,1.6153,2.47592,0
-0.098091,-0.048659,0,1.61565,2.47645,0
-0.098091,-0.048659,0,1.61565,2.4768,0
-0.098091,-0.048659,0,1.61565,2.4768,0
-0.098091,-0.048659,0,1.61565,2.4768,0
-0.098091,-0.048659,0,1.61565,2.4768,0
-0.098091,-0.048659,0,1.61565,2.4768,0
-0.098091,-0.048659,0,1.61565,2.4768,0
-0.098091,-0.048659,0,1.61565,2.4768,0
-0.098091,-0.048659,0,1.61565,2.4768,0
-0.098091,-0.048659,0,1.61565,2.4768,0
-0.098091,-0.048659,0,1.61565,2.4768,0
-0.098091,-0.048659,0,1.61565,2.4768,0
-0.097594,-0.04798,0,1.66888,2.54888,0
-0.097588,-0.047968,0,1.66888,2.54905,0
-0.097577,-0.046275,0,1.60012,2.45289,0
-0.097577,-0.046264,0,1.60012,2.45289,0
-0.097966,-0.048012,0,1.57551,2.41135,0
-0.097966,-0.048015,0,1.57551,2.41135,0
-0.097966,-0.048015,0,1.57551,2.41135,0
-0.097967,-0.048014,0,1.57551,2.41117,0
-0.097967,-0.048014,0,1.57551,2.41117,0
-0.097131,-0.047129,0,1.6345,2.49722,0
-0.097118,-0.047117,0,1.6345,2.49722,0
-0.097124,-0.048054,0,1.6996,2.59338,0
-0.097129,-0.048066,0,1.6996,2.59356,0
-0.097127,-0.048066,0,1.69978,2.59373,0
-0.097127,-0.048066,0,1.69978,2.59373,0
-0.097134,-0.048125,0,1.69314,2.58431,0
-0.097132,-0.048128,0,1.69489,2.58675,0
-0.097133,-0.048127,0,1.69471,2.58693,0
-0.097133,-0.048128,0,1.69471,2.58693,0
-0.097134,-0.048129,0,1.69471,2.58675,0
-0.097134,-0.048129,0,1.69471,2.58675,0
-0.097134,-0.048129,0,1.69471,2.58675,0
-0.097134,-0.048129,0,1.69471,2.58675,0
-0.097135,-0.048129,0,1.69471,2.58675,0
-0.097135,-0.048129,0,1.69471,2.58675,0
-0.097135,-0.048129,0,1.69471,2.58675,0
-0.097135,-0.048129,0,1.69471,2.58675,0
-0.097136,-0.048129,0,1.69471,2.58675,0
-0.097136,-0.048129,0,1.69471,2.58675,0
-0.097136,-0.048129,0,1.69471,2.58675,0
-0.097136,-0.048129,0,1.69471,2.58675,0
-0.097137,-0.048129,0,1.69471,2.58675,0
-0.097137,-0.048129,0,1.69471,2.58675,0
-0.097137,-0.048129,0,1.69471,2.58675,0
-0.097137,-0.048129,0,1.69471,2.58675,0
-0.097138,-0.048129,0,1.69471,2.58675,0
-0.097138,-0.048129,0,1.69471,2.58675,0
-0.097138,-0.048129,0,1.69471,2.58675,0
-0.097138,-0.048129,0,1.69471,2.58675,0
-0.097139,-0.048129,0,1.69471,2.58675,0
-0.097139,-0.048129,0,1.69471,2.58675,0
-0.097139,-0.048129,0,1.69471,2.58675,0
-0.097139,-0.048129,0,1.69471,2.58675,0
-0.097139,-0.048129,0,1.69471,2.58658,0
-0.097139,-0.048129,0,1.69471,2.58658,0
-0.097101,-0.047214,0,1.78058,2.69898,0
-0.097101,-0.047199,0,1.78058,2.69915,0
-0.096359,-0.04687,0,1.85197,2.79951,0
-0.096356,-0.046869,0,1.85214,2.80003,0
-0.096356,-0.046869,0,1.85214,2.80003,0
-0.097235,-0.045856,0,1.74987,2.66198,0
-0.097242,-0.045844,0,1.74987,2.6618,0
-0.09724,-0.045846,0,1.74969,2.66163,0
-0.09724,-0.045846,0,1.74969,2.66163,0
-0.097241,-0.045845,0,1.74969,2.66163,0
-0.097241,-0.045845,0,1.74969,2.66163,0
-0.096909,-0.045921,0,1.81235,2.76373,0
-0.096895,-0.045922,0,1.81287,2.76495,0
-0.09648,-0.047704,0,1.88304,2.87316,0
-0.09648,-0.047716,0,1.88304,2.87334,0
-0.096389,-0.047716,0,1.87902,2.86583,0
-0.096392,-0.047716,0,1.88042,2.8681,0
-0.09665,-0.045858,0,1.80607,2.77822,0
-0.09665,-0.045844,0,1.80607,2.77822,0
-0.096669,-0.046508,0,1.87588,2.88311,0
-0.096433,-0.047817,0,1.93749,2.96706,0
-0.096433,-0.047832,0,1.93749,2.96706,0
-0.096312,-0.044054,0,1.82649,2.83913,0
-0.096312,-0.044042,0,1.82649,2.83913,0
-0.09672,-0.046279,0,1.87728,2.92639,0
-0.09672,-0.046293,0,1.87728,2.92639,0
-0.096644,-0.046385,0,1.88269,2.93372,0
-0.096642,-0.046387,0,1.88112,2.93163,0
-0.096643,-0.046385,0,1.88164,2.93198,0
-0.096643,-0.046386,0,1.88146,2.93198,0
-0.096643,-0.046386,0,1.88129,2.93198,0
-0.096643,-0.046386,0,1.88146,2.93198,0
-0.096643,-0.046386,0,1.88146,2.93198,0
-0.096643,-0.046386,0,1.88146,2.93198,0
-0.096643,-0.046386,0,1.88146,2.93198,0
-0.096643,-0.046386,0,1.88146,2.93198,0
-0.096643,-0.046386,0,1.88146,2.93198,0
-0.096643,-0.046386,0,1.88146,2.93198,0
-0.09579,-0.046989,0,1.98234,3.06619,0
-0.095777,-0.046992,0,1.98234,3.06619,0
-0.095777,-0.046992,0,1.98252,3.06654,0
-0.095778,-0.046992,0,1.98252,3.06654,0
-0.095704,-0.046888,0,1.98933,3.07457,0
-0.095703,-0.04688,0,1.98758,3.07265,0
-0.095703,-0.046883,0,1.98793,3.07265,0
-0.095703,-0.046882,0,1.98793,3.07265,0
-0.095703,-0.046882,0,1.98776,3.07283,0
-0.095703,-0.046882,0,1.98776,3.07283,0
-0.095703,-0.046882,0,1.98776,3.07283,0
-0.095703,-0.046882,0,1.98776,3.07283,0
-0.095703,-0.046882,0,1.98776,3.07283,0
-0.095703,-0.046882,0,1.98776,3.07283,0
-0.095703,-0.046882,0,1.98776,3.07283,0
-0.095703,-0.046882,0,1.98776,3.07283,0
-0.095473,-0.045908,0,2.04937,3.14299,0
-0.095472,-0.045895,0,2.04954,3.14299,0
-0.096646,-0.043422,0,1.99456,3.0751,0
-0.096646,-0.043407,0,1.99456,3.0751,0
-0.096614,-0.04343,0,1.99613,3.08208,0
-0.096624,-0.043421,0,1.99561,3.07928,0
-0.095935,-0.0457,0,2.02755,3.13723,0
-0.095935,-0.045714,0,2.02755,3.13723,0
-0.095107,-0.046422,0,2.11674,3.25137,0
-0.095095,-0.04643,0,2.11674,3.25172,0
-0.095093,-0.04643,0,2.11691,3.2519,0
-0.095094,-0.04643,0,2.11691,3.2519,0
-0.095094,-0.046429,0,2.11674,3.2519,0
-0.095094,-0.046429,0,2.11674,3.2519,0
-0.095094,-0.046429,0,2.11674,3.2519,0
-0.095094,-0.046429,0,2.11674,3.2519,0
-0.095094,-0.046429,0,2.11674,3.2519,0
-0.095094,-0.046429,0,2.11674,3.2519,0
-0.095094,-0.046429,0,2.11674,3.2519,0
-0.095094,-0.046429,0,2.11674,3.2519,0
-0.095094,-0.046429,0,2.11674,3.2519,0
-0.095094,-0.046429,0,2.11674,3.2519,0
-0.095094,-0.046429,0,2.11674,3.2519,0
-0.094921,-0.04604,0,2.16944,3.3088,0
-0.094919,-0.046026,0,2.16997,3.30897,0
-0.095129,-0.044033,0,2.18515,3.32555,0
-0.09513,-0.044022,0,2.18515,3.32555,0
-0.09513,-0.044025,0,2.18515,3.32555,0
-0.09513,-0.044024,0,2.18515,3.32555,0
-0.09513,-0.044024,0,2.18515,3.32555,0
-0.09513,-0.044024,0,2.18515,3.32555,0
-0.09513,-0.044024,0,2.18515,3.32555,0
-0.09513,-0.044024,0,2.18515,3.32555,0
-0.09513,-0.044024,0,2.18515,3.32555,0
-0.09513,-0.044024,0,2.18515,3.32555,0
-0.09513,-0.044024,0,2.18515,3.32555,0
-0.09513,-0.044024,0,2.18515,3.32555,0
-0.094715,-0.043438,0,2.23158,3.39048,0
-0.094711,-0.043427,0,2.23158,3.39065,0
-0.094711,-0.043429,0,2.23175,3.391,0
-0.094711,-0.043429,0,2.23175,3.391,0
-0.094712,-0.043428,0,2.23158,3.391,0
-0.094712,-0.043428,0,2.23158,3.391,0
-0.094712,-0.043428,0,2.23158,3.391,0
-0.094712,-0.043428,0,2.23158,3.391,0
-0.094712,-0.043428,0,2.2314,3.391,0
-0.094712,-0.043428,0,2.23123,3.391,0
-0.094712,-0.043428,0,2.23123,3.391,0
-0.094712,-0.043428,0,2.23123,3.391,0
-0.094712,-0.043428,0,2.23123,3.391,0
-0.094712,-0.043428,0,2.23123,3.391,0
-0.094712,-0.043428,0,2.23123,3.391,0
-0.094712,-0.043428,0,2.23123,3.391,0
-0.094712,-0.043428,0,2.23123,3.391,0
-0.094712,-0.043428,0,2.23123,3.391,0
-0.094712,-0.043428,0,2.23123,3.391,0
-0.094712,-0.043428,0,2.23123,3.391,0
-0.094193,-0.041905,0,2.28324,3.46518,0
-0.094192,-0.041893,0,2.28324,3.46518,0
-0.094193,-0.041896,0,2.28324,3.46535,0
-0.094193,-0.041896,0,2.28324,3.46535,0
-0.094194,-0.041895,0,2.28324,3.46535,0
-0.094194,-0.041895,0,2.28324,3.46535,0
-0.094195,-0.041895,0,2.28324,3.46535,0
-0.094195,-0.041895,0,2.28324,3.46535,0
-0.094196,-0.041895,0,2.28324,3.46535,0
-0.094196,-0.041895,0,2.28324,3.46535,0
-0.094197,-0.041895,0,2.28324,3.46535,0
-0.094197,-0.041895,0,2.28324,3.46535,0
-0.094197,-0.041895,0,2.28324,3.46535,0
-0.094197,-0.041895,0,2.28324,3.46535,0
-0.094197,-0.041895,0,2.28324,3.46535,0
-0.094197,-0.041895,0,2.28324,3.46535,0
-0.094197,-0.041895,0,2.28324,3.46535,0
-0.094197,-0.041895,0,2.28324,3.46535,0
-0.094291,-0.041631,0,2.32583,3.53237,0
-0.094292,-0.041619,0,2.326,3.53324,0
-0.094293,-0.041618,0,2.326,3.53342,0
-0.094293,-0.041618,0,2.326,3.53324,0
-0.094292,-0.041619,0,2.326,3.53307,0
-0.094292,-0.041619,0,2.326,3.53307,0
-0.094292,-0.041619,0,2.326,3.53307,0
-0.094292,-0.041619,0,2.326,3.53307,0
-0.094292,-0.041619,0,2.326,3.53307,0
-0.094292,-0.041619,0,2.326,3.53307,0
-0.094292,-0.041619,0,2.326,3.53307,0
-0.094292,-0.041619,0,2.326,3.53307,0
-0.094292,-0.041619,0,2.326,3.53307,0
-0.094292,-0.041619,0,2.326,3.53307,0
-0.094292,-0.041619,0,2.326,3.53307,0
-0.094292,-0.041619,0,2.326,3.53307,0
-0.094292,-0.041619,0,2.326,3.53307,0
-0.094292,-0.041619,0,2.326,3.53307,0
-0.094292,-0.041619,0,2.326,3.53307,0
-0.094292,-0.041619,0,2.326,3.53307,0
-0.094068,-0.043725,0,2.39424,3.64407,0
-0.094068,-0.043728,0,2.39424,3.64407,0
-0.094068,-0.043727,0,2.39424,3.64407,0
-0.09363,-0.045006,0,2.35899,3.60288,0
-0.09363,-0.045015,0,2.35899,3.60288,0
-0.093629,-0.045017,0,2.35899,3.60288,0
-0.093629,-0.045016,0,2.35899,3.60288,0
-0.093718,-0.044967,0,2.35026,3.59363,0
-0.093729,-0.044964,0,2.35323,3.5966,0
-0.093662,-0.043005,0,2.40454,3.64826,0
-0.093662,-0.042994,0,2.40454,3.64826,0
-0.093791,-0.042347,0,2.46475,3.72383,0
-0.093791,-0.042336,0,2.46475,3.72383,0
-0.093791,-0.042337,0,2.46493,3.72418,0
-0.093791,-0.042337,0,2.46493,3.72418,0
-0.094415,-0.041613,0,2.4103,3.6528,0
-0.094416,-0.0416,0,2.4103,3.6528,0
-0.094291,-0.0409,0,2.45882,3.73029,0
-0.09429,-0.040889,0,2.45882,3.73047,0
-0.094289,-0.040892,0,2.45899,3.73064,0
-0.094289,-0.040892,0,2.45899,3.73064,0
-0.09429,-0.040891,0,2.45899,3.73064,0
-0.09429,-0.040891,0,2.45899,3.73064,0
-0.09429,-0.040891,0,2.45899,3.73064,0
-0.09429,-0.040891,0,2.45899,3.73064,0
-0.09429,-0.040891,0,2.45899,3.73064,0
-0.09429,-0.040891,0,2.45899,3.73064,0
-0.09429,-0.040891,0,2.45899,3.73064,0
-0.09429,-0.040891,0,2.45899,3.73064,0
-0.09429,-0.040891,0,2.45899,3.73064,0
-0.09429,-0.040891,0,2.45899,3.73064,0
-0.09429,-0.040891,0,2.45899,3.73064,0
-0.09429,-0.040891,0,2.45899,3.73064,0
-0.09429,-0.040891,0,2.45899,3.73064,0
-0.09429,-0.040891,0,2.45899,3.73064,0
-0.09429,-0.040891,0,2.45899,3.73064,0
-0.09429,-0.040891,0,2.45899,3.73064,0
-0.094007,-0.042341,0,2.53265,3.85334,0
-0.094007,-0.042352,0,2.53265,3.85334,0
-0.093553,-0.043851,0,2.5035,3.81791,0
-0.093552,-0.043861,0,2.5035,3.81791,0
-0.093553,-0.043861,0,2.50333,3.81791,0
-0.093553,-0.043861,0,2.50333,3.81791,0
-0.093619,-0.043794,0,2.49565,3.80953,0
-0.093619,-0.043794,0,2.49704,3.81197,0
-0.093619,-0.043795,0,2.49704,3.8118,0
-0.093619,-0.043795,0,2.49687,3.8118,0
-0.093666,-0.041156,0,2.55464,3.87219,0
-0.093666,-0.041144,0,2.55464,3.87219,0
-0.093677,-0.041141,0,2.55464,3.87219,0
-0.093675,-0.041142,0,2.55464,3.87219,0
-0.093675,-0.041143,0,2.55464,3.87219,0
-0.093675,-0.041143,0,2.55464,3.87219,0
-0.093676,-0.041143,0,2.55464,3.87219,0
-0.093676,-0.041143,0,2.55464,3.87219,0
-0.093676,-0.041143,0,2.55464,3.87219,0
-0.093676,-0.041143,0,2.55464,3.87219,0
-0.093676,-0.041143,0,2.55464,3.87219,0
-0.093676,-0.041143,0,2.55464,3.87219,0
-0.093676,-0.041143,0,2.55464,3.87219,0
-0.093676,-0.041143,0,2.55464,3.87219,0
-0.093676,-0.041143,0,2.55464,3.87219,0
-0.093652,-0.042658,0,2.63527,3.98912,0
-0.093652,-0.042674,0,2.63527,3.98912,0
-0.094463,-0.04222,0,2.55202,3.89662,0
-0.094475,-0.042218,0,2.55185,3.89662,0
-0.094472,-0.042218,0,2.55185,3.89645,0
-0.094472,-0.042218,0,2.55185,3.89645,0
-0.094474,-0.042218,0,2.55185,3.89645,0
-0.094474,-0.042218,0,2.55185,3.89645,0
-0.094474,-0.042218,0,2.55185,3.89645,0
-0.094474,-0.042218,0,2.55185,3.89645,0
-0.094474,-0.042218,0,2.55185,3.89645,0
-0.094399,-0.04228,0,2.54801,3.89121,0
-0.094391,-0.042286,0,2.54923,3.89278,0
-0.093861,-0.042343,0,2.59949,3.95788,0
-0.093851,-0.042343,0,2.59949,3.95788,0
-0.093379,-0.043779,0,2.68885,4.06452,0
-0.093378,-0.043789,0,2.68885,4.0647,0
-0.093797,-0.042447,0,2.58955,3.97324,0
-0.093797,-0.042435,0,2.58955,3.97324,0
-0.093562,-0.042242,0,2.64522,4.03625,0
-0.093251,-0.041939,0,2.75605,4.15964,0
-0.093239,-0.041928,0,2.7571,4.16121,0
-0.093238,-0.041928,0,2.75692,4.16139,0
-0.093239,-0.041928,0,2.75692,4.16121,0
-0.093469,-0.040981,0,2.6913,4.09088,0
-0.093469,-0.04097,0,2.6913,4.0907,0
-0.094163,-0.040626,0,2.62288,4.0064,0
-0.094175,-0.040624,0,2.62288,4.00623,0
-0.093912,-0.042149,0,2.69828,4.11933,0
-0.093912,-0.042159,0,2.69828,4.1195,0
-0.093912,-0.042159,0,2.69828,4.1195,0
-0.093912,-0.042159,0,2.69828,4.1195,0
-0.092442,-0.04177,0,2.80858,4.24307,0
-0.093666,-0.040013,0,2.75256,4.18931,0
-0.093671,-0.039998,0,2.75256,4.18931,0
-0.093674,-0.03999,0,2.75256,4.18914,0
-0.093673,-0.039993,0,2.75256,4.18914,0
-0.093569,-0.040099,0,2.75622,4.19577,0
-0.093569,-0.040097,0,2.75553,4.19455,0
-0.093569,-0.040098,0,2.7557,4.1949,0
-0.093569,-0.040098,0,2.7557,4.19542,0
-0.093569,-0.040098,0,2.7557,4.19542,0
-0.093516,-0.040133,0,2.79375,4.24935,0
-0.093513,-0.040134,0,2.79497,4.25232,0
-0.093521,-0.04037,0,2.84192,4.31602,0
-0.093515,-0.040382,0,2.84227,4.31777,0
-0.093515,-0.040383,0,2.84244,4.3176,0
-0.093515,-0.040383,0,2.84244,4.3176,0
-0.093515,-0.040382,0,2.84227,4.3176,0
-0.093515,-0.040382,0,2.84227,4.3176,0
-0.093515,-0.040382,0,2.84227,4.3176,0
-0.093515,-0.040382,0,2.84227,4.3176,0
-0.093515,-0.040382,0,2.84227,4.3176,0
-0.093515,-0.040382,0,2.84227,4.3176,0
-0.093306,-0.041639,0,2.95362,4.45897,0
-0.093305,-0.041655,0,2.95362,4.45897,0
-0.094205,-0.042503,0,2.82516,4.33732,0
-0.094207,-0.042518,0,2.82516,4.33732,0
-0.094071,-0.041068,0,2.71154,4.23365,0
-0.094071,-0.041054,0,2.71154,4.23365,0
-0.092998,-0.040273,0,2.83651,4.37432,0
-0.092994,-0.04027,0,2.83668,4.37467,0
-0.092996,-0.040271,0,2.83668,4.37467,0
-0.093058,-0.039023,0,2.86269,4.40643,0
-0.093058,-0.039011,0,2.86269,4.40661,0
-0.093122,-0.039072,0,2.85484,4.39683,0
-0.093129,-0.039082,0,2.85728,4.39963,0
-0.093127,-0.039083,0,2.85693,4.3998,0
-0.093127,-0.039083,0,2.85693,4.3998,0
-0.093128,-0.039082,0,2.85728,4.39963,0
-0.093128,-0.039082,0,2.85728,4.39963,0
-0.093128,-0.039082,0,2.85728,4.39963,0
-0.093128,-0.039082,0,2.85728,4.39963,0
-0.093128,-0.039082,0,2.8571,4.39963,0
-0.093296,-0.03944,0,2.91208,4.47537,0
-0.093302,-0.039454,0,2.91208,4.47607,0
-0.093659,-0.039457,0,2.94769,4.52389,0
-0.093662,-0.039457,0,2.94769,4.52389,0
-0.093662,-0.039457,0,2.94769,4.52389,0
-0.093661,-0.039457,0,2.94769,4.52407,0
-0.093661,-0.039457,0,2.94769,4.52407,0
-0.093661,-0.039457,0,2.94769,4.52407,0
-0.093661,-0.039457,0,2.94769,4.52407,0
-0.093661,-0.039457,0,2.94769,4.52407,0
-0.093661,-0.039457,0,2.94769,4.52407,0
-0.093661,-0.039457,0,2.94769,4.52407,0
-0.093661,-0.039457,0,2.94769,4.52407,0
-0.093576,-0.039403,0,2.95449,4.53384,0
-0.093567,-0.039398,0,2.95292,4.53122,0
-0.093569,-0.039401,0,2.9531,4.53105,0
-0.093569,-0.0394,0,2.9531,4.53105,0
-0.092999,-0.041458,0,3.07492,4.68272,0
-0.092489,-0.041271,0,2.92028,4.56613,0
-0.09247,-0.041271,0,2.92028,4.56596,0
-0.0939,-0.040589,0,2.72324,4.43453,0
-0.093907,-0.040568,0,2.72324,4.43453,0
-0.092973,-0.040956,0,3.05066,4.68499,0
-0.092959,-0.040958,0,3.05136,4.68551,0
-0.092627,-0.039272,0,3.08766,4.71693,0
-0.092627,-0.03926,0,3.08766,4.71693,0
-0.09283,-0.036302,0,2.96881,4.60592,0
-0.09283,-0.036289,0,2.96881,4.60592,0
-0.093334,-0.041209,0,3.06951,4.78133,0
-0.093334,-0.041223,0,3.06951,4.78133,0
-0.093285,-0.04115,0,3.07248,4.7843,0
-0.093283,-0.04114,0,3.07178,4.78377,0
-0.093284,-0.041142,0,3.07178,4.78342,0
-0.093284,-0.041142,0,3.07178,4.78377,0
-0.093284,-0.041141,0,3.07195,4.78395,0
-0.093284,-0.041141,0,3.07195,4.78395,0
-0.092515,-0.041552,0,3.1587,4.8405,0
-0.092503,-0.041554,0,3.1587,4.8405,0
-0.092502,-0.041555,0,3.15887,4.84085,0
-0.092503,-0.041554,0,3.15887,4.84085,0
-0.092504,-0.041554,0,3.1587,4.84085,0
-0.092504,-0.041554,0,3.1587,4.84085,0
-0.092504,-0.041554,0,3.1587,4.84085,0
-0.092504,-0.041554,0,3.1587,4.84085,0
-0.092504,-0.041554,0,3.1587,4.84085,0
-0.092504,-0.041554,0,3.1587,4.84085,0
-0.092504,-0.041554,0,3.1587,4.84085,0
-0.092504,-0.041554,0,3.1587,4.84085,0
-0.092504,-0.041554,0,3.1587,4.84085,0
-0.092504,-0.041554,0,3.1587,4.84085,0
-0.092504,-0.041554,0,3.1587,4.84085,0
-0.092504,-0.041554,0,3.1587,4.84085,0
-0.092504,-0.041554,0,3.1587,4.84085,0
-0.092275,-0.040869,0,3.27371,4.90979,0
-0.092274,-0.040862,0,3.27406,4.90996,0
-0.092274,-0.040864,0,3.27406,4.90996,0
-0.092275,-0.040864,0,3.27389,4.91013,0
-0.092275,-0.040864,0,3.27389,4.91013,0
-0.092275,-0.040864,0,3.27389,4.91013,0
-0.092275,-0.040864,0,3.27389,4.91013,0
-0.092275,-0.040864,0,3.27389,4.91013,0
-0.092275,-0.040864,0,3.27389,4.91013,0
-0.092275,-0.040864,0,3.27389,4.91013,0
-0.092276,-0.040864,0,3.27389,4.91013,0
-0.092276,-0.040864,0,3.27389,4.91013,0
-0.092276,-0.040864,0,3.27389,4.91013,0
-0.092276,-0.040864,0,3.27389,4.91013,0
-0.092276,-0.040864,0,3.27389,4.91013,0
-0.092277,-0.040864,0,3.27389,4.91013,0
-0.092277,-0.040864,0,3.27389,4.91013,0
-0.092277,-0.040864,0,3.27389,4.91013,0
-0.092277,-0.040864,0,3.27389,4.91013,0
-0.092249,-0.039695,0,3.39397,5.00054,0
-0.092761,-0.038836,0,3.29483,4.91363,0
-0.092771,-0.038826,0,3.29466,4.91363,0
-0.092773,-0.038825,0,3.29466,4.91345,0
-0.092772,-0.038825,0,3.29466,4.91345,0
-0.092772,-0.038826,0,3.29466,4.91345,0
-0.092772,-0.038826,0,3.29466,4.91345,0
-0.092772,-0.038826,0,3.29466,4.91345,0
-0.092772,-0.038826,0,3.29466,4.91345,0
-0.092772,-0.038826,0,3.29466,4.91345,0
-0.092772,-0.038826,0,3.29466,4.91345,0
-0.092772,-0.038826,0,3.29466,4.91345,0
-0.092772,-0.038826,0,3.29466,4.91345,0
-0.092603,-0.039821,0,3.39135,5.02672,0
-0.092602,-0.039835,0,3.39152,5.0269,0
-0.092495,-0.039955,0,3.39833,5.03388,0
-0.092493,-0.039957,0,3.39641,5.03196,0
-0.092494,-0.039955,0,3.39711,5.03231,0
-0.092494,-0.039956,0,3.39693,5.03231,0
-0.092494,-0.039956,0,3.39693,5.03231,0
-0.092494,-0.039956,0,3.39693,5.03231,0
-0.092494,-0.039956,0,3.39711,5.03231,0
-0.092494,-0.039956,0,3.39711,5.03231,0
-0.092494,-0.039956,0,3.39711,5.03231,0
-0.092494,-0.039956,0,3.39711,5.03231,0
-0.092494,-0.039956,0,3.39711,5.03231,0
-0.092494,-0.039956,0,3.39711,5.03231,0
-0.092494,-0.039956,0,3.39711,5.03231,0
-0.092494,-0.039956,0,3.39711,5.03231,0
-0.092494,-0.039956,0,3.39711,5.03231,0
-0.09196,-0.040533,0,3.47635,5.10491,0
-0.09195,-0.040545,0,3.47635,5.10491,0
-0.091949,-0.040546,0,3.4767,5.10544,0
-0.091949,-0.040545,0,3.4767,5.10544,0
-0.09195,-0.040545,0,3.47652,5.10544,0
-0.09195,-0.040545,0,3.47652,5.10544,0
-0.09195,-0.040545,0,3.4767,5.10544,0
-0.09195,-0.040545,0,3.4767,5.10544,0
-0.091949,-0.040545,0,3.4767,5.10544,0
-0.091949,-0.040545,0,3.4767,5.10544,0
-0.091949,-0.040545,0,3.4767,5.10544,0
-0.091949,-0.040545,0,3.4767,5.10544,0
-0.091949,-0.040545,0,3.4767,5.10544,0
-0.091949,-0.040545,0,3.4767,5.10544,0
-0.091949,-0.040545,0,3.4767,5.10544,0
-0.091949,-0.040545,0,3.4767,5.10544,0
-0.091949,-0.040545,0,3.4767,5.10544,0
-0.091949,-0.040545,0,3.4767,5.10544,0
-0.091949,-0.040545,0,3.4767,5.10544,0
-0.091541,-0.040394,0,3.587,5.19131,0
-0.090812,-0.04019,0,3.64896,5.24314,0
-0.090801,-0.040189,0,3.64896,5.24332,0
-0.091664,-0.038449,0,3.68003,5.27142,0
-0.092796,-0.03662,0,3.51823,5.10491,0
-0.092807,-0.036605,0,3.51823,5.10491,0
-0.091878,-0.04224,0,3.65734,5.34525,0
-0.091878,-0.042251,0,3.65734,5.34525,0
-0.092145,-0.042529,0,3.57496,5.30859,0
-0.092161,-0.042529,0,3.57496,5.30859,0
-0.092158,-0.042529,0,3.57496,5.30842,0
-0.092158,-0.042529,0,3.57496,5.30842,0
-0.091323,-0.041949,0,3.63116,5.33076,0
-0.091311,-0.041946,0,3.63133,5.33076,0
-0.091308,-0.041944,0,3.63133,5.33076,0
-0.091309,-0.041945,0,3.63133,5.33076,0
-0.091463,-0.039588,0,3.6638,5.34682,0
-0.091463,-0.039577,0,3.6638,5.34682,0
-0.092083,-0.04106,0,3.73221,5.40144,0
-0.092084,-0.04107,0,3.73221,5.40144,0
-0.092085,-0.041071,0,3.73221,5.40144,0
-0.091434,-0.041174,0,3.82105,5.45922,0
-0.091423,-0.041178,0,3.82105,5.45939,0
-0.091426,-0.041178,0,3.82122,5.45956,0
-0.091425,-0.041178,0,3.82122,5.45956,0
-0.091425,-0.041178,0,3.82105,5.45956,0
-0.091425,-0.041178,0,3.82105,5.45956,0
-0.091425,-0.041178,0,3.82122,5.45956,0
-0.091425,-0.041178,0,3.82122,5.45956,0
-0.091426,-0.041178,0,3.82122,5.45956,0
-0.091426,-0.041178,0,3.82122,5.45956,0
-0.091464,-0.040846,0,3.73343,5.40755,0
-0.091464,-0.040835,0,3.73239,5.40703,0
-0.091465,-0.040835,0,3.73274,5.40668,0
-0.091465,-0.040835,0,3.73274,5.40668,0
-0.091101,-0.039641,0,3.78248,5.43932,0
-0.0911,-0.039629,0,3.78248,5.43932,0
-0.091164,-0.039626,0,3.78248,5.43932,0
-0.09117,-0.039627,0,3.78248,5.43932,0
-0.091168,-0.039628,0,3.78248,5.43932,0
-0.091168,-0.039627,0,3.78248,5.43932,0
-0.091382,-0.038314,0,3.83938,5.48627,0
-0.091382,-0.038304,0,3.83938,5.48627,0
-0.091157,-0.03963,0,3.91861,5.57004,0
-0.091157,-0.039641,0,3.91861,5.57004,0
-0.091165,-0.039651,0,3.92542,5.57406,0
-0.091163,-0.039648,0,3.92298,5.57266,0
-0.09125,-0.03974,0,3.81791,5.50023,0
-0.091258,-0.039718,0,3.81564,5.49831,0
-0.091182,-0.039715,0,3.81075,5.49517,0
-0.091173,-0.039716,0,3.8118,5.49587,0
-0.091175,-0.039717,0,3.8118,5.49622,0
-0.091175,-0.039717,0,3.8118,5.49622,0
-0.091174,-0.039716,0,3.81162,5.49552,0
-0.091174,-0.039716,0,3.81162,5.49552,0
-0.091174,-0.039716,0,3.81162,5.49552,0
-0.091174,-0.039716,0,3.81162,5.49552,0
-0.091074,-0.039713,0,3.81913,5.50232,0
-0.091068,-0.039714,0,3.81686,5.50006,0
-0.090905,-0.040231,0,3.91914,5.57319,0
-0.090888,-0.040236,0,3.91931,5.57319,0
-0.091237,-0.041968,0,4.08407,5.68436,0
-0.091237,-0.04198,0,4.08407,5.68436,0
-0.090903,-0.041495,0,4.00396,5.63829,0
-0.090332,-0.039661,0,4.03956,5.6608,0
-0.090331,-0.039626,0,4.03956,5.6608,0
-0.090331,-0.039625,0,4.03956,5.6608,0
-0.091339,-0.037668,0,4.04899,5.67232,0
-0.089118,-0.031959,0,3.83013,5.4648,0
-0.089658,-0.049223,0,4.63141,6.06799,0
-0.089658,-0.049239,0,4.63141,6.06799,0
-0.090019,-0.048389,0,4.20275,5.94477,0
-0.090021,-0.048378,0,4.20083,5.94477,0
-0.089996,-0.047611,0,3.98703,5.93691,0
-0.09,-0.047594,0,3.98633,5.93691,0
-0.090502,-0.044781,0,3.96329,5.94075,0
-0.090502,-0.044769,0,3.96329,5.94075,0
-0.090981,-0.041765,0,3.9982,5.9336,0
-0.090981,-0.041752,0,3.9982,5.9336,0
-0.090424,-0.037293,0,4.1181,5.93412,0
-0.090424,-0.037279,0,4.1181,5.93412,0
-0.090364,-0.039534,0,4.26803,6.0364,0
-0.090364,-0.039546,0,4.26803,6.0364,0
-0.089545,-0.040528,0,4.40608,6.10429,0
-0.089538,-0.04054,0,4.40626,6.10429,0
-0.089538,-0.040539,0,4.40626,6.10446,0
-0.089538,-0.040539,0,4.40608,6.10446,0
-0.089538,-0.040539,0,4.40608,6.10446,0
-0.089538,-0.040539,0,4.40608,6.10446,0
-0.089538,-0.040539,0,4.40608,6.10446,0
-0.089538,-0.040539,0,4.40591,6.10446,0
-0.089538,-0.040539,0,4.40591,6.10446,0
-0.089538,-0.040539,0,4.40591,6.10446,0
-0.089538,-0.040539,0,4.40573,6.10446,0
-0.089538,-0.040539,0,4.40556,6.10446,0
-0.089538,-0.040539,0,4.40556,6.10446,0
-0.089538,-0.040539,0,4.40556,6.10446,0
-0.089538,-0.040539,0,4.40556,6.10446,0
-0.0894,-0.039761,0,4.50661,6.15333,0
-0.0894,-0.039749,0,4.50696,6.15333,0
-0.089399,-0.03974,0,4.50714,6.15351,0
-0.089399,-0.039744,0,4.50714,6.15351,0
-0.089399,-0.039744,0,4.50679,6.15351,0
-0.089399,-0.039743,0,4.50679,6.15351,0
-0.089399,-0.039743,0,4.50679,6.15351,0
-0.089651,-0.038483,0,4.53,6.17201,0
-0.089652,-0.038478,0,4.53,6.17201,0
-0.089652,-0.03848,0,4.53,6.17201,0
-0.089652,-0.038481,0,4.53018,6.17201,0
-0.089652,-0.03848,0,4.53018,6.17201,0
-0.089652,-0.03848,0,4.53018,6.17201,0
-0.089652,-0.03848,0,4.53018,6.17201,0
-0.089652,-0.03848,0,4.53018,6.17201,0
-0.089652,-0.03848,0,4.53018,6.17201,0
-0.089652,-0.03848,0,4.53018,6.17201,0
-0.089652,-0.03848,0,4.53018,6.17201,0
-0.089652,-0.03848,0,4.53018,6.17201,0
-0.089652,-0.03848,0,4.53018,6.17201,0
-0.089509,-0.038506,0,4.5855,6.22035,0
-0.089494,-0.038507,0,4.58777,6.22227,0
-0.089451,-0.038598,0,4.59475,6.22925,0
-0.089457,-0.0386,0,4.59318,6.22751,0
-0.089458,-0.038598,0,4.59336,6.22786,0
-0.089458,-0.038599,0,4.59336,6.22786,0
-0.089457,-0.0386,0,4.59318,6.22786,0
-0.089457,-0.038599,0,4.59318,6.22786,0
-0.089457,-0.038599,0,4.59318,6.22786,0
-0.089457,-0.038599,0,4.59301,6.22786,0
-0.089457,-0.038599,0,4.59301,6.22786,0
-0.089457,-0.038599,0,4.59283,6.22786,0
-0.089457,-0.038599,0,4.59283,6.22786,0
-0.08916,-0.038535,0,4.72391,6.33223,0
-0.089141,-0.03853,0,4.726,6.33415,0
-0.089203,-0.038574,0,4.73316,6.33886,0
-0.089185,-0.038558,0,4.73106,6.33729,0
-0.089182,-0.038559,0,4.73141,6.33747,0
-0.089183,-0.038559,0,4.73141,6.33747,0
-0.089183,-0.038559,0,4.73141,6.33764,0
-0.089183,-0.038559,0,4.73141,6.33764,0
-0.089183,-0.038559,0,4.73141,6.33764,0
-0.089183,-0.038559,0,4.73141,6.33764,0
-0.089183,-0.038559,0,4.73141,6.33764,0
-0.089183,-0.038559,0,4.73141,6.33764,0
-0.089183,-0.038559,0,4.73141,6.33764,0
-0.089183,-0.038559,0,4.73141,6.33764,0
-0.089183,-0.038559,0,4.73141,6.33764,0
-0.089183,-0.038559,0,4.73141,6.33764,0
-0.089183,-0.038559,0,4.73141,6.33764,0
-0.089183,-0.038559,0,4.73141,6.33764,0
-0.089183,-0.038559,0,4.73141,6.33764,0
-0.088539,-0.039302,0,4.84468,6.43328,0
-0.088528,-0.039317,0,4.84486,6.43328,0
-0.088809,-0.039148,0,4.72443,6.35474,0
-0.088824,-0.039144,0,4.72304,6.35335,0
-0.088866,-0.039723,0,4.65776,6.31547,0
-0.088866,-0.039735,0,4.65759,6.3153,0
-0.088867,-0.039735,0,4.65741,6.31512,0
-0.088867,-0.039735,0,4.65741,6.31512,0
-0.088868,-0.039735,0,4.65741,6.31512,0
-0.088868,-0.039735,0,4.65741,6.31512,0
-0.088868,-0.039735,0,4.65741,6.31512,0
-0.088868,-0.039735,0,4.65741,6.31512,0
-0.088868,-0.039735,0,4.65741,6.31512,0
-0.088868,-0.039735,0,4.65741,6.31512,0
-0.088497,-0.039156,0,4.79145,6.39314,0
-0.088492,-0.039141,0,4.79215,6.39349,0
-0.088519,-0.038824,0,4.89303,6.46644,0
-0.088521,-0.038818,0,4.89355,6.46697,0
-0.088521,-0.03882,0,4.89338,6.46697,0
-0.089265,-0.036669,0,4.79198,6.39506,0
-0.089265,-0.036659,0,4.79198,6.39506,0
-0.089266,-0.036654,0,4.79198,6.39506,0
-0.089266,-0.036657,0,4.7918,6.39506,0
-0.089266,-0.036656,0,4.7918,6.39506,0
-0.088851,-0.039295,0,4.88308,6.50257,0
-0.088851,-0.039296,0,4.88308,6.50257,0
-0.088851,-0.039296,0,4.88308,6.50257,0
-0.088851,-0.039296,0,4.88308,6.50257,0
-0.088851,-0.039296,0,4.88308,6.50257,0
-0.088851,-0.039296,0,4.88308,6.50257,0
-0.088851,-0.039296,0,4.88308,6.50257,0
-0.088851,-0.039296,0,4.88308,6.50257,0
-0.088792,-0.039361,0,4.88465,6.50502,0
-0.088787,-0.039366,0,4.88413,6.50467,0
-0.088788,-0.039363,0,4.88413,6.50345,0
-0.088789,-0.039364,0,4.8843,6.50432,0
-0.088789,-0.039364,0,4.8843,6.50432,0
-0.087828,-0.039302,0,4.95551,6.55476,0
-0.087814,-0.039302,0,4.95569,6.55476,0
-0.087818,-0.039438,0,5.0248,6.60101,0
-0.087825,-0.039446,0,5.02637,6.60223,0
-0.087822,-0.039443,0,5.02568,6.60258,0
-0.087823,-0.039444,0,5.02585,6.60241,0
-0.087824,-0.039444,0,5.02602,6.60223,0
-0.087823,-0.039444,0,5.02602,6.60223,0
-0.087823,-0.039444,0,5.02602,6.60223,0
-0.087823,-0.039444,0,5.02602,6.60223,0
-0.087823,-0.039444,0,5.02602,6.60223,0
-0.087823,-0.039444,0,5.02602,6.60223,0
-0.087823,-0.039444,0,5.02602,6.60223,0
-0.087823,-0.039444,0,5.02602,6.60223,0
-0.087823,-0.039444,0,5.02602,6.60223,0
-0.087823,-0.039444,0,5.02602,6.60223,0
-0.087823,-0.039444,0,5.02602,6.60223,0
-0.088224,-0.038573,0,5.08938,6.64639,0
-0.088225,-0.038562,0,5.08955,6.64639,0
-0.088227,-0.038561,0,5.08955,6.64656,0
-0.088227,-0.038561,0,5.08955,6.64656,0
-0.088227,-0.038561,0,5.08955,6.64656,0
-0.088227,-0.038561,0,5.08955,6.64656,0
-0.088227,-0.038562,0,5.08955,6.64656,0
-0.088227,-0.038562,0,5.08955,6.64656,0
-0.088228,-0.038562,0,5.08955,6.64656,0
-0.088228,-0.038562,0,5.08955,6.64656,0
-0.088228,-0.038562,0,5.08955,6.64656,0
-0.088228,-0.038562,0,5.08955,6.64656,0
-0.088229,-0.038562,0,5.08955,6.64656,0
-0.088229,-0.038562,0,5.08955,6.64656,0
-0.088229,-0.038562,0,5.08973,6.64656,0
-0.088229,-0.038562,0,5.08973,6.64656,0
-0.088229,-0.038562,0,5.08973,6.64656,0
-0.088229,-0.038562,0,5.08973,6.64656,0
-0.087874,-0.037813,0,5.14977,6.69962,0
-0.087872,-0.037808,0,5.14994,6.6998,0
-0.087872,-0.03781,0,5.14994,6.6998,0
-0.087873,-0.03781,0,5.14977,6.6998,0
-0.087873,-0.03781,0,5.14977,6.6998,0
-0.087872,-0.03781,0,5.14959,6.6998,0
-0.087872,-0.03781,0,5.14959,6.6998,0
-0.087872,-0.03781,0,5.14942,6.6998,0
-0.087872,-0.03781,0,5.14942,6.6998,0
-0.087872,-0.03781,0,5.14924,6.6998,0
-0.087872,-0.03781,0,5.14924,6.6998,0
-0.087872,-0.03781,0,5.14907,6.6998,0
-0.087872,-0.03781,0,5.14907,6.6998,0
-0.087872,-0.03781,0,5.1489,6.6998,0
-0.087872,-0.03781,0,5.1489,6.6998,0
-0.087872,-0.03781,0,5.1489,6.6998,0
-0.087872,-0.03781,0,5.1489,6.6998,0
-0.087872,-0.03781,0,5.14872,6.6998,0
-0.087872,-0.03781,0,5.14872,6.6998,0
-0.087872,-0.03781,0,5.14872,6.6998,0
-0.087592,-0.038551,0,5.24367,6.78793,0
-0.08759,-0.038563,0,5.24384,6.78811,0
-0.087591,-0.03856,0,5.24402,6.78828,0
-0.087591,-0.03856,0,5.24402,6.78828,0
-0.087591,-0.038562,0,5.24402,6.78828,0
-0.087592,-0.038562,0,5.24384,6.78828,0
-0.087592,-0.038561,0,5.24384,6.78828,0
-0.087592,-0.038561,0,5.24384,6.78828,0
-0.087592,-0.038561,0,5.24384,6.78828,0
-0.087592,-0.038561,0,5.24384,6.78828,0
-0.087592,-0.038561,0,5.24384,6.78828,0
-0.087592,-0.038561,0,5.24384,6.78828,0
-0.087592,-0.038561,0,5.24384,6.78828,0
-0.087592,-0.038561,0,5.24384,6.78828,0
-0.087592,-0.038561,0,5.24384,6.78828,0
-0.087592,-0.038561,0,5.24384,6.78828,0
-0.087592,-0.038561,0,5.24384,6.78828,0
-0.087592,-0.038561,0,5.24384,6.78828,0
-0.087592,-0.038561,0,5.24384,6.78828,0
-0.086911,-0.039184,0,5.34036,6.86665,0
-0.086905,-0.039188,0,5.34053,6.86682,0
-0.086907,-0.039187,0,5.34053,6.86682,0
-0.086907,-0.039186,0,5.34053,6.86682,0
-0.086907,-0.039187,0,5.34053,6.86682,0
-0.086907,-0.039187,0,5.34053,6.86682,0
-0.086907,-0.039187,0,5.34053,6.86682,0
-0.086907,-0.039187,0,5.34053,6.86682,0
-0.086907,-0.039187,0,5.34053,6.86682,0
-0.086907,-0.039187,0,5.34053,6.86682,0
-0.086907,-0.039187,0,5.34053,6.86682,0
-0.086907,-0.039187,0,5.34053,6.86682,0
-0.086907,-0.039187,0,5.34053,6.86682,0
-0.086907,-0.039187,0,5.34053,6.86682,0
-0.087058,-0.038882,0,5.27351,6.82494,0
-0.087068,-0.038868,0,5.27299,6.82441,0
-0.087161,-0.038805,0,5.27596,6.82808,0
-0.087172,-0.038801,0,5.27508,6.82703,0
-0.086812,-0.039051,0,5.34472,6.87956,0
-0.087076,-0.038062,0,5.36985,6.90016,0
-0.087076,-0.03805,0,5.36985,6.90016,0
-0.087077,-0.03805,0,5.36985,6.90016,0
-0.087077,-0.03805,0,5.36985,6.90016,0
-0.087077,-0.03805,0,5.36985,6.90016,0
-0.087077,-0.03805,0,5.36985,6.90016,0
-0.087077,-0.038051,0,5.36985,6.90016,0
-0.087077,-0.038051,0,5.36985,6.90016,0
-0.087077,-0.038051,0,5.36985,6.90016,0
-0.087077,-0.038051,0,5.36985,6.90016,0
-0.087085,-0.037405,0,5.43199,6.95496,0
-0.087085,-0.037396,0,5.43216,6.95514,0
-0.087085,-0.037398,0,5.43216,6.95531,0
-0.087085,-0.037398,0,5.43216,6.95531,0
-0.087085,-0.037397,0,5.43216,6.95531,0
-0.087085,-0.037397,0,5.43216,6.95531,0
-0.087085,-0.037397,0,5.43216,6.95531,0
-0.087085,-0.037397,0,5.43216,6.95531,0
-0.087085,-0.037397,0,5.43216,6.95531,0
-0.087085,-0.037397,0,5.43216,6.95531,0
-0.087085,-0.037397,0,5.43216,6.95531,0
-0.087085,-0.037397,0,5.43234,6.95531,0
-0.087085,-0.037397,0,5.43234,6.95531,0
-0.087085,-0.037397,0,5.43234,6.95531,0
-0.087085,-0.037397,0,5.43234,6.95531,0
-0.087085,-0.037397,0,5.43234,6.95531,0
-0.087085,-0.037397,0,5.43234,6.95531,0
-0.087085,-0.037397,0,5.43234,6.95531,0
-0.087085,-0.037397,0,5.43234,6.95531,0
-0.087085,-0.037397,0,5.43234,6.95531,0
-0.087085,-0.037397,0,5.43234,6.95531,0
-0.086943,-0.036842,0,5.49552,7.01814,0
-0.086942,-0.03683,0,5.49569,7.01832,0
-0.086942,-0.03683,0,5.49587,7.01849,0
-0.086942,-0.03683,0,5.49587,7.01849,0
-0.086943,-0.03683,0,5.49569,7.01849,0
-0.086943,-0.03683,0,5.49569,7.01849,0
-0.086943,-0.03683,0,5.49569,7.01849,0
-0.086943,-0.03683,0,5.49587,7.01849,0
-0.086943,-0.03683,0,5.49587,7.01849,0
-0.086943,-0.03683,0,5.49587,7.01849,0
-0.086943,-0.03683,0,5.49587,7.01849,0
-0.086943,-0.03683,0,5.49587,7.01849,0
-0.086943,-0.03683,0,5.49587,7.01849,0
-0.086943,-0.03683,0,5.49587,7.01849,0
-0.086943,-0.03683,0,5.49587,7.01849,0
-0.086943,-0.03683,0,5.49587,7.01849,0
-0.086943,-0.03683,0,5.49587,7.01849,0
-0.086943,-0.03683,0,5.49587,7.01849,0
-0.086943,-0.03683,0,5.49587,7.01849,0
-0.086943,-0.03683,0,5.49587,7.01849,0
-0.086678,-0.037139,0,5.57004,7.09599,0
-0.086667,-0.037155,0,5.57092,7.09686,0
-0.086198,-0.038024,0,5.62747,7.15323,0
-0.086195,-0.038041,0,5.62747,7.15323,0
-0.08626,-0.038415,0,5.55416,7.10506,0
-0.086261,-0.038431,0,5.55416,7.10471,0
-0.08598,-0.039025,0,5.50826,7.07888,0
-0.085978,-0.039035,0,5.50826,7.07871,0
-0.085977,-0.039036,0,5.50808,7.07871,0
-0.085979,-0.039035,0,5.50808,7.07871,0
-0.085979,-0.039035,0,5.50808,7.07871,0
-0.085786,-0.038632,0,5.59518,7.13002,0
-0.085782,-0.038619,0,5.59553,7.13037,0
-0.085525,-0.03881,0,5.69274,7.19564,0
-0.085523,-0.038825,0,5.69309,7.19582,0
-0.085522,-0.038822,0,5.69309,7.19617,0
-0.085523,-0.038823,0,5.69309,7.19617,0
-0.085523,-0.038823,0,5.69309,7.19617,0
-0.085523,-0.038823,0,5.69309,7.19617,0
-0.085523,-0.038823,0,5.69309,7.19617,0
-0.085523,-0.038823,0,5.69309,7.19617,0
-0.085523,-0.038823,0,5.69309,7.19617,0
-0.085523,-0.038823,0,5.69309,7.19617,0
-0.085523,-0.038823,0,5.69309,7.19617,0
-0.085523,-0.038823,0,5.69309,7.19617,0
-0.085523,-0.038823,0,5.69309,7.19617,0
-0.085523,-0.038823,0,5.69309,7.19617,0
-0.085809,-0.038671,0,5.74405,7.23212,0
-0.085827,-0.038667,0,5.74475,7.23282,0
-0.085945,-0.038175,0,5.83795,7.30211,0
-0.085947,-0.038162,0,5.83813,7.30228,0
-0.086287,-0.037296,0,5.76796,7.25114,0
-0.086289,-0.03728,0,5.76779,7.25114,0
-0.086319,-0.036005,0,5.6594,7.16248,0
-0.086319,-0.035994,0,5.6594,7.16248,0
-0.086277,-0.035993,0,5.66447,7.16929,0
-0.086282,-0.035994,0,5.6629,7.16719,0
-0.085994,-0.037743,0,5.78559,7.30124,0
-0.085993,-0.037755,0,5.78559,7.30124,0
-0.085993,-0.037759,0,5.78559,7.30124,0
-0.085993,-0.037756,0,5.78559,7.30124,0
-0.085993,-0.037757,0,5.78559,7.30124,0
-0.085993,-0.037757,0,5.78559,7.30124,0
-0.085993,-0.037757,0,5.78559,7.30124,0
-0.085993,-0.037757,0,5.78559,7.30124,0
-0.085993,-0.037757,0,5.78559,7.30124,0
-0.085993,-0.037757,0,5.78559,7.30124,0
-0.085993,-0.037757,0,5.78559,7.30124,0
-0.085993,-0.037757,0,5.78559,7.30124,0
-0.085993,-0.037757,0,5.78559,7.30124,0
-0.085993,-0.037757,0,5.78559,7.30124,0
-0.085993,-0.037757,0,5.78559,7.30124,0
-0.085993,-0.037757,0,5.78559,7.30124,0
-0.085993,-0.037757,0,5.78559,7.30124,0
-0.085993,-0.037757,0,5.78559,7.30124,0
-0.085072,-0.03835,0,5.87338,7.37332,0
-0.085061,-0.038352,0,5.87338,7.37332,0
-0.085061,-0.038352,0,5.87356,7.37349,0
-0.085062,-0.038352,0,5.87356,7.37349,0
-0.085063,-0.038351,0,5.87356,7.37349,0
-0.085063,-0.038351,0,5.87356,7.37349,0
-0.085064,-0.038351,0,5.87356,7.37349,0
-0.085064,-0.038351,0,5.87356,7.37349,0
-0.085065,-0.038351,0,5.87356,7.37349,0
-0.085065,-0.038351,0,5.87356,7.37349,0
-0.085065,-0.038351,0,5.87356,7.37349,0
-0.085065,-0.038351,0,5.87356,7.37349,0
-0.085066,-0.038351,0,5.87356,7.37349,0
-0.085066,-0.038351,0,5.87356,7.37349,0
-0.085066,-0.038351,0,5.87356,7.37349,0
-0.085066,-0.038351,0,5.87356,7.37349,0
-0.085066,-0.038351,0,5.87356,7.37349,0
-0.085066,-0.038351,0,5.87356,7.37349,0
-0.085179,-0.03774,0,5.94302,7.42306,0
-0.085186,-0.037726,0,5.94337,7.42341,0
-0.085723,-0.036599,0,5.97287,7.45081,0
-0.085725,-0.036582,0,5.97287,7.45081,0
-0.085691,-0.035549,0,5.89223,7.38519,0
-0.085691,-0.035539,0,5.89223,7.38519,0
-0.085691,-0.035541,0,5.89223,7.38501,0
-0.085691,-0.035541,0,5.89223,7.38501,0
-0.085691,-0.035541,0,5.89223,7.38484,0
-0.085691,-0.035541,0,5.89223,7.38484,0
-0.085691,-0.035541,0,5.89223,7.38484,0
-0.085691,-0.035541,0,5.89223,7.38484,0
-0.085332,-0.036652,0,5.9706,7.47699,0
-0.085332,-0.036657,0,5.9706,7.47717,0
-0.085332,-0.036655,0,5.9706,7.47717,0
-0.085332,-0.036655,0,5.9706,7.47734,0
-0.085332,-0.036655,0,5.9706,7.47734,0
-0.085332,-0.036655,0,5.9706,7.47734,0
-0.085332,-0.036655,0,5.9706,7.47734,0
-0.085332,-0.036655,0,5.9706,7.47734,0
-0.085332,-0.036655,0,5.9706,7.47734,0
-0.085332,-0.036655,0,5.9706,7.47734,0
-0.085332,-0.036655,0,5.9706,7.47734,0
-0.085332,-0.036655,0,5.9706,7.47734,0
-0.085332,-0.036655,0,5.9706,7.47734,0
-0.085332,-0.036655,0,5.9706,7.47734,0
-0.085332,-0.036655,0,5.9706,7.47734,0
-0.085332,-0.036655,0,5.9706,7.47734,0
-0.085332,-0.036655,0,5.9706,7.47734,0
-0.085332,-0.036655,0,5.9706,7.47734,0
-0.085332,-0.036655,0,5.9706,7.47734,0
-0.084684,-0.036685,0,6.04547,7.5475,0
-0.084484,-0.037399,0,6.10935,7.60492,0
-0.084483,-0.037415,0,6.10935,7.6051,0
-0.084868,-0.036979,0,6.02034,7.54733,0
-0.084873,-0.036966,0,6.02016,7.54733,0
-0.085626,-0.036456,0,5.9514,7.50404,0
-0.085641,-0.036452,0,5.9514,7.50387,0
-0.085651,-0.036449,0,5.95122,7.50387,0
-0.085649,-0.036449,0,5.95122,7.50387,0
-0.085647,-0.036451,0,5.95122,7.50369,0
-0.085115,-0.036107,0,6.07183,7.60911,0
-0.085102,-0.036103,0,6.07218,7.60946,0
-0.085101,-0.036102,0,6.07252,7.60998,0
-0.085102,-0.036103,0,6.07218,7.60998,0
-0.085102,-0.036103,0,6.07218,7.60998,0
-0.085102,-0.036103,0,6.07235,7.60998,0
-0.085102,-0.036103,0,6.07235,7.60998,0
-0.085102,-0.036103,0,6.07235,7.60998,0
-0.085102,-0.036103,0,6.07235,7.60998,0
-0.085102,-0.036103,0,6.07235,7.60998,0
-0.085102,-0.036103,0,6.07235,7.60998,0
-0.085102,-0.036103,0,6.07235,7.60998,0
-0.085102,-0.036103,0,6.07235,7.60998,0
-0.085102,-0.036103,0,6.07235,7.60998,0
-0.085102,-0.036103,0,6.07235,7.60998,0
-0.085102,-0.036103,0,6.07235,7.60998,0
-0.085102,-0.036103,0,6.07235,7.60998,0
-0.085102,-0.036103,0,6.07235,7.60998,0
-0.085102,-0.036103,0,6.07235,7.60998,0
-0.085102,-0.036103,0,6.07235,7.60998,0
-0.084974,-0.036198,0,6.17183,7.70022,0
-0.08497,-0.0362,0,6.1741,7.70214,0
-0.084886,-0.036137,0,6.18056,7.71086,0
-0.084876,-0.036128,0,6.17881,7.70755,0
-0.08488,-0.03613,0,6.17916,7.70842,0
-0.084879,-0.03613,0,6.17916,7.70842,0
-0.084878,-0.036129,0,6.17899,7.7079,0
-0.084879,-0.036129,0,6.17899,7.7079,0
-0.084879,-0.036129,0,6.17899,7.7079,0
-0.084878,-0.036129,0,6.17899,7.7079,0
-0.084878,-0.036129,0,6.17899,7.7079,0
-0.084878,-0.036129,0,6.17899,7.7079,0
-0.084878,-0.036129,0,6.17899,7.7079,0
-0.084879,-0.036129,0,6.17899,7.7079,0
-0.084879,-0.036129,0,6.17899,7.7079,0
-0.084879,-0.036129,0,6.17899,7.7079,0
-0.084879,-0.036129,0,6.17899,7.7079,0
-0.084879,-0.036129,0,6.17899,7.7079,0
-0.084879,-0.036129,0,6.17899,7.7079,0
-0.084879,-0.036129,0,6.17899,7.7079,0
-0.084183,-0.036631,0,6.28214,7.80057,0
-0.084178,-0.036633,0,6.28231,7.8011,0
-0.08418,-0.036633,0,6.28231,7.8011,0
-0.084288,-0.036584,0,6.2762,7.79691,0
-0.08429,-0.036591,0,6.27812,7.79831,0
-0.084386,-0.036545,0,6.22035,7.76235,0
-0.084394,-0.036537,0,6.21826,7.76165,0
-0.084394,-0.036539,0,6.21861,7.76148,0
-0.084394,-0.036539,0,6.21861,7.76165,0
-0.084394,-0.036538,0,6.21843,7.76165,0
-0.084395,-0.036538,0,6.21843,7.76165,0
-0.084395,-0.036538,0,6.21843,7.76165,0
-0.084395,-0.036538,0,6.21843,7.76165,0
-0.084395,-0.036538,0,6.21843,7.76165,0
-0.084395,-0.036538,0,6.21843,7.76183,0
-0.084396,-0.036538,0,6.21843,7.76183,0
-0.084396,-0.036538,0,6.21843,7.76183,0
-0.084356,-0.036578,0,6.2701,7.80476,0
-0.084354,-0.036588,0,6.27184,7.80651,0
-0.084355,-0.036587,0,6.27132,7.80633,0
-0.084355,-0.036587,0,6.27149,7.80633,0
-0.084355,-0.036587,0,6.27149,7.80633,0
-0.084355,-0.036587,0,6.27149,7.80633,0
-0.084355,-0.036587,0,6.27149,7.80633,0
-0.084355,-0.036587,0,6.27149,7.80633,0
-0.084355,-0.036587,0,6.27149,7.80633,0
-0.084355,-0.036587,0,6.27149,7.80633,0
-0.084355,-0.036587,0,6.27149,7.80633,0
-0.084355,-0.036587,0,6.27149,7.80633,0
-0.084355,-0.036587,0,6.27149,7.80633,0
-0.084355,-0.036587,0,6.27149,7.80633,0
-0.084355,-0.036587,0,6.27149,7.80633,0
-0.084355,-0.036587,0,6.27149,7.80633,0
-0.084355,-0.036587,0,6.27149,7.80633,0
-0.084355,-0.036587,0,6.27149,7.80633,0
-0.084355,-0.036587,0,6.27149,7.80633,0
-0.084355,-0.036587,0,6.27149,7.80633,0
-0.084355,-0.036587,0,6.27149,7.80633,0
-0.084029,-0.035795,0,6.37988,7.89081,0
-0.084026,-0.035785,0,6.37988,7.89081,0
-0.084026,-0.035783,0,6.38005,7.89116,0
-0.084026,-0.035783,0,6.38005,7.89116,0
-0.084026,-0.035784,0,6.38005,7.89116,0
-0.084026,-0.035784,0,6.38005,7.89116,0
-0.084026,-0.035784,0,6.38005,7.89116,0
-0.084026,-0.035784,0,6.38005,7.89116,0
-0.084026,-0.035784,0,6.38005,7.89116,0
-0.084026,-0.035784,0,6.38005,7.89116,0
-0.084026,-0.035784,0,6.38005,7.89116,0
-0.084026,-0.035784,0,6.38005,7.89116,0
-0.084026,-0.035784,0,6.38005,7.89116,0
-0.084026,-0.035784,0,6.38005,7.89116,0
-0.084026,-0.035784,0,6.38005,7.89116,0
-0.084026,-0.035784,0,6.38005,7.89116,0
-0.084026,-0.035784,0,6.38005,7.89116,0
-0.084026,-0.035784,0,6.38005,7.89116,0
-0.084026,-0.035784,0,6.38005,7.89116,0
-0.084121,-0.035765,0,6.46627,7.96882,0
-0.084126,-0.035782,0,6.46854,7.97144,0
-0.084907,-0.034353,0,6.49385,8.00233,0
-0.084909,-0.034341,0,6.49385,8.00233,0
-0.084615,-0.033924,0,6.40187,7.92205,0
-0.084613,-0.033914,0,6.40169,7.92153,0
-0.084613,-0.033914,0,6.40169,7.92135,0
-0.084613,-0.033914,0,6.40169,7.92135,0
-0.084613,-0.033914,0,6.40187,7.92135,0
-0.084613,-0.033914,0,6.40187,7.92135,0
-0.084613,-0.033914,0,6.40187,7.92135,0
-0.084613,-0.033914,0,6.40187,7.92135,0
-0.08414,-0.035637,0,6.45685,7.99884,0
-0.08414,-0.035649,0,6.45685,7.99884,0
-0.08409,-0.035578,0,6.45405,7.99954,0
-0.084086,-0.035566,0,6.45475,7.99954,0
-0.084088,-0.035565,0,6.45458,7.99954,0
-0.084088,-0.035565,0,6.45458,7.99954,0
-0.084087,-0.035565,0,6.45458,7.99954,0
-0.084087,-0.035566,0,6.45458,7.99954,0
-0.084088,-0.035566,0,6.45458,7.99954,0
-0.084088,-0.035566,0,6.45458,7.99954,0
-0.084088,-0.035566,0,6.45458,7.99954,0
-0.084088,-0.035566,0,6.45458,7.99954,0
-0.084088,-0.035566,0,6.45458,7.99954,0
-0.084088,-0.035566,0,6.45458,7.99954,0
-0.084088,-0.035566,0,6.45458,7.99954,0
-0.084088,-0.035566,0,6.45458,7.99954,0
-0.084088,-0.035566,0,6.45458,7.99954,0
-0.083618,-0.03479,0,6.55005,8.08367,0
-0.083616,-0.034786,0,6.55022,8.08402,0
-0.083617,-0.034786,0,6.55022,8.08402,0
-0.083618,-0.034787,0,6.55022,8.08402,0
-0.083618,-0.034787,0,6.55022,8.08402,0
-0.083618,-0.034787,0,6.55022,8.08402,0
-0.083618,-0.034787,0,6.55022,8.08402,0
-0.083618,-0.034787,0,6.55022,8.08402,0
-0.083619,-0.034787,0,6.55022,8.08402,0
-0.083619,-0.034787,0,6.55022,8.08402,0
-0.083619,-0.034787,0,6.55022,8.08402,0
-0.083619,-0.034787,0,6.55022,8.08402,0
-0.083619,-0.034787,0,6.55022,8.08402,0
-0.083619,-0.034787,0,6.55022,8.08402,0
-0.083619,-0.034787,0,6.55022,8.08402,0
-0.083619,-0.034787,0,6.55022,8.08402,0
-0.083619,-0.034787,0,6.55022,8.08402,0
-0.083619,-0.034787,0,6.55022,8.08402,0
-0.083619,-0.034787,0,6.55022,8.08402,0
-0.083452,-0.034232,0,6.62091,8.1561,0
-0.08345,-0.034215,0,6.62108,8.15662,0
-0.08352,-0.034216,0,6.62719,8.16413,0
-0.083523,-0.034216,0,6.62544,8.16168,0
-0.084813,-0.034696,0,6.64133,8.19223,0
-0.084828,-0.034696,0,6.64133,8.19223,0
-0.084308,-0.033713,0,6.57308,8.14493,0
-0.084304,-0.033699,0,6.57291,8.14493,0
-0.084208,-0.033612,0,6.56663,8.14056,0
-0.083653,-0.034302,0,6.62597,8.21753,0
-0.083644,-0.034314,0,6.62597,8.21771,0
-0.083646,-0.034312,0,6.62614,8.21788,0
-0.083646,-0.034312,0,6.62614,8.21788,0
-0.083646,-0.034313,0,6.62597,8.21788,0
-0.083646,-0.034313,0,6.62597,8.21788,0
-0.083646,-0.034313,0,6.62597,8.21788,0
-0.083646,-0.034313,0,6.62597,8.21788,0
-0.083646,-0.034313,0,6.62597,8.21788,0
-0.083646,-0.034313,0,6.62597,8.21788,0
-0.083646,-0.034313,0,6.62597,8.21788,0
-0.083646,-0.034313,0,6.62597,8.21788,0
-0.083646,-0.034313,0,6.62597,8.21788,0
-0.083646,-0.034313,0,6.62597,8.21788,0
-0.083646,-0.034313,0,6.62597,8.21788,0
-0.083646,-0.034313,0,6.62597,8.21788,0
-0.083646,-0.034313,0,6.62597,8.21788,0
-0.083646,-0.034313,0,6.62597,8.21788,0
-0.083646,-0.034313,0,6.62597,8.21788,0
-0.083317,-0.034234,0,6.70433,8.29398,0
-0.083305,-0.034247,0,6.70503,8.29485,0
-0.083142,-0.034911,0,6.77362,8.3624,0
-0.083141,-0.034923,0,6.77362,8.36257,0
-0.083567,-0.033791,0,6.62859,8.27757,0
-0.083568,-0.03378,0,6.62859,8.27757,0
-0.083568,-0.033782,0,6.62859,8.27757,0
-0.083568,-0.033782,0,6.62859,8.27757,0
-0.083568,-0.033781,0,6.62859,8.27757,0
-0.083568,-0.033781,0,6.62859,8.27757,0
-0.083568,-0.033781,0,6.62859,8.27757,0
-0.083568,-0.033781,0,6.62859,8.27757,0
-0.083642,-0.033223,0,6.68321,8.33552,0
-0.083642,-0.033211,0,6.68339,8.33587,0
-0.083643,-0.03321,0,6.68356,8.33604,0
-0.083643,-0.033211,0,6.68339,8.33604,0
-0.083643,-0.033211,0,6.68339,8.33604,0
-0.083643,-0.033211,0,6.68339,8.33604,0
-0.083643,-0.033211,0,6.68339,8.33604,0
-0.083643,-0.033211,0,6.68339,8.33604,0
-0.083642,-0.033211,0,6.68339,8.33604,0
-0.083642,-0.033211,0,6.68339,8.33604,0
-0.083642,-0.033211,0,6.68339,8.33604,0
-0.083642,-0.033211,0,6.68339,8.33604,0
-0.083642,-0.033211,0,6.68339,8.33604,0
-0.083642,-0.033211,0,6.68339,8.33604,0
-0.083642,-0.033211,0,6.68339,8.33604,0
-0.083642,-0.033211,0,6.68339,8.33604,0
-0.083642,-0.033211,0,6.68339,8.33604,0
-0.083642,-0.033211,0,6.68339,8.33604,0
-0.083642,-0.033211,0,6.68339,8.33604,0
-0.083642,-0.033211,0,6.68339,8.33604,0
-0.083642,-0.033211,0,6.68339,8.33604,0
-0.083544,-0.033306,0,6.77834,8.43029,0
-0.08354,-0.033309,0,6.78078,8.43256,0
-0.083534,-0.033207,0,6.78601,8.43919,0
-0.083535,-0.033205,0,6.78444,8.43779,0
-0.083536,-0.033206,0,6.78497,8.43779,0
-0.083536,-0.033206,0,6.78479,8.43797,0
-0.083535,-0.033206,0,6.78462,8.43797,0
-0.083535,-0.033206,0,6.78462,8.43797,0
-0.083535,-0.033206,0,6.78462,8.43797,0
-0.083535,-0.033206,0,6.78462,8.43797,0
-0.083535,-0.033206,0,6.78462,8.43797,0
-0.083535,-0.033206,0,6.78462,8.43797,0
-0.083535,-0.033206,0,6.78462,8.43797,0
-0.083535,-0.033206,0,6.78462,8.43797,0
-0.083535,-0.033206,0,6.78462,8.43797,0
-0.083535,-0.033206,0,6.78462,8.43797,0
-0.083535,-0.033206,0,6.78462,8.43797,0
-0.083535,-0.033206,0,6.78462,8.43797,0
-0.083535,-0.033206,0,6.78462,8.43797,0
-0.083535,-0.033206,0,6.78462,8.43797,0
-0.083441,-0.032642,0,6.8478,8.50883,0
-0.083441,-0.032629,0,6.84797,8.50883,0
-0.083961,-0.032737,0,6.77415,8.47584,0
-0.083972,-0.032737,0,6.77397,8.47584,0
-0.083977,-0.032738,0,6.7738,8.47567,0
-0.083974,-0.032738,0,6.7738,8.47567,0
-0.083976,-0.032738,0,6.7738,8.47567,0
-0.083976,-0.032738,0,6.7738,8.47567,0
-0.083975,-0.032738,0,6.7738,8.47567,0
-0.083975,-0.032738,0,6.7738,8.47567,0
-0.083868,-0.032713,0,6.76751,8.4741,0
-0.083868,-0.032723,0,6.76961,8.47462,0
-0.083385,-0.030771,0,6.77502,8.50569,0
-0.083385,-0.03076,0,6.77502,8.50586,0
-0.083385,-0.030759,0,6.77502,8.50586,0
-0.083385,-0.030759,0,6.77502,8.50586,0
-0.083385,-0.03076,0,6.77502,8.50586,0
-0.083385,-0.03076,0,6.77502,8.50586,0
-0.083385,-0.03076,0,6.77502,8.50586,0
-0.083385,-0.03076,0,6.77502,8.50586,0
-0.083385,-0.03076,0,6.77502,8.50586,0
-0.083385,-0.03076,0,6.77502,8.50586,0
-0.083385,-0.03076,0,6.77502,8.50586,0
-0.083385,-0.03076,0,6.77502,8.50586,0
-0.083385,-0.03076,0,6.77502,8.50586,0
-0.083385,-0.03076,0,6.77502,8.50586,0
-0.083385,-0.03076,0,6.77502,8.50586,0
-0.083385,-0.03076,0,6.77502,8.50586,0
-0.083385,-0.03076,0,6.77502,8.50586,0
-0.083385,-0.03076,0,6.77502,8.50586,0
-0.083417,-0.033283,0,6.88812,8.64933,0
-0.083417,-0.033295,0,6.88812,8.64933,0
-0.083452,-0.031636,0,6.71236,8.58458,0
-0.083452,-0.031622,0,6.71236,8.58458,0
-0.083354,-0.033225,0,6.8183,8.66312,0
-0.083354,-0.033236,0,6.8183,8.66329,0
-0.083354,-0.033232,0,6.8183,8.66329,0
-0.08268,-0.031654,0,6.8937,8.70937,0
-0.082679,-0.031649,0,6.8937,8.70937,0
-0.082679,-0.031651,0,6.8937,8.70937,0
-0.082679,-0.031652,0,6.8937,8.70937,0
-0.082679,-0.031651,0,6.8937,8.70937,0
-0.082679,-0.031651,0,6.8937,8.70937,0
-0.08268,-0.031651,0,6.8937,8.70937,0
-0.08268,-0.031651,0,6.8937,8.70937,0
-0.08268,-0.031651,0,6.8937,8.70937,0
-0.08268,-0.031651,0,6.8937,8.70937,0
-0.08268,-0.031651,0,6.8937,8.70937,0
-0.08268,-0.031651,0,6.8937,8.70937,0
-0.08268,-0.031651,0,6.8937,8.70937,0
-0.08268,-0.031651,0,6.8937,8.70937,0
-0.08268,-0.031651,0,6.8937,8.70937,0
-0.08268,-0.031651,0,6.8937,8.70937,0
-0.083083,-0.030272,0,6.94501,8.76784,0
-0.083083,-0.030262,0,6.94501,8.76784,0
-0.083084,-0.030263,0,6.94501,8.76801,0
-0.083084,-0.030263,0,6.94501,8.76801,0
-0.083084,-0.030263,0,6.94501,8.76801,0
-0.083084,-0.030263,0,6.94501,8.76801,0
-0.083084,-0.030263,0,6.94501,8.76801,0
-0.083084,-0.030263,0,6.94501,8.76801,0
-0.083084,-0.030263,0,6.94501,8.76801,0
-0.083084,-0.030263,0,6.94501,8.76801,0
-0.083084,-0.030263,0,6.94501,8.76801,0
-0.083084,-0.030263,0,6.94501,8.76801,0
-0.083084,-0.030263,0,6.94501,8.76801,0
-0.083084,-0.030263,0,6.94501,8.76801,0
-0.083084,-0.030263,0,6.94501,8.76801,0
-0.083084,-0.030263,0,6.94501,8.76801,0
-0.083084,-0.030263,0,6.94501,8.76801,0
-0.083084,-0.030263,0,6.94501,8.76801,0
-0.083161,-0.030157,0,6.96596,8.82491,0
-0.083165,-0.03015,0,6.96613,8.827,0
-0.083165,-0.030151,0,6.96631,8.82665,0
-0.083165,-0.030151,0,6.96631,8.82665,0
-0.083076,-0.03014,0,6.96962,8.83346,0
-0.083076,-0.030142,0,6.96875,8.83189,0
-0.082497,-0.030071,0,6.97329,8.88512,0
-0.082487,-0.030071,0,6.97329,8.88512,0
-0.082482,-0.030071,0,6.97329,8.8853,0
-0.083734,-0.034471,0,6.86438,8.89699,0
-0.083734,-0.034487,0,6.86438,8.89699,0
-0.081956,-0.031162,0,6.75861,8.97169,0
-0.081956,-0.031146,0,6.75861,8.97169,0
-0.083204,-0.032233,0,6.78322,8.99246,0
-0.083206,-0.032251,0,6.78322,8.99246,0
-0.08215,-0.030322,0,6.92512,9.04115,0
-0.082149,-0.030307,0,6.92529,9.04115,0
-0.082433,-0.030154,0,7.00069,9.06472,0
-0.082448,-0.030154,0,7.00069,9.06472,0
-0.08336,-0.03345,0,6.96526,9.06576,0
-0.08336,-0.033463,0,6.96526,9.06576,0
-0.082078,-0.031771,0,6.90522,9.11027,0
-0.082071,-0.031757,0,6.90522,9.11027,0
-0.082375,-0.031312,0,6.89789,9.14762,0
-0.082375,-0.031302,0,6.89789,9.14762,0
-0.082376,-0.031295,0,6.89789,9.14762,0
-0.082376,-0.031299,0,6.89789,9.14762,0
-0.082376,-0.031298,0,6.89789,9.14762,0
-0.082376,-0.031298,0,6.89789,9.14762,0
-0.082376,-0.031298,0,6.89789,9.14762,0
-0.082376,-0.031298,0,6.89789,9.14762,0
-0.082543,-0.030692,0,6.86386,9.21098,0
-0.082544,-0.030675,0,6.86386,9.21115,0
-0.082469,-0.030569,0,6.87049,9.21708,0
-0.082468,-0.030571,0,6.86735,9.21447,0
-0.081628,-0.030687,0,6.84134,9.28707,0
-0.08161,-0.030687,0,6.84134,9.28707,0
-0.082697,-0.034305,0,6.85164,9.31046,0
-0.082697,-0.034322,0,6.85164,9.31046,0
-0.082149,-0.034686,0,6.81062,9.38132,0
-0.08214,-0.034688,0,6.81062,9.38149,0
-0.082138,-0.034688,0,6.81062,9.38184,0
-0.082138,-0.034688,0,6.81062,9.38184,0
-0.082071,-0.034633,0,6.8094,9.38656,0
-0.082059,-0.034629,0,6.80993,9.38394,0
-0.081182,-0.033707,0,6.79771,9.41518,0
-0.081171,-0.033699,0,6.79771,9.41518,0
-0.081167,-0.033698,0,6.79771,9.41518,0
-0.081934,-0.033521,0,6.78916,9.44433,0
-0.081946,-0.033515,0,6.78916,9.4445,0
-0.081951,-0.033514,0,6.78916,9.4445,0
-0.081863,-0.032146,0,6.77868,9.4801,0
-0.081863,-0.032136,0,6.77868,9.4801,0
-0.081863,-0.032136,0,6.77868,9.4801,0
-0.081863,-0.032136,0,6.77868,9.4801,0
-0.081863,-0.032136,0,6.77868,9.4801,0
-0.081863,-0.032136,0,6.77868,9.4801,0
-0.081863,-0.032137,0,6.77868,9.4801,0
-0.081863,-0.032137,0,6.77868,9.4801,0
-0.081863,-0.032137,0,6.77868,9.4801,0
-0.081863,-0.032137,0,6.77868,9.4801,0
-0.081863,-0.032137,0,6.77868,9.4801,0
-0.081863,-0.032137,0,6.77868,9.4801,0
-0.081863,-0.032137,0,6.77868,9.4801,0
-0.08202,-0.030204,0,6.77572,9.50733,0
-0.08202,-0.030183,0,6.77572,9.50733,0
-0.081967,-0.030139,0,6.78217,9.50768,0
-0.08198,-0.030147,0,6.78078,9.50768,0
-0.081984,-0.030149,0,6.78078,9.50733,0
-0.081983,-0.030148,0,6.78078,9.50733,0
-0.081982,-0.030148,0,6.78095,9.50733,0
-0.081983,-0.030148,0,6.78095,9.50733,0
-0.081983,-0.030148,0,6.78095,9.50733,0
-0.081983,-0.030148,0,6.78095,9.50733,0
-0.081983,-0.030148,0,6.78095,9.50733,0
-0.081983,-0.030148,0,6.78095,9.50733,0
-0.082042,-0.030012,0,6.867,9.57139,0
-0.082043,-0.030005,0,6.87066,9.57348,0
-0.081086,-0.030001,0,7.07522,9.65429,0
-0.081071,-0.030001,0,7.07539,9.65429,0
-0.082532,-0.036433,0,7.07399,9.70962,0
-0.082532,-0.03645,0,7.07399,9.70962,0
-0.080628,-0.035307,0,7.07434,9.71433,0
-0.080613,-0.035306,0,7.07434,9.71433,0
-0.081481,-0.037542,0,7.04205,9.77821,0
-0.081482,-0.037546,0,7.04205,9.77821,0
-0.081482,-0.037545,0,7.04205,9.77821,0
-0.080293,-0.036121,0,7.02355,9.81364,0
-0.080292,-0.036106,0,7.02355,9.81364,0
-0.080946,-0.036908,0,6.99633,9.87211,0
-0.080953,-0.03692,0,6.99633,9.87211,0
-0.081899,-0.039561,0,6.99336,9.87979,0
-0.081899,-0.039578,0,6.99336,9.87979,0
-0.081127,-0.036173,0,6.99458,9.87682,0
-0.081127,-0.036159,0,6.99458,9.87682,0
-0.080719,-0.034258,0,6.98638,9.89741,0
-0.080719,-0.034246,0,6.98638,9.89741,0
-0.080718,-0.034247,0,6.98638,9.89741,0
-0.080783,-0.034175,0,6.98516,9.90282,0
-0.080792,-0.034164,0,6.98533,9.90125,0
-0.080987,-0.033067,0,6.97783,9.92639,0
-0.080988,-0.033055,0,6.97783,9.92639,0
-0.081036,-0.033136,0,6.97608,9.93337,0
-0.081041,-0.033158,0,6.97713,9.92865,0
-0.080532,-0.030829,0,6.97608,9.94785,0
-0.080532,-0.030813,0,6.97608,9.94785,0
-0.080268,-0.03004,0,7.12845,10.011,0
-0.080266,-0.030023,0,7.13019,10.0116,0
-0.080666,-0.030011,0,7.13246,10.0285,0
-0.08137,-0.03048,0,7.12374,10.0819,0
-0.081386,-0.030484,0,7.12374,10.0819,0
-0.080123,-0.030654,0,7.1295,10.0782,0
-0.080106,-0.030654,0,7.1295,10.0782,0
-0.081301,-0.031938,0,7.13194,10.0859,0
-0.081317,-0.03195,0,7.13194,10.0859,0
-0.080175,-0.03053,0,7.13491,10.0992,0
-0.080161,-0.030507,0,7.13491,10.0992,0
-0.080023,-0.030041,0,7.19721,10.1405,0
-0.080021,-0.030029,0,7.19739,10.1407,0
-0.080991,-0.031063,0,7.2131,10.1053,0
-0.081001,-0.031074,0,7.2131,10.1053,0
-0.081006,-0.031075,0,7.2131,10.1053,0
-0.079716,-0.030131,0,7.20978,10.1337,0
-0.079671,-0.030118,0,7.20978,10.1337,0
-0.079462,-0.030004,0,7.39688,10.2372,0
-0.079452,-0.030002,0,7.40107,10.2386,0
-0.079447,-0.030001,0,7.40246,10.239,0
-0.080267,-0.030824,0,7.38815,10.3077,0
-0.080282,-0.030835,0,7.38815,10.3079,0
-0.080519,-0.033287,0,7.39601,10.2987,0
-0.080519,-0.033299,0,7.39601,10.2987,0
-0.08014,-0.032353,0,7.37524,10.3636,0
-0.080137,-0.032342,0,7.37524,10.3636,0
-0.080206,-0.035089,0,7.38204,10.3488,0
-0.080206,-0.0351,0,7.38204,10.3488,0
-0.080206,-0.035101,0,7.38204,10.3489,0
-0.080206,-0.035101,0,7.38204,10.3489,0
-0.079357,-0.033044,0,7.37908,10.3585,0
-0.079104,-0.030843,0,7.35953,10.4187,0
-0.080413,-0.030995,0,7.35237,10.4482,0
-0.080433,-0.030995,0,7.35237,10.4482,0
-0.080377,-0.030933,0,7.3508,10.4552,0
-0.08042,-0.030987,0,7.3522,10.4484,0
-0.080289,-0.030162,0,7.35464,10.455,0
-0.080289,-0.030151,0,7.35447,10.455,0
-0.080289,-0.03015,0,7.35447,10.4549,0
-0.080289,-0.03015,0,7.35447,10.4549,0
-0.080289,-0.030151,0,7.35447,10.4547,0
-0.080289,-0.030151,0,7.35447,10.4547,0
-0.080289,-0.030151,0,7.35447,10.4547,0
-0.080289,-0.030151,0,7.35447,10.4547,0
-0.080805,-0.030582,0,7.3789,10.3844,0
-0.080822,-0.03059,0,7.3789,10.384,0
-0.080585,-0.030343,0,7.37524,10.4093,0
-0.08058,-0.030297,0,7.37506,10.4098,0
-0.080257,-0.030019,0,7.43807,10.4908,0
-0.079623,-0.030001,0,7.53267,10.5432,0
-0.07958,-0.030001,0,7.53319,10.5434,0
-0.079579,-0.030001,0,7.53319,10.5434,0
-0.079579,-0.030001,0,7.53319,10.5434,0
-0.079579,-0.030001,0,7.53319,10.5434,0
-0.079579,-0.030001,0,7.53319,10.5434,0
-0.079579,-0.030001,0,7.53319,10.5434,0
-0.07923,-0.03,0,7.70563,10.6542,0
-0.079207,-0.03,0,7.70877,10.6556,0
-0.07912,-0.03,0,7.70999,10.6907,0
-0.079099,-0.03,0,7.70615,10.6949,0
-0.08005,-0.032804,0,7.71436,10.6802,0
-0.08005,-0.032816,0,7.71436,10.6802,0
-0.079938,-0.03524,0,7.71907,10.6729,0
-0.079938,-0.035256,0,7.71907,10.6729,0
-0.080336,-0.03684,0,7.71383,10.6877,0
-0.07785,-0.034389,0,7.72937,10.6526,0
-0.077836,-0.034379,0,7.72937,10.6526,0
-0.078686,-0.034539,0,7.71558,10.6872,0
-0.07871,-0.03454,0,7.71558,10.6873,0
-0.07975,-0.035194,0,7.70039,10.7278,0
-0.078528,-0.033311,0,7.67683,10.7907,0
-0.078526,-0.033299,0,7.67683,10.7907,0
-0.078605,-0.033231,0,7.67351,10.7997,0
-0.078552,-0.033292,0,7.67683,10.7908,0
-0.078474,-0.033245,0,7.66706,10.7952,0
-0.078462,-0.03324,0,7.6702,10.794,0
-0.079175,-0.033387,0,7.65938,10.8247,0
-0.078986,-0.031269,0,7.63791,10.8757,0
-0.078815,-0.030039,0,7.49567,10.8104,0
-0.078814,-0.030013,0,7.49567,10.8102,0
-0.079585,-0.030001,0,7.22776,10.7722,0
-0.079602,-0.030001,0,7.22688,10.7722,0
-0.078772,-0.030001,0,6.40204,10.7718,0
-0.078765,-0.030001,0,6.39925,10.7718,0
-0.07798,-0.042876,0,5.73271,10.5591,0
-0.07798,-0.042915,0,5.73271,10.5591,0
-0.079261,-0.039118,0,5.65923,9.69269,0
-0.079261,-0.039112,0,5.65906,9.68972,0
-0.077801,-0.039771,0,5.88141,9.61642,0
-0.077781,-0.039775,0,5.88141,9.61642,0
-0.07799,-0.040167,0,5.89956,9.60472,0
-0.078002,-0.040185,0,5.89939,9.6049,0
-0.079233,-0.041184,0,5.94354,9.55585,0
-0.079252,-0.041191,0,5.94354,9.55568,0
-0.077298,-0.043781,0,5.87949,9.63177,0
-0.078927,-0.044006,0,5.828,9.68396,0
-0.078356,-0.041786,0,5.81334,9.70647,0
-0.078356,-0.041781,0,5.81334,9.70647,0
-0.078356,-0.041782,0,5.81334,9.70647,0
-0.076929,-0.042231,0,5.77879,9.73684,0
-0.076916,-0.042232,0,5.77879,9.73684,0
-0.078013,-0.044536,0,5.81579,9.71712,0
-0.078013,-0.044548,0,5.81579,9.71712,0
-0.078014,-0.044549,0,5.81561,9.71712,0
-0.078014,-0.044549,0,5.81561,9.71712,0
-0.077569,-0.045314,0,5.82312,9.73702,0
-0.077567,-0.045317,0,5.82294,9.73719,0
-0.077567,-0.045317,0,5.82294,9.73719,0
-0.076844,-0.045615,0,5.83359,9.76058,0
-0.076832,-0.045616,0,5.83359,9.76058,0
-0.078072,-0.045868,0,5.86902,9.75325,0
-0.078083,-0.045868,0,5.86902,9.75325,0
-0.078955,-0.044974,0,5.87583,9.75988,0
-0.078971,-0.044963,0,5.87583,9.75988,0
-0.077541,-0.045164,0,5.84301,9.79077,0
-0.077528,-0.045164,0,5.84301,9.79077,0
-0.07766,-0.045931,0,5.83429,9.80788,0
-0.077679,-0.045944,0,5.83429,9.80788,0
-0.078383,-0.046808,0,5.85785,9.80788,0
-0.078391,-0.046821,0,5.85785,9.80788,0
-0.077838,-0.047643,0,5.85349,9.84244,0
-0.077837,-0.047659,0,5.85349,9.84244,0
-0.077754,-0.047745,0,5.86623,9.92761,0
-0.077752,-0.047746,0,5.86588,9.93005,0
-0.076282,-0.046116,0,5.91736,9.93738,0
-0.078092,-0.045659,0,5.94058,9.94489,0
-0.078106,-0.045659,0,5.94058,9.94489,0
-0.078209,-0.045608,0,5.93953,9.94838,0
-0.078224,-0.045602,0,5.93988,9.94698,0
-0.079287,-0.047083,0,5.98089,9.93564,0
-0.079298,-0.047102,0,5.98089,9.93564,0
-0.079247,-0.048053,0,5.9891,9.96077,0
-0.079247,-0.048068,0,5.9891,9.96077,0
-0.077043,-0.045988,0,6.01161,9.99096,0
-0.07703,-0.045982,0,6.01161,9.99096,0
-0.076259,-0.046221,0,6.06048,9.97927,0
-0.076247,-0.046221,0,6.06048,9.97909,0
-0.076923,-0.046575,0,6.1097,9.98241,0
-0.076938,-0.046577,0,6.1097,9.98241,0
-0.074847,-0.044247,0,6.1172,10.0248,0
-0.074838,-0.044232,0,6.1172,10.0248,0
-0.076694,-0.046128,0,6.17637,10.0271,0
-0.076712,-0.046143,0,6.17637,10.0271,0
-0.076892,-0.046592,0,6.20657,10.0379,0
-0.077118,-0.04673,0,6.21669,10.0466,0
-0.077131,-0.046733,0,6.21686,10.0466,0
-0.077048,-0.046677,0,6.21302,10.0531,0
-0.077037,-0.046672,0,6.21407,10.051,0
-0.07704,-0.046675,0,6.21407,10.0512,0
-0.077039,-0.046674,0,6.2139,10.0512,0
-0.077039,-0.046674,0,6.2139,10.0512,0
-0.077375,-0.046848,0,6.22943,10.0564,0
-0.077394,-0.046851,0,6.2296,10.0564,0
-0.077171,-0.047085,0,6.23885,10.0833,0
-0.077159,-0.047095,0,6.23833,10.0833,0
-0.077605,-0.04756,0,6.37569,10.2283,0
-0.077041,-0.044284,0,6.37656,10.2653,0
-0.077041,-0.044269,0,6.37656,10.2653,0
-0.076829,-0.042832,0,6.37447,10.2831,0
-0.076826,-0.042819,0,6.37447,10.2831,0
-0.077397,-0.045283,0,6.3537,10.3189,0
-0.077398,-0.045296,0,6.3537,10.3189,0
-0.076084,-0.045319,0,6.40815,10.2987,0
-0.076068,-0.045319,0,6.40815,10.2987,0
-0.076572,-0.044488,0,6.42595,10.3025,0
-0.076578,-0.044474,0,6.42595,10.3025,0
-0.076539,-0.045216,0,6.44184,10.3198,0
-0.076539,-0.045233,0,6.44166,10.32,0
-0.076257,-0.045745,0,6.45789,10.3421,0
-0.076253,-0.045761,0,6.45789,10.3421,0
-0.076163,-0.045864,0,6.46348,10.3413,0
-0.076151,-0.045874,0,6.46208,10.3413,0
-0.076153,-0.045869,0,6.46173,10.3414,0
-0.076154,-0.045871,0,6.46226,10.3414,0
-0.076153,-0.045871,0,6.46226,10.3414,0
-0.076153,-0.045871,0,6.46208,10.3414,0
-0.076153,-0.045871,0,6.46208,10.3414,0
-0.076153,-0.045871,0,6.46208,10.3414,0
-0.076153,-0.045871,0,6.46208,10.3414,0
-0.076049,-0.045978,0,6.48076,10.3625,0
-0.076039,-0.045989,0,6.48076,10.3631,0
-0.076041,-0.046,0,6.4846,10.369,0
-0.07604,-0.045997,0,6.48372,10.3669,0
-0.076029,-0.046009,0,6.47936,10.3803,0
-0.076026,-0.046013,0,6.47884,10.3831,0
-0.076025,-0.046013,0,6.47884,10.3831,0
-0.076026,-0.046013,0,6.47884,10.3831,0
-0.076023,-0.046016,0,6.47674,10.3948,0
-0.076023,-0.046017,0,6.47657,10.3981,0
-0.07602,-0.046019,0,6.47831,10.4081,0
-0.07602,-0.046019,0,6.48233,10.4201,0
-0.07602,-0.046019,0,6.48268,10.4214,0
-0.07602,-0.046019,0,6.48285,10.4222,0
-0.07602,-0.046019,0,6.48268,10.4215,0
-0.07602,-0.046019,0,6.48268,10.4215,0
-0.07602,-0.046019,0,6.48268,10.4215,0
-0.07602,-0.046019,0,6.48268,10.4215,0
-0.07602,-0.046021,0,6.54464,10.5076,0
-0.07602,-0.046021,0,6.54586,10.5105,0
-0.07602,-0.046021,0,6.59228,10.5935,0
-0.07602,-0.046021,0,6.59403,10.5961,0
-0.076021,-0.046021,0,6.59577,10.6036,0
-0.076021,-0.046021,0,6.59525,10.6011,0
-0.076021,-0.046021,0,6.5949,10.6011,0
-0.07602,-0.046021,0,6.59525,10.6017,0
-0.07602,-0.046021,0,6.59525,10.6017,0
-0.07602,-0.046021,0,6.59508,10.6017,0
-0.07602,-0.046021,0,6.59508,10.6017,0
-0.07602,-0.046021,0,6.59508,10.6017,0
-0.07602,-0.046021,0,6.59508,10.6017,0
-0.07602,-0.046021,0,6.59508,10.6017,0
-0.07602,-0.046021,0,6.59508,10.6015,0
-0.07602,-0.046021,0,6.59508,10.6015,0
-0.07602,-0.046021,0,6.59508,10.6015,0
-0.07602,-0.046021,0,6.59508,10.6015,0
-0.07602,-0.046021,0,6.5949,10.6015,0
-0.07602,-0.046021,0,6.61899,10.6631,0
-0.076021,-0.046021,0,6.61916,10.6657,0
-0.076021,-0.046021,0,6.62405,10.7011,0
-0.076021,-0.046021,0,6.6237,10.7025,0
-0.076022,-0.046021,0,6.62318,10.7134,0
-0.076022,-0.046021,0,6.62335,10.7102,0
-0.076022,-0.046021,0,6.62352,10.7102,0
-0.076022,-0.046021,0,6.62352,10.7102,0
-0.076022,-0.045097,0,6.58932,10.7469,0
-0.076022,-0.045081,0,6.58932,10.7469,0
-0.076546,-0.042011,0,6.61026,10.7661,0
-0.075077,-0.043917,0,6.78113,10.7676,0
-0.075071,-0.043933,0,6.78113,10.7676,0
-0.075087,-0.044635,0,6.83244,10.7732,0
-0.075087,-0.044647,0,6.83244,10.7732,0
-0.075087,-0.044643,0,6.83261,10.7732,0
-0.075087,-0.044644,0,6.83261,10.7732,0
-0.075735,-0.043745,0,6.85234,10.7788,0
-0.075742,-0.04373,0,6.85234,10.7788,0
-0.074813,-0.044666,0,6.87328,10.8006,0
-0.074801,-0.04467,0,6.87328,10.8006,0
-0.074801,-0.04467,0,6.87328,10.8006,0
-0.074801,-0.04467,0,6.87328,10.8006,0
-0.074801,-0.04467,0,6.87328,10.8006,0
-0.074801,-0.04467,0,6.87328,10.8006,0
-0.074801,-0.044671,0,6.87328,10.8004,0
-0.074801,-0.044671,0,6.87328,10.8004,0
-0.074801,-0.044671,0,6.87328,10.8004,0
-0.074801,-0.044671,0,6.87328,10.8004,0
-0.074801,-0.044672,0,6.87328,10.8004,0
-0.074801,-0.044672,0,6.87328,10.8004,0
-0.074801,-0.044672,0,6.87328,10.8004,0
-0.074801,-0.044672,0,6.87328,10.8004,0
-0.074801,-0.044672,0,6.87328,10.8004,0
-0.074801,-0.044672,0,6.87328,10.8004,0
-0.074744,-0.044733,0,6.90679,10.8692,0
-0.075002,-0.04491,0,6.91377,10.923,0
-0.075015,-0.044914,0,6.91395,10.9237,0
-0.075255,-0.043836,0,6.87188,10.967,0
-0.075255,-0.043823,0,6.87188,10.967,0
-0.07535,-0.043761,0,6.86368,10.9743,0
-0.075362,-0.04376,0,6.86613,10.972,0
-0.075433,-0.043723,0,6.87066,10.9738,0
-0.075441,-0.043717,0,6.86979,10.9732,0
-0.07544,-0.04372,0,6.86979,10.9731,0
-0.07544,-0.043719,0,6.86979,10.9731,0
-0.075064,-0.044524,0,6.90679,10.9699,0
-0.075061,-0.044539,0,6.90697,10.9699,0
-0.074799,-0.042945,0,6.85984,11.0129,0
-0.074799,-0.042929,0,6.85984,11.0129,0
-0.075445,-0.043602,0,6.97818,11.0006,0
-0.075334,-0.04516,0,7.09668,11.0127,0
-0.075334,-0.045174,0,7.09668,11.0127,0
-0.075254,-0.04453,0,7.08918,11.0359,0
-0.075254,-0.044518,0,7.08918,11.0359,0
-0.074889,-0.043404,0,7.06701,11.0664,0
-0.074888,-0.04339,0,7.06701,11.0664,0
-0.076412,-0.044604,0,7.02198,11.1078,0
-0.075027,-0.043647,0,7.02024,11.123,0
-0.075005,-0.043643,0,7.02024,11.123,0
-0.074431,-0.044015,0,7.05008,11.1726,0
-0.074414,-0.044028,0,7.05026,11.1727,0
-0.074276,-0.044174,0,7.10209,11.1708,0
-0.074261,-0.044189,0,7.10436,11.1701,0
-0.074299,-0.044219,0,7.14154,11.1881,0
-0.074428,-0.044255,0,7.19337,11.1802,0
-0.074444,-0.044256,0,7.19547,11.1795,0
-0.074447,-0.044257,0,7.19495,11.1792,0
-0.074447,-0.044256,0,7.19512,11.1792,0
-0.074446,-0.044256,0,7.19529,11.1794,0
-0.074446,-0.044256,0,7.19529,11.1794,0
-0.074373,-0.044334,0,7.23666,11.2226,0
-0.074366,-0.044342,0,7.23963,11.2265,0
-0.074354,-0.044353,0,7.2974,11.2848,0
-0.074354,-0.044353,0,7.30036,11.287,0
-0.074354,-0.044354,0,7.34906,11.3523,0
-0.074354,-0.044354,0,7.35045,11.3549,0
-0.074354,-0.044354,0,7.35168,11.3574,0
-0.074354,-0.044354,0,7.35115,11.3565,0
-0.074354,-0.044354,0,7.35133,11.3563,0
-0.074354,-0.044354,0,7.35133,11.3563,0
-0.074354,-0.044354,0,7.35133,11.3565,0
-0.074354,-0.044354,0,7.35133,11.3565,0
-0.074275,-0.044295,0,7.36075,11.3593,0
-0.074261,-0.044287,0,7.35744,11.3584,0
-0.074266,-0.042967,0,7.32043,11.4005,0
-0.074268,-0.042954,0,7.32043,11.4005,0
-0.074317,-0.040933,0,7.27331,11.4408,0
-0.074188,-0.041303,0,7.32742,11.4464,0
-0.074186,-0.041318,0,7.32759,11.4464,0
-0.073958,-0.04222,0,7.41154,11.4148,0
-0.073957,-0.042235,0,7.41172,11.4148,0
-0.07391,-0.041527,0,7.45866,11.3996,0
-0.073344,-0.041788,0,7.47472,11.4195,0
-0.073334,-0.041789,0,7.47472,11.4195,0
-0.073333,-0.041789,0,7.47472,11.4195,0
-0.073333,-0.041789,0,7.47472,11.4195,0
-0.073334,-0.041789,0,7.47472,11.4195,0
-0.073334,-0.041789,0,7.47472,11.4195,0
-0.07308,-0.042767,0,7.49951,11.4162,0
-0.073079,-0.042783,0,7.49951,11.4162,0
-0.073353,-0.041958,0,7.43929,11.4759,0
-0.073354,-0.041946,0,7.43929,11.4759,0
-0.073309,-0.042508,0,7.40194,11.5129,0
-0.073332,-0.042523,0,7.40194,11.5129,0
-0.072984,-0.042887,0,7.34522,11.5591,0
-0.072965,-0.042905,0,7.34435,11.5597,0
-0.072053,-0.041176,0,7.29181,11.6487,0
-0.072052,-0.041164,0,7.29181,11.6487,0
-0.074032,-0.040944,0,7.39932,11.6433,0
-0.07276,-0.041461,0,7.48537,11.6792,0
-0.072745,-0.041462,0,7.48537,11.6792,0
-0.07251,-0.042281,0,7.56321,11.6918,0
-0.07251,-0.042292,0,7.56338,11.6918,0
-0.072508,-0.042293,0,7.56356,11.6916,0
-0.072509,-0.042293,0,7.56356,11.6916,0
-0.072509,-0.042292,0,7.56356,11.6916,0
-0.072509,-0.042292,0,7.56356,11.6916,0
-0.072509,-0.042292,0,7.56338,11.6916,0
-0.072509,-0.042292,0,7.56338,11.6916,0
-0.072509,-0.042292,0,7.56338,11.6916,0
-0.072509,-0.042292,0,7.56338,11.6916,0
-0.072459,-0.042346,0,7.56932,11.6937,0
-0.072459,-0.042346,0,7.56792,11.6934,0
-0.072462,-0.042343,0,7.56792,11.6928,0
-0.072461,-0.042344,0,7.56792,11.6932,0
-0.072461,-0.042344,0,7.56792,11.6934,0
-0.072461,-0.042344,0,7.56792,11.6934,0
-0.072461,-0.042344,0,7.56792,11.6934,0
-0.072461,-0.042344,0,7.56792,11.6934,0
-0.072461,-0.042344,0,7.56792,11.6934,0
-0.072461,-0.042344,0,7.56792,11.6934,0
-0.072461,-0.042344,0,7.56792,11.6934,0
-0.072461,-0.042344,0,7.56792,11.6934,0
-0.072461,-0.042344,0,7.56792,11.6934,0
-0.072461,-0.042344,0,7.56792,11.6934,0
-0.072461,-0.042344,0,7.56792,11.6934,0
-0.072461,-0.042344,0,7.56792,11.6934,0
-0.072461,-0.042344,0,7.56792,11.6934,0
-0.072461,-0.042344,0,7.56792,11.6934,0
-0.072461,-0.042344,0,7.56792,11.6934,0
-0.072461,-0.042344,0,7.56792,11.6934,0
-0.072461,-0.042344,0,7.56792,11.6934,0
-0.072461,-0.042344,0,7.56792,11.6934,0
-0.072406,-0.0424,0,7.6421,11.7913,0
-0.072405,-0.042401,0,7.64384,11.7942,0
-0.072404,-0.042402,0,7.67037,11.8415,0
-0.072404,-0.042402,0,7.67107,11.8462,0
-0.072404,-0.042402,0,7.6798,11.8635,0
-0.072404,-0.042402,0,7.68032,11.8646,0
-0.072404,-0.042402,0,7.68032,11.8649,0
-0.072404,-0.042402,0,7.68032,11.8647,0
-0.072404,-0.042402,0,7.68015,11.8646,0
-0.072404,-0.042402,0,7.68015,11.8646,0
-0.072404,-0.042402,0,7.68015,11.8646,0
-0.072404,-0.042402,0,7.68015,11.8646,0
-0.072404,-0.042402,0,7.68015,11.8646,0
-0.072404,-0.042402,0,7.68015,11.8646,0
-0.072404,-0.042402,0,7.68015,11.8646,0
-0.072404,-0.042402,0,7.68015,11.8646,0
-0.072403,-0.041849,0,7.66409,11.8953,0
-0.072403,-0.041834,0,7.66409,11.8955,0
-0.071982,-0.041342,0,7.6592,11.9422,0
-0.071969,-0.041327,0,7.6592,11.9422,0
-0.072253,-0.038938,0,7.61452,11.9782,0
-0.072253,-0.038923,0,7.61452,11.9782,0
-0.071987,-0.039581,0,7.75328,11.9543,0
-0.071869,-0.039827,0,7.8292,11.959,0
-0.070751,-0.040694,0,7.86969,11.9857,0
-0.070739,-0.040698,0,7.86969,11.9857,0
-0.071644,-0.040066,0,7.83199,12.0292,0
-0.071662,-0.040062,0,7.83199,12.0293,0
-0.072308,-0.039559,0,7.78679,12.0637,0
-0.072319,-0.039554,0,7.78679,12.0637,0
-0.072317,-0.039555,0,7.78661,12.0639,0
-0.072316,-0.039555,0,7.78661,12.0639,0
-0.072317,-0.039555,0,7.78661,12.0639,0
-0.072317,-0.039555,0,7.78661,12.0639,0
-0.071028,-0.040352,0,7.80668,12.0676,0
-0.071013,-0.040354,0,7.80668,12.0676,0
-0.070444,-0.040819,0,7.83635,12.0786,0
-0.070431,-0.040824,0,7.83653,12.0786,0
-0.07043,-0.040825,0,7.83653,12.0786,0
-0.070431,-0.040824,0,7.83653,12.0787,0
-0.07043,-0.040824,0,7.83653,12.0787,0
-0.07043,-0.040824,0,7.83653,12.0787,0
-0.07043,-0.040824,0,7.83653,12.0787,0
-0.07043,-0.040824,0,7.83653,12.0787,0
-0.07043,-0.040824,0,7.83653,12.0787,0
-0.07043,-0.040824,0,7.83653,12.0787,0
-0.07043,-0.040824,0,7.83653,12.0787,0
-0.07043,-0.040824,0,7.83653,12.0787,0
-0.07043,-0.040824,0,7.83653,12.0787,0
-0.070608,-0.040641,0,7.90268,12.1817,0
-0.070614,-0.040636,0,7.9039,12.184,0
-0.070625,-0.040625,0,7.93514,12.248,0
-0.070625,-0.040624,0,7.9299,12.2665,0
-0.070625,-0.040624,0,7.92938,12.2695,0
-0.070625,-0.040624,0,7.92938,12.2695,0
-0.070625,-0.040624,0,7.92938,12.2695,0
-0.070625,-0.040624,0,7.92955,12.2695,0
-0.070625,-0.040624,0,7.92955,12.2693,0
-0.070625,-0.040624,0,7.92955,12.2693,0
-0.070625,-0.040624,0,7.92955,12.2691,0
-0.070625,-0.040624,0,7.92955,12.2691,0
-0.070625,-0.040624,0,7.92955,12.2691,0
-0.070625,-0.040624,0,7.92955,12.2691,0
-0.070625,-0.040624,0,7.92955,12.2691,0
-0.070625,-0.040624,0,7.92955,12.2691,0
-0.070625,-0.040624,0,7.92955,12.2691,0
-0.070625,-0.040624,0,7.92955,12.2691,0
-0.070341,-0.039569,0,7.94875,12.4014,0
-0.07034,-0.039555,0,7.94875,12.4014,0
-0.071522,-0.035098,0,7.90268,12.4468,0
-0.071522,-0.035086,0,7.90268,12.4468,0
-0.071204,-0.033696,0,7.98715,12.4519,0
-0.071204,-0.033681,0,7.98715,12.4519,0
-0.070007,-0.034634,0,7.98488,12.4653,0
-0.069993,-0.034639,0,7.98488,12.4653,0
-0.06956,-0.035438,0,8.01647,12.4648,0
-0.069558,-0.035449,0,8.01647,12.4646,0
-0.069213,-0.03636,0,8.03602,12.4651,0
-0.069212,-0.036371,0,8.03619,12.4651,0
-0.069212,-0.036371,0,8.03619,12.4651,0
-0.069212,-0.036371,0,8.03619,12.4651,0
-0.068578,-0.03705,0,8.00513,12.5124,0
-0.068972,-0.037422,0,8.04771,12.5234,0
-0.068985,-0.037429,0,8.04771,12.5234,0
-0.068982,-0.037427,0,8.04789,12.5236,0
-0.068983,-0.037427,0,8.04789,12.5236,0
-0.068984,-0.037428,0,8.04771,12.5236,0
-0.068983,-0.037428,0,8.04771,12.5236,0
-0.068983,-0.037427,0,8.04771,12.5236,0
-0.068983,-0.037427,0,8.04771,12.5236,0
-0.068983,-0.037427,0,8.04771,12.5236,0
-0.068983,-0.037427,0,8.04771,12.5236,0
-0.068983,-0.037427,0,8.04771,12.5236,0
-0.068983,-0.037427,0,8.04771,12.5236,0
-0.068983,-0.037427,0,8.04771,12.5236,0
-0.068983,-0.037427,0,8.04771,12.5236,0
-0.068509,-0.037518,0,8.06674,0.0232129,0
-0.068509,-0.037518,0,8.06674,0.020944,0
-0.068066,-0.037993,0,8.33063,0.0500909,0
-0.068049,-0.038,0,8.33081,0.0500909,0
-0.068026,-0.038025,0,8.29171,0.120777,0
-0.068025,-0.038025,0,8.28996,0.123395,0
-0.068025,-0.037845,0,8.21055,0.205251,0
-0.068025,-0.037827,0,8.20916,0.206123,0
-0.067933,-0.037561,0,8.10601,0.243997,0
-0.067931,-0.037544,0,8.10409,0.244521,0
-0.067739,-0.037676,0,7.97563,0.292866,0
-0.067738,-0.037696,0,7.97563,0.292866,0
-0.067718,-0.037342,0,7.92467,0.311367,0
-0.067718,-0.03733,0,7.92432,0.311541,0
-0.067718,-0.037334,0,7.92432,0.311716,0
-0.067528,-0.036225,0,7.89884,0.330042,0
-0.067499,-0.034887,0,8.01019,0.387289,0
-0.067499,-0.034871,0,8.01019,0.387463,0
-0.066653,-0.034545,0,8.117,0.432318,0
-0.066639,-0.034544,0,8.11735,0.432318,0
-0.066521,-0.03488,0,8.17268,0.455531,0
-0.066519,-0.034893,0,8.17285,0.455705,0
-0.06642,-0.035203,0,8.21282,0.476126,0
-0.066427,-0.035215,0,8.21317,0.4763,0
-0.066875,-0.034567,0,8.16622,0.481711,0
-0.066883,-0.034551,0,8.16605,0.481711,0
-0.06722,-0.033525,0,8.10618,0.469843,0
-0.067221,-0.033512,0,8.10618,0.469843,0
-0.06654,-0.034502,0,8.15261,0.490787,0
-0.066534,-0.034516,0,8.15261,0.490787,0
-0.065583,-0.035194,0,8.1561,0.499513,0
-0.06557,-0.035199,0,8.1561,0.499513,0
-0.065349,-0.035299,0,8.17669,0.529882,0
-0.065345,-0.035301,0,8.17687,0.530231,0
-0.065346,-0.035301,0,8.17687,0.530231,0
-0.065347,-0.0353,0,8.17687,0.530406,0
-0.065347,-0.0353,0,8.17687,0.530406,0
-0.065347,-0.0353,0,8.17687,0.530406,0
-0.065347,-0.0353,0,8.17687,0.530406,0
-0.065347,-0.0353,0,8.17687,0.530406,0
-0.065347,-0.0353,0,8.17687,0.530406,0
-0.065327,-0.035322,0,8.19397,0.561298,0
-0.065326,-0.035323,0,8.19467,0.563741,0
-0.065324,-0.035325,0,8.20793,0.594983,0
-0.065324,-0.035325,0,8.20846,0.597077,0
-0.065324,-0.035325,0,8.20532,0.604233,0
-0.065324,-0.035325,0,8.20601,0.601266,0
-0.065324,-0.035325,0,8.20636,0.601964,0
-0.065324,-0.035325,0,8.20601,0.602139,0
-0.065324,-0.035325,0,8.20601,0.602139,0
-0.065324,-0.035325,0,8.20601,0.602139,0
-0.065324,-0.035325,0,8.20601,0.602139,0
-0.065324,-0.035325,0,8.20601,0.602139,0
-0.065324,-0.035325,0,8.20601,0.602139,0
-0.065324,-0.035325,0,8.20601,0.602139,0
-0.065324,-0.035325,0,8.20601,0.602139,0
-0.065324,-0.035325,0,8.20601,0.602139,0
-0.065324,-0.035325,0,8.20601,0.602139,0
-0.065324,-0.035325,0,8.20601,0.602139,0
-0.065324,-0.035325,0,8.20601,0.602139,0
-0.065324,-0.035325,0,8.20601,0.602139,0
-0.065325,-0.035325,0,8.21631,0.662876,0
-0.065325,-0.035325,0,8.20881,0.716632,0
-0.065325,-0.035325,0,8.20846,0.718552,0
-0.065325,-0.035173,0,8.13254,0.716283,0
-0.065325,-0.035153,0,8.13062,0.716109,0
-0.065255,-0.035187,0,8.07232,0.710873,0
-0.06525,-0.035189,0,8.07005,0.710698,0
-0.065223,-0.035185,0,8.01769,0.706858,0
-0.065223,-0.03518,0,8.0156,0.706858,0
-0.065222,-0.03518,0,8.01595,0.706858,0
-0.065222,-0.03518,0,8.01595,0.706858,0
-0.065223,-0.03518,0,8.0156,0.706858,0
-0.065223,-0.03518,0,8.0156,0.706858,0
-0.065223,-0.03518,0,8.01577,0.706858,0
-0.065223,-0.03518,0,8.01577,0.706858,0
-0.065205,-0.035157,0,8.03864,0.742463,0
-0.065204,-0.035157,0,8.03986,0.745779,0
-0.065184,-0.03519,0,8.06447,0.783129,0
-0.065183,-0.035192,0,8.06569,0.785922,0
-0.065182,-0.035193,0,8.06534,0.785747,0
-0.065182,-0.035193,0,8.06534,0.785747,0
-0.065182,-0.035192,0,8.06552,0.785747,0
-0.065182,-0.035192,0,8.06552,0.785747,0
-0.065183,-0.035192,0,8.06552,0.785747,0
-0.065183,-0.035192,0,8.06552,0.785747,0
-0.065183,-0.035192,0,8.06552,0.785747,0
-0.065183,-0.035192,0,8.06552,0.785747,0
-0.065183,-0.035192,0,8.06552,0.785747,0
-0.065183,-0.035192,0,8.06552,0.785747,0
-0.065183,-0.035192,0,8.06552,0.785747,0
-0.065183,-0.035192,0,8.06552,0.785747,0
-0.065183,-0.035192,0,8.06552,0.785747,0
-0.065183,-0.035192,0,8.06552,0.785747,0
-0.065183,-0.035192,0,8.06569,0.785747,0
-0.065183,-0.035192,0,8.06569,0.785747,0
-0.065183,-0.035192,0,8.06569,0.785747,0
-0.065183,-0.035192,0,8.06569,0.785747,0
-0.065187,-0.035189,0,8.0896,0.851546,0
-0.065187,-0.035189,0,8.09012,0.853466,0
-0.065188,-0.035099,0,8.09187,0.86132,0
-0.065188,-0.035086,0,8.0917,0.858877,0
-0.065138,-0.034555,0,8.04702,0.855211,0
-0.065138,-0.034542,0,8.04684,0.855211,0
-0.064779,-0.034097,0,7.96673,0.81472,0
-0.064405,-0.034474,0,7.91228,0.788191,0
-0.064392,-0.034487,0,7.91175,0.788191,0
-0.064397,-0.034483,0,7.90529,0.788016,0
-0.064395,-0.034484,0,7.90721,0.788016,0
-0.06444,-0.033553,0,8.01089,0.894307,0
-0.06444,-0.03354,0,8.01106,0.894307,0
-0.064994,-0.032862,0,8.06342,0.94719,0
-0.064997,-0.03286,0,8.0636,0.947365,0
-0.064996,-0.032861,0,8.0636,0.947365,0
-0.064995,-0.032861,0,8.0636,0.947365,0
-0.064996,-0.032861,0,8.0636,0.947365,0
-0.064996,-0.032861,0,8.0636,0.947365,0
-0.064996,-0.032861,0,8.0636,0.947539,0
-0.064996,-0.032861,0,8.0636,0.947539,0
-0.064996,-0.032861,0,8.0636,0.947539,0
-0.064996,-0.032861,0,8.0636,0.947539,0
-0.064996,-0.032861,0,8.0636,0.947539,0
-0.064996,-0.032861,0,8.0636,0.947539,0
-0.064996,-0.032861,0,8.0636,0.947539,0
-0.064996,-0.032861,0,8.0636,0.947539,0
-0.064996,-0.032861,0,8.0636,0.947539,0
-0.064288,-0.032353,0,8.13533,1.01159,0
-0.064283,-0.032351,0,8.1355,1.01177,0
-0.064284,-0.032351,0,8.1355,1.01177,0
-0.064284,-0.032352,0,8.1355,1.01194,0
-0.064284,-0.032352,0,8.1355,1.01194,0
-0.064283,-0.032352,0,8.1355,1.01194,0
-0.064283,-0.032352,0,8.1355,1.01194,0
-0.064283,-0.032352,0,8.13568,1.01194,0
-0.064283,-0.032352,0,8.13568,1.01194,0
-0.064283,-0.032352,0,8.13568,1.01194,0
-0.064283,-0.032352,0,8.13568,1.01194,0
-0.064283,-0.032352,0,8.13568,1.01194,0
-0.064283,-0.032352,0,8.13568,1.01194,0
-0.064283,-0.032352,0,8.13568,1.01194,0
-0.064283,-0.032352,0,8.13568,1.01194,0
-0.064283,-0.032352,0,8.13568,1.01194,0
-0.064283,-0.032352,0,8.13568,1.01194,0
-0.064283,-0.032352,0,8.13568,1.01194,0
-0.064283,-0.032352,0,8.13568,1.01194,0
-0.063657,-0.032488,0,8.18385,1.05558,0
-0.063643,-0.032488,0,8.18385,1.05558,0
-0.063646,-0.032489,0,8.18402,1.05575,0
-0.063645,-0.032489,0,8.18402,1.05575,0
-0.063645,-0.032489,0,8.18385,1.05575,0
-0.063645,-0.032489,0,8.18385,1.05575,0
-0.063645,-0.032489,0,8.18385,1.05592,0
-0.063645,-0.032489,0,8.18385,1.05592,0
-0.063645,-0.032489,0,8.18367,1.05592,0
-0.063645,-0.032489,0,8.18367,1.05592,0
-0.063645,-0.032489,0,8.18367,1.05592,0
-0.063645,-0.032489,0,8.18367,1.05592,0
-0.063645,-0.032489,0,8.18367,1.05592,0
-0.063645,-0.032489,0,8.18367,1.05592,0
-0.063645,-0.032489,0,8.18367,1.05592,0
-0.063645,-0.032489,0,8.18367,1.05592,0
-0.063645,-0.032489,0,8.18367,1.05592,0
-0.063645,-0.032489,0,8.18367,1.05592,0
-0.063645,-0.032489,0,8.18367,1.05592,0
-0.063645,-0.032489,0,8.18367,1.05592,0
-0.06336,-0.033183,0,8.26221,1.12626,0
-0.063355,-0.033194,0,8.26239,1.12644,0
-0.063355,-0.033192,0,8.26256,1.12661,0
-0.063355,-0.033192,0,8.26256,1.12661,0
-0.063356,-0.033193,0,8.26239,1.12678,0
-0.063356,-0.033193,0,8.26239,1.12678,0
-0.063356,-0.033193,0,8.26239,1.12678,0
-0.063356,-0.033193,0,8.26239,1.12678,0
-0.063356,-0.033193,0,8.26239,1.12678,0
-0.063356,-0.033193,0,8.26239,1.12678,0
-0.063356,-0.033193,0,8.26239,1.12661,0
-0.063356,-0.033193,0,8.26239,1.12661,0
-0.063356,-0.033193,0,8.26239,1.12661,0
-0.063356,-0.033193,0,8.26239,1.12661,0
-0.063356,-0.033193,0,8.26239,1.12644,0
-0.063356,-0.033193,0,8.26239,1.12644,0
-0.063356,-0.033193,0,8.26239,1.12644,0
-0.063356,-0.033193,0,8.26239,1.12626,0
-0.063356,-0.033193,0,8.26239,1.12626,0
-0.063356,-0.033193,0,8.26239,1.12626,0
-0.063356,-0.033193,0,8.26239,1.12626,0
-0.063291,-0.033094,0,8.29241,1.16571,0
-0.063288,-0.033072,0,8.29363,1.16937,0
-0.063196,-0.032873,0,8.31772,1.20759,0
-0.063192,-0.032861,0,8.31772,1.20829,0
-0.063193,-0.032864,0,8.31789,1.20899,0
-0.063193,-0.032863,0,8.31789,1.20864,0
-0.063193,-0.032862,0,8.31772,1.20829,0
-0.063193,-0.032863,0,8.31772,1.20829,0
-0.063193,-0.032863,0,8.31772,1.20829,0
-0.063193,-0.032863,0,8.31772,1.20829,0
-0.063193,-0.032863,0,8.31772,1.20829,0
-0.063193,-0.032863,0,8.31772,1.20829,0
-0.063193,-0.032863,0,8.31772,1.20829,0
-0.063193,-0.032863,0,8.31772,1.20829,0
-0.063193,-0.032863,0,8.31772,1.20829,0
-0.063193,-0.032863,0,8.31772,1.20829,0
-0.063193,-0.032863,0,8.31772,1.20829,0
-0.063193,-0.032863,0,8.31772,1.20829,0
-0.063193,-0.032863,0,8.31772,1.20829,0
-0.063193,-0.032863,0,8.31772,1.20829,0
-0.063193,-0.032863,0,8.31772,1.20829,0
-0.063119,-0.032133,0,8.34739,1.25,0
-0.063346,-0.032448,0,8.31021,1.224,0
-0.063352,-0.03246,0,8.31021,1.224,0
-0.063355,-0.032463,0,8.30969,1.22365,0
-0.063353,-0.032461,0,8.31004,1.22365,0
-0.063353,-0.032462,0,8.31004,1.22365,0
-0.063354,-0.032462,0,8.30986,1.22365,0
-0.063354,-0.032462,0,8.30986,1.22365,0
-0.063758,-0.032129,0,8.2767,1.20288,0
-0.063763,-0.032126,0,8.27635,1.20271,0
-0.063762,-0.032126,0,8.27635,1.20271,0
-0.063761,-0.032127,0,8.27635,1.20271,0
-0.063374,-0.031516,0,8.3315,1.25384,0
-0.06337,-0.031504,0,8.3315,1.25402,0
-0.063424,-0.031626,0,8.36362,1.28491,0
-0.063407,-0.031641,0,8.36379,1.28509,0
-0.063411,-0.031638,0,8.36379,1.28526,0
-0.06341,-0.031638,0,8.36379,1.28526,0
-0.063409,-0.031639,0,8.36379,1.28526,0
-0.06341,-0.031639,0,8.36379,1.28526,0
-0.06341,-0.031639,0,8.36379,1.28526,0
-0.063409,-0.031639,0,8.36379,1.28526,0
-0.063409,-0.031639,0,8.36379,1.28526,0
-0.063409,-0.031639,0,8.36379,1.28526,0
-0.063409,-0.031639,0,8.36379,1.28526,0
-0.063409,-0.031639,0,8.36379,1.28526,0
-0.063409,-0.031639,0,8.36379,1.28526,0
-0.063409,-0.031639,0,8.36379,1.28526,0
-0.063409,-0.031639,0,8.36379,1.28526,0
-0.063446,-0.031402,0,8.43291,1.34896,0
-0.063446,-0.031386,0,8.4343,1.35071,0
-0.063448,-0.031384,0,8.44076,1.35804,0
-0.063447,-0.031385,0,8.43867,1.35542,0
-0.063527,-0.031338,0,8.44216,1.35961,0
-0.063539,-0.031335,0,8.44128,1.35804,0
-0.063728,-0.03017,0,8.40411,1.32401,0
-0.063729,-0.030166,0,8.40393,1.32401,0
-0.063729,-0.030167,0,8.40393,1.32401,0
-0.063729,-0.030167,0,8.40393,1.32401,0
-0.063729,-0.030167,0,8.40393,1.32383,0
-0.063729,-0.030167,0,8.40393,1.32383,0
-0.063729,-0.030167,0,8.40393,1.32383,0
-0.063729,-0.030167,0,8.40393,1.32383,0
-0.063671,-0.030427,0,8.45193,1.35315,0
-0.063671,-0.030439,0,8.45246,1.35333,0
-0.063745,-0.031023,0,8.50359,1.38946,0
-0.063746,-0.031035,0,8.50359,1.38963,0
-0.063746,-0.031034,0,8.50377,1.38981,0
-0.063746,-0.031034,0,8.50377,1.38981,0
-0.063746,-0.031034,0,8.50359,1.38981,0
-0.063746,-0.031034,0,8.50359,1.38981,0
-0.063746,-0.031034,0,8.50359,1.38981,0
-0.063746,-0.031034,0,8.50359,1.38981,0
-0.063746,-0.031034,0,8.50359,1.38981,0
-0.063746,-0.031034,0,8.50359,1.38981,0
-0.063746,-0.031034,0,8.50359,1.38998,0
-0.063746,-0.031034,0,8.50359,1.38998,0
-0.063746,-0.031034,0,8.50359,1.38998,0
-0.063746,-0.031034,0,8.50359,1.38998,0
-0.063746,-0.031034,0,8.50359,1.38998,0
-0.063746,-0.031034,0,8.50359,1.38998,0
-0.0634,-0.030516,0,8.55857,1.43763,0
-0.063394,-0.030506,0,8.55892,1.4378,0
-0.063394,-0.030504,0,8.55909,1.43798,0
-0.063394,-0.030505,0,8.55909,1.43798,0
-0.063395,-0.030505,0,8.55892,1.43798,0
-0.063395,-0.030505,0,8.55892,1.43798,0
-0.063395,-0.030505,0,8.55892,1.43798,0
-0.063395,-0.030505,0,8.55909,1.43798,0
-0.063395,-0.030505,0,8.55909,1.43798,0
-0.063395,-0.030505,0,8.55909,1.43798,0
-0.063395,-0.030505,0,8.55909,1.43798,0
-0.063395,-0.030505,0,8.55909,1.43798,0
-0.063395,-0.030505,0,8.55909,1.43798,0
-0.063395,-0.030506,0,8.55909,1.43798,0
-0.063395,-0.030506,0,8.55909,1.43798,0
-0.063395,-0.030506,0,8.55909,1.43798,0
-0.063395,-0.030506,0,8.55909,1.43798,0
-0.063395,-0.030506,0,8.55909,1.43798,0
-0.063395,-0.030506,0,8.55909,1.43798,0
-0.063335,-0.030175,0,8.63537,1.49837,0
-0.063335,-0.030165,0,8.63606,1.49871,0
-0.063334,-0.030165,0,8.63606,1.49959,0
-0.063334,-0.030165,0,8.63606,1.49959,0
-0.063334,-0.030165,0,8.63606,1.49889,0
-0.063334,-0.030165,0,8.63606,1.49889,0
-0.063334,-0.030165,0,8.63606,1.49889,0
-0.063334,-0.030165,0,8.63606,1.49889,0
-0.063334,-0.030165,0,8.63606,1.49889,0
-0.063334,-0.030165,0,8.63606,1.49889,0
-0.063334,-0.030165,0,8.63606,1.49889,0
-0.063334,-0.030165,0,8.63606,1.49889,0
-0.063334,-0.030165,0,8.63606,1.49889,0
-0.063334,-0.030165,0,8.63606,1.49889,0
-0.063334,-0.030165,0,8.63606,1.49889,0
-0.063334,-0.030165,0,8.63606,1.49889,0
-0.063334,-0.030165,0,8.63606,1.49889,0
-0.063334,-0.030165,0,8.63606,1.49889,0
-0.063334,-0.030165,0,8.63606,1.49889,0
-0.063334,-0.030165,0,8.63606,1.49889,0
-0.063334,-0.030165,0,8.63606,1.49889,0
-0.063598,-0.030087,0,8.71565,1.55422,0
-0.063613,-0.030086,0,8.7167,1.55509,0
-0.064322,-0.030007,0,8.83538,1.56504,0
-0.064348,-0.030004,0,8.81653,1.52542,0
-0.064113,-0.030002,0,8.81217,1.49418,0
-0.064011,-0.030001,0,8.79873,1.45997,0
-0.06399,-0.03,0,8.79855,1.45805,0
-0.063989,-0.03,0,8.80047,1.45281,0
-0.063989,-0.03,0,8.8003,1.45473,0
-0.06399,-0.03,0,8.79995,1.45438,0
-0.06399,-0.03,0,8.79995,1.45438,0
-0.06399,-0.03,0,8.80012,1.45438,0
-0.06399,-0.03,0,8.80012,1.45438,0
-0.063875,-0.03,0,8.87465,1.48597,0
-0.063866,-0.03,0,8.87692,1.4872,0
-0.063837,-0.03,0,8.88303,1.48772,0
-0.063845,-0.03,0,8.88146,1.48754,0
-0.063779,-0.030104,0,8.94499,1.50639,0
-0.063776,-0.030104,0,8.94691,1.50692,0
-0.063559,-0.030149,0,9.0059,1.5214,0
-0.063545,-0.030167,0,9.00695,1.52158,0
-0.06352,-0.030128,0,9.01375,1.5235,0
-0.063527,-0.030136,0,9.01131,1.52297,0
-0.063526,-0.030136,0,9.01201,1.52245,0
-0.063526,-0.030136,0,9.01201,1.52245,0
-0.063526,-0.030136,0,9.01148,1.52297,0
-0.063526,-0.030136,0,9.01148,1.52297,0
-0.063527,-0.030136,0,9.01183,1.52297,0
-0.063527,-0.030136,0,9.01183,1.52297,0
-0.063643,-0.030072,0,9.08426,1.54374,0
-0.063631,-0.030208,0,9.15565,1.55736,0
-0.06363,-0.030217,0,9.15757,1.55771,0
-0.063466,-0.030668,0,9.22162,1.56504,0
-0.063464,-0.03068,0,9.2218,1.56486,0
-0.063702,-0.030886,0,9.12493,1.51913,0
-0.063716,-0.030893,0,9.12353,1.51861,0
-0.063412,-0.030487,0,9.08584,1.4961,0
-0.063404,-0.030475,0,9.08566,1.49592,0
-0.063407,-0.030478,0,9.08549,1.49592,0
-0.063406,-0.030478,0,9.08549,1.49592,0
-0.063406,-0.030477,0,9.08549,1.49592,0
-0.063406,-0.030477,0,9.08549,1.49592,0
-0.063447,-0.031233,0,9.1464,1.51006,0
-0.063376,-0.031316,0,9.18043,1.52367,0
-0.063366,-0.031325,0,9.18218,1.52472,0
-0.063369,-0.031322,0,9.18165,1.52489,0
-0.063368,-0.031323,0,9.18183,1.52489,0
-0.063368,-0.031324,0,9.182,1.52489,0
-0.063368,-0.031324,0,9.182,1.52489,0
-0.063323,-0.031412,0,9.21412,1.53764,0
-0.063317,-0.031432,0,9.21639,1.53868,0
-0.063317,-0.031529,0,9.22319,1.54252,0
-0.063317,-0.031543,0,9.22145,1.5413,0
-0.063317,-0.03154,0,9.22162,1.5413,0
-0.063317,-0.03154,0,9.22162,1.5413,0
-0.063215,-0.031637,0,9.29911,1.56957,0
-0.063217,-0.031998,0,9.35462,1.58738,0
-0.063218,-0.032011,0,9.35479,1.58755,0
-0.063284,-0.032093,0,9.34606,1.58668,0
-0.063292,-0.032097,0,9.34921,1.58668,0
-0.063578,-0.030713,0,9.35147,1.59366,0
-0.063578,-0.030701,0,9.35147,1.59366,0
-0.063957,-0.030469,0,9.31186,1.57429,0
-0.063971,-0.030465,0,9.31168,1.57429,0
-0.064104,-0.030274,0,9.32111,1.56067,0
-0.06406,-0.031334,0,9.4054,1.5612,0
-0.06406,-0.031346,0,9.40558,1.5612,0
-0.0647,-0.032739,0,9.26299,1.5413,0
-0.064702,-0.032751,0,9.26299,1.5413,0
-0.064019,-0.03256,0,9.3246,1.5619,0
-0.063497,-0.03237,0,9.37102,1.5776,0
-0.063484,-0.032368,0,9.37102,1.57778,0
-0.063426,-0.032886,0,9.46911,1.60204,0
-0.063426,-0.032899,0,9.46946,1.60204,0
-0.063428,-0.032904,0,9.47592,1.60343,0
-0.063427,-0.032903,0,9.47382,1.60308,0
-0.063175,-0.032384,0,9.6028,1.62979,0
-0.063172,-0.032371,0,9.60367,1.62979,0
-0.062814,-0.032279,0,9.77053,1.63101,0
-0.0628,-0.032285,0,9.77262,1.63101,0
-0.062124,-0.031463,0,9.95239,1.66155,0
-0.062102,-0.031462,0,9.95257,1.66155,0
-0.064477,-0.030093,0,9.9009,1.64707,0
-0.06449,-0.030093,0,9.9009,1.64707,0
-0.063156,-0.030046,0,9.88799,1.62577,0
-0.063144,-0.030046,0,9.88799,1.62577,0
-0.06379,-0.030023,0,9.78414,1.64759,0
-0.063805,-0.030023,0,9.78379,1.64777,0
-0.063212,-0.030397,0,9.71607,1.63555,0
-0.06319,-0.030397,0,9.71607,1.63555,0
-0.063356,-0.032823,0,9.72515,1.62665,0
-0.063356,-0.032836,0,9.72515,1.62665,0
-0.063143,-0.033062,0,9.82167,1.62246,0
-0.063128,-0.033074,0,9.82411,1.62228,0
-0.063125,-0.033077,0,9.83039,1.62351,0
-0.063126,-0.033075,0,9.8276,1.62298,0
-0.063104,-0.033099,0,9.89602,1.65876,0
-0.063103,-0.033099,0,9.89846,1.65946,0
-0.063101,-0.033101,0,9.96792,1.69227,0
-0.063101,-0.033101,0,10.0606,1.74114,0
-0.063101,-0.033101,0,10.0641,1.74236,0
-0.063101,-0.033101,0,10.0658,1.74306,0
-0.063101,-0.033101,0,10.0725,1.74393,0
-0.063101,-0.033101,0,10.0697,1.74341,0
-0.063101,-0.033087,0,10.1365,1.73695,0
-0.063101,-0.033087,0,10.1384,1.73678,0
-0.063099,-0.032984,0,10.1449,1.73521,0
-0.063099,-0.032978,0,10.1435,1.73573,0
-0.063087,-0.032917,0,10.1533,1.73364,0
-0.063089,-0.032908,0,10.1503,1.73433,0
-0.063007,-0.032971,0,10.2521,1.7757,0
-0.06842,-0.03014,0,10.1997,1.87099,0
-0.068438,-0.03014,0,10.1997,1.87099,0
-0.064264,-0.030191,0,10.2554,1.83434,0
-0.064251,-0.030191,0,10.2554,1.83434,0
-0.063255,-0.030289,0,10.2472,1.82858,0
-0.06324,-0.03029,0,10.2472,1.82858,0
-0.063152,-0.030367,0,10.254,1.81951,0
-0.06314,-0.030379,0,10.2522,1.8223,0
-0.063254,-0.030598,0,10.2774,1.79263,0
-0.063257,-0.030608,0,10.2775,1.7921,0
-0.063257,-0.030606,0,10.2777,1.79193,0
-0.063257,-0.030606,0,10.2777,1.79193,0
-0.062632,-0.032125,0,10.2892,1.79455,0
-0.062631,-0.032137,0,10.2892,1.79455,0
-0.06263,-0.032136,0,10.2892,1.79455,0
-0.06263,-0.032136,0,10.2892,1.79455,0
-0.06263,-0.032136,0,10.2892,1.79455,0
-0.06263,-0.032136,0,10.2892,1.79455,0
-0.06263,-0.032136,0,10.2892,1.79455,0
-0.06263,-0.032136,0,10.2892,1.79455,0
-0.06263,-0.032136,0,10.2892,1.79472,0
-0.06263,-0.032136,0,10.2892,1.79472,0
-0.06263,-0.032136,0,10.2892,1.79472,0
-0.06263,-0.032136,0,10.2892,1.79472,0
-0.06263,-0.032136,0,10.2892,1.79472,0
-0.06263,-0.032136,0,10.2892,1.79472,0
-0.06263,-0.032136,0,10.2892,1.79472,0
-0.06263,-0.032136,0,10.2892,1.79472,0
-0.062631,-0.032136,0,10.2892,1.79472,0
-0.062631,-0.032136,0,10.2892,1.79472,0
-0.062631,-0.032136,0,10.2892,1.79472,0
-0.062631,-0.032136,0,10.2892,1.79472,0
-0.062806,-0.032613,0,10.3488,1.83399,0
-0.062808,-0.032628,0,10.3489,1.83417,0
-0.063485,-0.032718,0,10.3446,1.86052,0
-0.063502,-0.032718,0,10.3446,1.86052,0
-0.061945,-0.03146,0,10.5126,1.92562,0
-0.061927,-0.031451,0,10.5126,1.92562,0
-0.062616,-0.030644,0,10.5235,1.92632,0
-0.062629,-0.030629,0,10.5235,1.92649,0
-0.064024,-0.031014,0,10.4917,1.95477,0
-0.06444,-0.030551,0,10.4505,1.98758,0
-0.064451,-0.030537,0,10.4505,1.98758,0
-0.064521,-0.030449,0,10.442,1.99282,0
-0.064525,-0.030437,0,10.4446,1.99107,0
-0.064522,-0.03044,0,10.4441,1.99125,0
-0.064523,-0.030439,0,10.4441,1.99125,0
-0.064524,-0.030439,0,10.4442,1.99142,0
-0.064523,-0.030439,0,10.4441,1.99142,0
-0.063926,-0.032293,0,10.4959,1.97798,0
-0.063926,-0.032307,0,10.4959,1.97798,0
-0.063666,-0.032227,0,10.5332,1.98217,0
-0.063651,-0.032226,0,10.5336,1.982,0
-0.063217,-0.032055,0,10.5788,1.98985,0
-0.063204,-0.032052,0,10.579,1.98985,0
-0.062951,-0.032172,0,10.6205,1.95808,0
-0.062936,-0.032177,0,10.6214,1.95756,0
-0.063664,-0.032073,0,10.6453,1.9429,0
-0.063679,-0.032047,0,10.6453,1.9429,0
-0.063604,-0.032045,0,10.647,1.94622,0
-0.063584,-0.032046,0,10.646,1.94465,0
-0.063176,-0.032884,0,10.6561,1.95774,0
-0.063172,-0.032904,0,10.6561,1.95791,0
-0.06313,-0.032988,0,10.6811,1.98706,0
-0.063089,-0.033003,0,10.6751,1.98706,0
-0.062664,-0.032338,0,10.7343,2.06263,0
-0.063261,-0.030227,0,10.746,2.06996,0
-0.063261,-0.030216,0,10.746,2.06996,0
-0.064212,-0.031874,0,10.7118,2.09387,0
-0.064214,-0.031891,0,10.7118,2.09387,0
-0.062893,-0.032847,0,10.7221,2.1286,0
-0.062876,-0.032848,0,10.7221,2.1286,0
-0.063704,-0.032346,0,10.7573,2.12354,0
