-0.090339,-0.056313,0,-6.75739,-0.894656,0
-0.090339,-0.056313,0,-6.75739,-0.894656,0
-0.090339,-0.056313,0,-6.75739,-0.894656,0
-0.090339,-0.056313,0,-6.75739,-0.894656,0
-0.090339,-0.056313,0,-6.75739,-0.894656,0
-0.090339,-0.056313,0,-6.75739,-0.894656,0
-0.090339,-0.056313,0,-6.75757,-0.894656,0
-0.089951,-0.056524,0,-6.72423,-0.871443,0
-0.089937,-0.056528,0,-6.72388,-0.871268,0
-0.089534,-0.056855,0,-6.69805,-0.852768,0
-0.089491,-0.057129,0,-6.73139,-0.866556,0
-0.089491,-0.057145,0,-6.73296,-0.866905,0
-0.090036,-0.0571,0,-6.82022,-0.908444,0
-0.0905,-0.056849,0,-6.90679,-0.952775,0
-0.090511,-0.056847,0,-6.90662,-0.952775,0
-0.090508,-0.056847,0,-6.90644,-0.95295,0
-0.090508,-0.056847,0,-6.90662,-0.95295,0
-0.090509,-0.056847,0,-6.90662,-0.95295,0
-0.090509,-0.056847,0,-6.90662,-0.95295,0
-0.090509,-0.056847,0,-6.90679,-0.95295,0
-0.090509,-0.056847,0,-6.90662,-0.95295,0
-0.090509,-0.056847,0,-6.90662,-0.95295,0
-0.090509,-0.056847,0,-6.90679,-0.95295,0
-0.090773,-0.055721,0,-6.89283,-0.941605,0
-0.090828,-0.054408,0,-6.8396,-0.904604,0
-0.090828,-0.054394,0,-6.8396,-0.904604,0
-0.090658,-0.054116,0,-6.77031,-0.853815,0
-0.090654,-0.054104,0,-6.76996,-0.853291,0
-0.091083,-0.053503,0,-6.71393,-0.811229,0
-0.091089,-0.05349,0,-6.71393,-0.811229,0
-0.09114,-0.052833,0,-6.77397,-0.854862,0
-0.090861,-0.052235,0,-6.80748,-0.880344,0
-0.09086,-0.052224,0,-6.80766,-0.880519,0
-0.09086,-0.052223,0,-6.80748,-0.880519,0
-0.09086,-0.052223,0,-6.80766,-0.880519,0
-0.091379,-0.051655,0,-6.76769,-0.846136,0
-0.091387,-0.051644,0,-6.76734,-0.846136,0
-0.091387,-0.051644,0,-6.76751,-0.845961,0
-0.091387,-0.051644,0,-6.76734,-0.845961,0
-0.091387,-0.051644,0,-6.76751,-0.845961,0
-0.091387,-0.051644,0,-6.76751,-0.845961,0
-0.091387,-0.051644,0,-6.76751,-0.845961,0
-0.091387,-0.051644,0,-6.76769,-0.845961,0
-0.091422,-0.051568,0,-6.73069,-0.813149,0
-0.091431,-0.051555,0,-6.7279,-0.809833,0
-0.091396,-0.051555,0,-6.68095,-0.767945,0
-0.091389,-0.051555,0,-6.67885,-0.764803,0
-0.091489,-0.050776,0,-6.61916,-0.710349,0
-0.091489,-0.050764,0,-6.61899,-0.710349,0
-0.091599,-0.04982,0,-6.77223,-0.855735,0
-0.091599,-0.049808,0,-6.7724,-0.855735,0
-0.091542,-0.049588,0,-6.7265,-0.808437,0
-0.09155,-0.049573,0,-6.72615,-0.808087,0
-0.091571,-0.049548,0,-6.71899,-0.799186,0
-0.091565,-0.049558,0,-6.72161,-0.802153,0
-0.091909,-0.04884,0,-6.66437,-0.741067,0
-0.091911,-0.048835,0,-6.66437,-0.740892,0
-0.091911,-0.048836,0,-6.66437,-0.740892,0
-0.09191,-0.048838,0,-6.66454,-0.740892,0
-0.09191,-0.048838,0,-6.66437,-0.740892,0
-0.09191,-0.048837,0,-6.66454,-0.740892,0
-0.09191,-0.048837,0,-6.66419,-0.740892,0
-0.09191,-0.048837,0,-6.66419,-0.740892,0
-0.09191,-0.048837,0,-6.66419,-0.740892,0
-0.09191,-0.048837,0,-6.66419,-0.740892,0
-0.09191,-0.048837,0,-6.66419,-0.740892,0
-0.09191,-0.048837,0,-6.66419,-0.740892,0
-0.09191,-0.048837,0,-6.66402,-0.740892,0
-0.09191,-0.048837,0,-6.66419,-0.740892,0
-0.09191,-0.048837,0,-6.66402,-0.740892,0
-0.09191,-0.048837,0,-6.66419,-0.740892,0
-0.09191,-0.048837,0,-6.66419,-0.740892,0
-0.09191,-0.048837,0,-6.66402,-0.740892,0
-0.09191,-0.048837,0,-6.66402,-0.740892,0
-0.092061,-0.047411,0,-6.6778,-0.756251,0
-0.092061,-0.047399,0,-6.67763,-0.756251,0
-0.092343,-0.046096,0,-6.65023,-0.720472,0
-0.092343,-0.046086,0,-6.65023,-0.720472,0
-0.092229,-0.045572,0,-6.61235,-0.665145,0
-0.092228,-0.045561,0,-6.61235,-0.66497,0
-0.092228,-0.045559,0,-6.61218,-0.664447,0
-0.092228,-0.04556,0,-6.61218,-0.664447,0
-0.092228,-0.04556,0,-6.61235,-0.664447,0
-0.092228,-0.04556,0,-6.61235,-0.664447,0
-0.092228,-0.04556,0,-6.61235,-0.664447,0
-0.092228,-0.04556,0,-6.61218,-0.664447,0
-0.092365,-0.045103,0,-6.5675,-0.596554,0
-0.092366,-0.045094,0,-6.56732,-0.596379,0
-0.092367,-0.045093,0,-6.56732,-0.595681,0
-0.092367,-0.045094,0,-6.56732,-0.595681,0
-0.092366,-0.045095,0,-6.56732,-0.596204,0
-0.092366,-0.045095,0,-6.5675,-0.596204,0
-0.092366,-0.045095,0,-6.5675,-0.596204,0
-0.092366,-0.045095,0,-6.5675,-0.596204,0
-0.092366,-0.045095,0,-6.5675,-0.596204,0
-0.092366,-0.045095,0,-6.5675,-0.596204,0
-0.092366,-0.045095,0,-6.5675,-0.596204,0
-0.092366,-0.045095,0,-6.5675,-0.596204,0
-0.092366,-0.045095,0,-6.5675,-0.596204,0
-0.092366,-0.045095,0,-6.5675,-0.596204,0
-0.092367,-0.045095,0,-6.5675,-0.596204,0
-0.092367,-0.045095,0,-6.5675,-0.596204,0
-0.092367,-0.045095,0,-6.5675,-0.596204,0
-0.092367,-0.045095,0,-6.5675,-0.596204,0
-0.092367,-0.045095,0,-6.5675,-0.596204,0
-0.092367,-0.045095,0,-6.5675,-0.596204,0
-0.092367,-0.045095,0,-6.5675,-0.596204,0
-0.092367,-0.045095,0,-6.5675,-0.596204,0
-0.092367,-0.045095,0,-6.5675,-0.596204,0
-0.092367,-0.045095,0,-6.5675,-0.596204,0
-0.092367,-0.045095,0,-6.5675,-0.596204,0
-0.092367,-0.045095,0,-6.5675,-0.596204,0
-0.092367,-0.045095,0,-6.5675,-0.596204,0
-0.092367,-0.045095,0,-6.5675,-0.596204,0
-0.092657,-0.044026,0,-6.54603,-0.561472,0
-0.092657,-0.044015,0,-6.54603,-0.561472,0
-0.092895,-0.042777,0,-6.52474,-0.523075,0
-0.092895,-0.042773,0,-6.52456,-0.523075,0
-0.092895,-0.042773,0,-6.52474,-0.523075,0
-0.092895,-0.042774,0,-6.52456,-0.522901,0
-0.092895,-0.042774,0,-6.52456,-0.522901,0
-0.092895,-0.042774,0,-6.52456,-0.522901,0
-0.092895,-0.042774,0,-6.52456,-0.522901,0
-0.092887,-0.04271,0,-6.5284,-0.530929,0
-0.092889,-0.042701,0,-6.52753,-0.529184,0
-0.09289,-0.042704,0,-6.52753,-0.529009,0
-0.09289,-0.042704,0,-6.52753,-0.529009,0
-0.09289,-0.042703,0,-6.52753,-0.529184,0
-0.09289,-0.042703,0,-6.52753,-0.529184,0
-0.092891,-0.042703,0,-6.52753,-0.529184,0
-0.092891,-0.042703,0,-6.52736,-0.529184,0
-0.092891,-0.042703,0,-6.52736,-0.529184,0
-0.092892,-0.042703,0,-6.52718,-0.529184,0
-0.092892,-0.042703,0,-6.52718,-0.529184,0
-0.092892,-0.042703,0,-6.52753,-0.529184,0
-0.092892,-0.042703,0,-6.52718,-0.529184,0
-0.092892,-0.042703,0,-6.52736,-0.529184,0
-0.092892,-0.042703,0,-6.52736,-0.529184,0
-0.093061,-0.040291,0,-6.4935,-0.459894,0
-0.093061,-0.04028,0,-6.4935,-0.459894,0
-0.093061,-0.040281,0,-6.49367,-0.459894,0
-0.093061,-0.040282,0,-6.4935,-0.459894,0
-0.093061,-0.040281,0,-6.49367,-0.459894,0
-0.093061,-0.040281,0,-6.49367,-0.459894,0
-0.093061,-0.040281,0,-6.4935,-0.459894,0
-0.093061,-0.040281,0,-6.4935,-0.459894,0
-0.093061,-0.040281,0,-6.49367,-0.459894,0
-0.093061,-0.040281,0,-6.49385,-0.459894,0
-0.093237,-0.039367,0,-6.46906,-0.396539,0
-0.093237,-0.039357,0,-6.46906,-0.396539,0
-0.093238,-0.039356,0,-6.46906,-0.396364,0
-0.093238,-0.039356,0,-6.46906,-0.396364,0
-0.093237,-0.039357,0,-6.46906,-0.396364,0
-0.093237,-0.039357,0,-6.46906,-0.396364,0
-0.093237,-0.039357,0,-6.46906,-0.396364,0
-0.093237,-0.039357,0,-6.46906,-0.396364,0
-0.093237,-0.039357,0,-6.46906,-0.396364,0
-0.093237,-0.039357,0,-6.46906,-0.396364,0
-0.093237,-0.039357,0,-6.46906,-0.396364,0
-0.093237,-0.039357,0,-6.46889,-0.396364,0
-0.093237,-0.039357,0,-6.46906,-0.396364,0
-0.093237,-0.039357,0,-6.46889,-0.396364,0
-0.093237,-0.039357,0,-6.46889,-0.396364,0
-0.093237,-0.039357,0,-6.46889,-0.396364,0
-0.093237,-0.039357,0,-6.46889,-0.396364,0
-0.093237,-0.039357,0,-6.46871,-0.396364,0
-0.093237,-0.039357,0,-6.46871,-0.396364,0
-0.093237,-0.039357,0,-6.46871,-0.396364,0
-0.093237,-0.039357,0,-6.46871,-0.396364,0
-0.093237,-0.039357,0,-6.46889,-0.396364,0
-0.093237,-0.039357,0,-6.46871,-0.396364,0
-0.093237,-0.039357,0,-6.46889,-0.396364,0
-0.093237,-0.039357,0,-6.46889,-0.396364,0
-0.093237,-0.039357,0,-6.46889,-0.396364,0
-0.093237,-0.039357,0,-6.46889,-0.396364,0
-0.093237,-0.039357,0,-6.46871,-0.396364,0
-0.093237,-0.039357,0,-6.46871,-0.396364,0
-0.093422,-0.037678,0,-6.44201,-0.320792,0
-0.093422,-0.037667,0,-6.44218,-0.320792,0
-0.093423,-0.03767,0,-6.44201,-0.320792,0
-0.093423,-0.037669,0,-6.44201,-0.320792,0
-0.093423,-0.037669,0,-6.44184,-0.320617,0
-0.093423,-0.037669,0,-6.44184,-0.320617,0
-0.093423,-0.037669,0,-6.44184,-0.320617,0
-0.093423,-0.037669,0,-6.44184,-0.320617,0
-0.093423,-0.037669,0,-6.44166,-0.320617,0
-0.093423,-0.037669,0,-6.44184,-0.320617,0
-0.093423,-0.037669,0,-6.44166,-0.320617,0
-0.093533,-0.038625,0,-6.416,-0.234572,0
-0.093533,-0.038635,0,-6.41618,-0.234572,0
-0.093534,-0.038635,0,-6.416,-0.234398,0
-0.093534,-0.038635,0,-6.416,-0.234398,0
-0.093164,-0.039427,0,-6.42875,-0.275064,0
-0.093163,-0.039431,0,-6.42875,-0.275238,0
-0.093164,-0.03943,0,-6.42892,-0.275238,0
-0.093165,-0.03943,0,-6.42909,-0.275413,0
-0.093165,-0.03943,0,-6.42892,-0.275413,0
-0.093166,-0.03943,0,-6.42892,-0.275413,0
-0.093166,-0.03943,0,-6.42875,-0.275413,0
-0.093167,-0.03943,0,-6.42875,-0.275413,0
-0.093167,-0.03943,0,-6.42857,-0.275413,0
-0.093168,-0.03943,0,-6.42857,-0.275413,0
-0.093168,-0.03943,0,-6.42857,-0.275413,0
-0.093083,-0.039361,0,-6.42508,-0.265814,0
-0.093071,-0.039357,0,-6.42595,-0.268432,0
-0.093073,-0.03936,0,-6.42613,-0.268606,0
-0.093073,-0.039359,0,-6.42595,-0.268606,0
-0.093072,-0.039358,0,-6.42595,-0.268257,0
-0.093072,-0.039358,0,-6.42595,-0.268257,0
-0.09307,-0.037916,0,-6.40553,-0.210312,0
-0.09307,-0.037904,0,-6.40536,-0.210312,0
-0.093476,-0.036847,0,-6.38878,-0.157254,0
-0.093477,-0.036834,0,-6.38895,-0.15708,0
-0.093704,-0.035366,0,-6.40588,-0.219039,0
-0.093705,-0.035353,0,-6.40571,-0.219213,0
-0.093496,-0.036442,0,-6.39366,-0.167552,0
-0.093278,-0.038457,0,-6.38354,-0.128631,0
-0.093278,-0.038467,0,-6.38354,-0.128631,0
-0.093278,-0.038467,0,-6.38372,-0.128631,0
-0.093278,-0.038467,0,-6.38354,-0.128631,0
-0.093279,-0.038467,0,-6.38354,-0.128631,0
-0.093279,-0.038467,0,-6.38354,-0.128631,0
-0.093279,-0.038467,0,-6.38337,-0.128631,0
-0.093092,-0.038102,0,-6.36382,-0.0677188,0
-0.093088,-0.03809,0,-6.36399,-0.0675442,0
-0.093088,-0.038092,0,-6.36399,-0.0668461,0
-0.093088,-0.038091,0,-6.36382,-0.0668461,0
-0.093088,-0.038091,0,-6.36382,-0.0671952,0
-0.093088,-0.038091,0,-6.36382,-0.0671952,0
-0.093088,-0.038091,0,-6.36382,-0.0671952,0
-0.093088,-0.038091,0,-6.36382,-0.0671952,0
-0.093088,-0.038091,0,-6.36382,-0.0671952,0
-0.093088,-0.038091,0,-6.36382,-0.0671952,0
-0.093088,-0.038091,0,-6.36382,-0.0671952,0
-0.093231,-0.035775,0,-6.34183,0.00366519,0
-0.093231,-0.035763,0,-6.34183,0.00366519,0
-0.093315,-0.035668,0,-6.34427,-0.00541052,0
-0.093326,-0.035656,0,-6.34357,-0.00261799,0
-0.093324,-0.03566,0,-6.34357,-0.00261799,0
-0.093324,-0.035659,0,-6.34357,-0.00261799,0
-0.093422,-0.035636,0,-6.34514,-0.0106465,0
-0.093431,-0.035641,0,-6.34514,-0.00837758,0
-0.093428,-0.035641,0,-6.34497,-0.00837758,0
-0.093429,-0.035641,0,-6.3448,-0.00837758,0
-0.093429,-0.03564,0,-6.3448,-0.00855211,0
-0.093429,-0.03564,0,-6.3448,-0.00855211,0
-0.093429,-0.03564,0,-6.3448,-0.00855211,0
-0.093429,-0.03564,0,-6.3448,-0.00855211,0
-0.093429,-0.03564,0,-6.34497,-0.00855211,0
-0.093429,-0.03564,0,-6.3448,-0.00855211,0
-0.093429,-0.03564,0,-6.3448,-0.00855211,0
-0.093429,-0.03564,0,-6.3448,-0.00855211,0
-0.093429,-0.03564,0,-6.3448,-0.00855211,0
-0.093429,-0.03564,0,-6.3448,-0.00855211,0
-0.093429,-0.03564,0,-6.3448,-0.00855211,0
-0.093429,-0.03564,0,-6.34497,-0.00855211,0
-0.093429,-0.03564,0,-6.3448,-0.00855211,0
-0.093527,-0.036443,0,-6.32821,0.0612611,0
-0.093528,-0.036447,0,-6.32821,0.0614356,0
-0.093528,-0.036446,0,-6.32804,0.0614356,0
-0.093528,-0.036445,0,-6.32804,0.0614356,0
-0.093529,-0.036446,0,-6.32821,0.0614356,0
-0.093529,-0.036446,0,-6.32821,0.0614356,0
-0.093529,-0.036446,0,-6.32821,0.0614356,0
-0.09353,-0.036446,0,-6.32821,0.0614356,0
-0.09353,-0.036446,0,-6.32804,0.0614356,0
-0.093531,-0.036446,0,-6.32821,0.0614356,0
-0.093531,-0.036446,0,-6.32821,0.0614356,0
-0.093531,-0.036446,0,-6.32821,0.0614356,0
-0.093167,-0.037636,0,-6.31443,0.117286,0
-0.093167,-0.037639,0,-6.31408,0.117461,0
-0.093167,-0.037639,0,-6.31408,0.117461,0
-0.093167,-0.037638,0,-6.31408,0.117461,0
-0.093167,-0.037638,0,-6.3139,0.117461,0
-0.093167,-0.037638,0,-6.3139,0.117635,0
-0.093167,-0.037638,0,-6.3139,0.117635,0
-0.093167,-0.037638,0,-6.3139,0.117635,0
-0.093167,-0.037638,0,-6.3139,0.117635,0
-0.093167,-0.037638,0,-6.3139,0.117635,0
-0.093167,-0.037638,0,-6.31408,0.117635,0
-0.093167,-0.037638,0,-6.3139,0.117635,0
-0.093167,-0.037638,0,-6.31408,0.117635,0
-0.093167,-0.037638,0,-6.3139,0.117635,0
-0.093167,-0.037638,0,-6.31408,0.117635,0
-0.093167,-0.037638,0,-6.31408,0.117635,0
-0.093167,-0.037638,0,-6.31408,0.117635,0
-0.093167,-0.037638,0,-6.31408,0.117635,0
-0.093167,-0.037638,0,-6.31408,0.117635,0
-0.093167,-0.037638,0,-6.31408,0.117635,0
-0.093167,-0.037638,0,-6.31408,0.117635,0
-0.093167,-0.037638,0,-6.31408,0.117635,0
-0.093167,-0.037638,0,-6.31408,0.117635,0
-0.093167,-0.037638,0,-6.31408,0.117635,0
-0.093167,-0.037638,0,-6.31408,0.117635,0
-0.093167,-0.037638,0,-6.3139,0.117635,0
-0.093167,-0.037638,0,-6.31408,0.117635,0
-0.093167,-0.037638,0,-6.3139,0.117635,0
-0.093167,-0.037638,0,-6.3139,0.117635,0
-0.092829,-0.036535,0,-6.29296,0.189194,0
-0.093544,-0.032328,0,-6.30273,0.156207,0
-0.093544,-0.032315,0,-6.30273,0.156207,0
-0.093085,-0.040347,0,-6.29628,0.199666,0
-0.093085,-0.040358,0,-6.29593,0.199666,0
-0.092852,-0.036997,0,-6.27446,0.25604,0
-0.092852,-0.036984,0,-6.27446,0.25604,0
-0.093499,-0.034343,0,-6.27324,0.262847,0
-0.093499,-0.034328,0,-6.27341,0.262847,0
-0.093153,-0.03788,0,-6.26224,0.320792,0
-0.092623,-0.038547,0,-6.2509,0.360236,0
-0.092615,-0.038559,0,-6.25072,0.36041,0
-0.092615,-0.03856,0,-6.25072,0.360585,0
-0.092759,-0.035739,0,-6.27027,0.305956,0
-0.092759,-0.035727,0,-6.27027,0.305956,0
-0.09275,-0.037869,0,-6.25386,0.374024,0
-0.09275,-0.037872,0,-6.25386,0.374024,0
-0.09275,-0.037872,0,-6.25386,0.374024,0
-0.092751,-0.037871,0,-6.25386,0.374024,0
-0.092751,-0.037871,0,-6.25386,0.374024,0
-0.092751,-0.037871,0,-6.25386,0.374024,0
-0.092751,-0.037871,0,-6.25386,0.374024,0
-0.092751,-0.037871,0,-6.25369,0.374024,0
-0.092751,-0.037871,0,-6.25386,0.374024,0
-0.092751,-0.037871,0,-6.25369,0.374024,0
-0.092751,-0.037871,0,-6.25386,0.374024,0
-0.092751,-0.037871,0,-6.25369,0.374024,0
-0.092259,-0.038124,0,-6.23711,0.427955,0
-0.09225,-0.038126,0,-6.23711,0.428129,0
-0.092247,-0.038127,0,-6.23693,0.428478,0
-0.092248,-0.038127,0,-6.23711,0.428478,0
-0.092249,-0.038126,0,-6.23728,0.428478,0
-0.092249,-0.038126,0,-6.23711,0.428478,0
-0.092249,-0.038126,0,-6.23728,0.428478,0
-0.092249,-0.038126,0,-6.23728,0.428478,0
-0.092249,-0.038126,0,-6.23711,0.428478,0
-0.092249,-0.038126,0,-6.23711,0.428478,0
-0.092249,-0.038126,0,-6.23711,0.428478,0
-0.092249,-0.038126,0,-6.23711,0.428478,0
-0.09194,-0.039693,0,-6.2111,0.507018,0
-0.09194,-0.039699,0,-6.2111,0.507193,0
-0.09194,-0.039697,0,-6.2111,0.507193,0
-0.09194,-0.039696,0,-6.2111,0.507193,0
-0.09194,-0.039697,0,-6.21093,0.507193,0
-0.09194,-0.039697,0,-6.2111,0.507193,0
-0.09194,-0.039697,0,-6.21093,0.507193,0
-0.09194,-0.039697,0,-6.21093,0.507193,0
-0.09194,-0.039697,0,-6.2111,0.507193,0
-0.09194,-0.039697,0,-6.2111,0.507193,0
-0.09194,-0.039697,0,-6.2111,0.507193,0
-0.09194,-0.039697,0,-6.21128,0.507193,0
-0.09194,-0.039697,0,-6.2111,0.507193,0
-0.09194,-0.039697,0,-6.21093,0.507193,0
-0.09194,-0.039697,0,-6.21093,0.507193,0
-0.09194,-0.039697,0,-6.21093,0.507193,0
-0.09194,-0.039697,0,-6.21093,0.507193,0
-0.09194,-0.039697,0,-6.21093,0.507193,0
-0.09194,-0.039697,0,-6.21075,0.507193,0
-0.09194,-0.039697,0,-6.21075,0.507193,0
-0.09194,-0.039697,0,-6.21075,0.507193,0
-0.09194,-0.039697,0,-6.21075,0.507193,0
-0.09194,-0.039697,0,-6.21093,0.507193,0
-0.09194,-0.039697,0,-6.21075,0.507193,0
-0.09194,-0.039697,0,-6.21093,0.507193,0
-0.09194,-0.039697,0,-6.21093,0.507193,0
-0.09156,-0.040748,0,-6.1837,0.574562,0
-0.091558,-0.040759,0,-6.18388,0.574737,0
-0.091827,-0.039939,0,-6.20587,0.529184,0
-0.091827,-0.039929,0,-6.20587,0.529184,0
-0.091829,-0.039927,0,-6.20587,0.529009,0
-0.091829,-0.039927,0,-6.20587,0.529009,0
-0.091828,-0.039929,0,-6.20587,0.529009,0
-0.091828,-0.039929,0,-6.20587,0.529009,0
-0.091829,-0.039928,0,-6.20587,0.529009,0
-0.091829,-0.039928,0,-6.20587,0.529009,0
-0.091828,-0.039928,0,-6.20587,0.529009,0
-0.091828,-0.039928,0,-6.20587,0.529009,0
-0.091828,-0.039928,0,-6.20587,0.529009,0
-0.091828,-0.039928,0,-6.20587,0.529009,0
-0.091828,-0.039928,0,-6.20604,0.529009,0
-0.091828,-0.039928,0,-6.20587,0.529009,0
-0.091828,-0.039928,0,-6.20587,0.529009,0
-0.091828,-0.039928,0,-6.20587,0.529009,0
-0.091828,-0.039928,0,-6.20569,0.529009,0
-0.091828,-0.039928,0,-6.20587,0.529009,0
-0.091828,-0.039928,0,-6.20569,0.529009,0
-0.091828,-0.039928,0,-6.20569,0.529009,0
-0.091828,-0.039928,0,-6.20569,0.529009,0
-0.091828,-0.039928,0,-6.20569,0.529009,0
-0.091828,-0.039928,0,-6.20569,0.529009,0
-0.091653,-0.040447,0,-6.17061,0.612436,0
-0.091651,-0.040458,0,-6.17044,0.612785,0
-0.091651,-0.040459,0,-6.17061,0.613483,0
-0.091651,-0.040459,0,-6.17061,0.613483,0
-0.091332,-0.040844,0,-6.14932,0.660782,0
-0.091323,-0.040854,0,-6.14949,0.660782,0
-0.091325,-0.040851,0,-6.14914,0.661305,0
-0.091325,-0.040852,0,-6.14967,0.661305,0
-0.091324,-0.040853,0,-6.14932,0.661305,0
-0.091324,-0.040852,0,-6.14949,0.661305,0
-0.091324,-0.040852,0,-6.14949,0.661305,0
-0.091324,-0.040852,0,-6.14949,0.661305,0
-0.091324,-0.040852,0,-6.14967,0.661305,0
-0.091324,-0.040852,0,-6.14949,0.661305,0
-0.091324,-0.040852,0,-6.14967,0.661305,0
-0.09094,-0.042609,0,-6.12768,0.707382,0
-0.090939,-0.042613,0,-6.12768,0.707382,0
-0.090939,-0.042612,0,-6.12785,0.707382,0
-0.09094,-0.042611,0,-6.12768,0.707382,0
-0.09094,-0.042612,0,-6.12768,0.707382,0
-0.09094,-0.042612,0,-6.12768,0.707382,0
-0.09094,-0.042612,0,-6.12768,0.707382,0
-0.09094,-0.042612,0,-6.12768,0.707382,0
-0.09094,-0.042612,0,-6.12768,0.707382,0
-0.09094,-0.042612,0,-6.1275,0.707382,0
-0.09094,-0.042612,0,-6.1275,0.707382,0
-0.09094,-0.042612,0,-6.1275,0.707207,0
-0.09094,-0.042612,0,-6.1275,0.707207,0
-0.09094,-0.042612,0,-6.12733,0.707207,0
-0.09094,-0.042612,0,-6.12733,0.707207,0
-0.09094,-0.042612,0,-6.12733,0.707207,0
-0.09094,-0.042612,0,-6.12733,0.707207,0
-0.090865,-0.042658,0,-6.12471,0.712618,0
-0.090853,-0.042662,0,-6.12541,0.711222,0
-0.090854,-0.04266,0,-6.12541,0.711047,0
-0.090854,-0.042661,0,-6.12558,0.711047,0
-0.090429,-0.044235,0,-6.10272,0.749793,0
-0.090429,-0.044245,0,-6.10254,0.749793,0
-0.090429,-0.04424,0,-6.10254,0.749793,0
-0.090428,-0.044242,0,-6.10272,0.749793,0
-0.090428,-0.044242,0,-6.10289,0.749793,0
-0.090428,-0.044242,0,-6.10289,0.749793,0
-0.090428,-0.044242,0,-6.10289,0.749793,0
-0.090428,-0.044242,0,-6.10289,0.749793,0
-0.090428,-0.044242,0,-6.10289,0.749793,0
-0.090428,-0.044242,0,-6.10289,0.749793,0
-0.090428,-0.044242,0,-6.10289,0.749793,0
-0.090428,-0.044242,0,-6.10272,0.749793,0
-0.090137,-0.045883,0,-6.0816,0.77929,0
-0.090137,-0.045896,0,-6.0816,0.77929,0
-0.090325,-0.045401,0,-6.1275,0.723963,0
-0.090328,-0.045385,0,-6.12768,0.723788,0
-0.090537,-0.044586,0,-6.17707,0.660782,0
-0.090538,-0.044575,0,-6.17707,0.660607,0
-0.090591,-0.044437,0,-6.11022,0.752237,0
-0.090592,-0.044427,0,-6.109,0.754157,0
-0.090448,-0.044708,0,-6.0432,0.845263,0
-0.090442,-0.044721,0,-6.04233,0.846834,0
-0.090169,-0.045298,0,-6.00097,0.901637,0
-0.090166,-0.045312,0,-6.00097,0.901812,0
-0.090081,-0.04538,0,-5.99311,0.912284,0
-0.090069,-0.045385,0,-5.99503,0.909142,0
-0.089727,-0.046997,0,-6.00027,0.902161,0
-0.089462,-0.047835,0,-6.0926,0.803899,0
-0.08946,-0.047839,0,-6.09277,0.803724,0
-0.08946,-0.047839,0,-6.09277,0.803724,0
-0.089461,-0.047838,0,-6.09277,0.803724,0
-0.089461,-0.047838,0,-6.0926,0.803724,0
-0.089461,-0.047838,0,-6.09277,0.803724,0
-0.089461,-0.047838,0,-6.0926,0.803724,0
-0.089461,-0.047838,0,-6.0926,0.803724,0
-0.089461,-0.047838,0,-6.09277,0.803724,0
-0.089461,-0.047838,0,-6.09277,0.803724,0
-0.089461,-0.047838,0,-6.09242,0.803724,0
-0.089461,-0.047838,0,-6.09277,0.803724,0
-0.089461,-0.047838,0,-6.0926,0.803724,0
-0.089461,-0.047838,0,-6.09277,0.803724,0
-0.089461,-0.047838,0,-6.09277,0.803724,0
-0.089461,-0.047838,0,-6.09294,0.803724,0
-0.089461,-0.047838,0,-6.09277,0.803724,0
-0.089461,-0.047838,0,-6.09294,0.803724,0
-0.089461,-0.047838,0,-6.09277,0.803724,0
-0.089461,-0.047838,0,-6.09294,0.803724,0
-0.089461,-0.047838,0,-6.09277,0.803724,0
-0.089461,-0.047838,0,-6.09277,0.803724,0
-0.089461,-0.047838,0,-6.09277,0.803724,0
-0.089461,-0.047838,0,-6.09277,0.803724,0
-0.089461,-0.047838,0,-6.09277,0.803724,0
-0.089461,-0.047838,0,-6.09277,0.803724,0
-0.089461,-0.047838,0,-6.09277,0.803724,0
-0.089461,-0.047838,0,-6.09277,0.803724,0
-0.089032,-0.048871,0,-6.05018,0.84439,0
-0.089031,-0.048882,0,-6.05018,0.844565,0
-0.089032,-0.04888,0,-6.05018,0.844565,0
-0.089032,-0.04888,0,-6.05018,0.844565,0
-0.089032,-0.048881,0,-6.05001,0.844739,0
-0.089033,-0.048881,0,-6.05018,0.844739,0
-0.089033,-0.048881,0,-6.05018,0.844739,0
-0.089034,-0.048881,0,-6.05036,0.844739,0
-0.089034,-0.048881,0,-6.05018,0.844739,0
-0.08869,-0.049869,0,-6.00254,0.884882,0
-0.088689,-0.049879,0,-6.00271,0.885056,0
-0.088689,-0.049877,0,-6.00271,0.885056,0
-0.088689,-0.049877,0,-6.00271,0.885056,0
-0.08869,-0.049878,0,-6.00289,0.885056,0
-0.08869,-0.049878,0,-6.00271,0.885056,0
-0.08869,-0.049878,0,-6.00289,0.885056,0
-0.08869,-0.049878,0,-6.00306,0.885056,0
-0.08869,-0.049878,0,-6.00306,0.885056,0
-0.08869,-0.049878,0,-6.00306,0.885056,0
-0.08869,-0.049878,0,-6.00306,0.885056,0
-0.08869,-0.049878,0,-6.00306,0.885056,0
-0.08869,-0.049878,0,-6.00306,0.885056,0
-0.08869,-0.049878,0,-6.00289,0.885056,0
-0.08869,-0.049878,0,-6.00306,0.885056,0
-0.08869,-0.049878,0,-6.00289,0.885056,0
-0.08869,-0.049878,0,-6.00306,0.885056,0
-0.08869,-0.049878,0,-6.00289,0.885056,0
-0.08869,-0.049878,0,-6.00289,0.885056,0
-0.08869,-0.049878,0,-6.00289,0.885056,0
-0.08869,-0.049878,0,-6.00306,0.885056,0
-0.08869,-0.049878,0,-6.00289,0.885056,0
-0.08869,-0.049878,0,-6.00289,0.885056,0
-0.08869,-0.049878,0,-6.00323,0.885056,0
-0.08869,-0.049878,0,-6.00289,0.885056,0
-0.08869,-0.049878,0,-6.00306,0.885056,0
-0.088278,-0.050759,0,-5.96431,0.914029,0
-0.088277,-0.05077,0,-5.96431,0.914029,0
-0.08819,-0.05085,0,-5.95978,0.918392,0
-0.08818,-0.050855,0,-5.9603,0.916821,0
-0.088182,-0.050853,0,-5.9603,0.917171,0
-0.088181,-0.050853,0,-5.9603,0.917171,0
-0.088181,-0.050854,0,-5.9603,0.917171,0
-0.088181,-0.050854,0,-5.9603,0.917171,0
-0.087754,-0.051955,0,-5.93517,0.932529,0
-0.087753,-0.051967,0,-5.93517,0.932529,0
-0.087754,-0.051964,0,-5.93517,0.932529,0
-0.087754,-0.051964,0,-5.93517,0.932529,0
-0.087755,-0.051965,0,-5.93517,0.932529,0
-0.087755,-0.051965,0,-5.93517,0.932529,0
-0.087756,-0.051965,0,-5.93517,0.932529,0
-0.087756,-0.051965,0,-5.93534,0.932529,0
-0.087757,-0.051965,0,-5.93517,0.932529,0
-0.087757,-0.051965,0,-5.93517,0.932529,0
-0.087758,-0.051965,0,-5.93517,0.932529,0
-0.087758,-0.051965,0,-5.93517,0.932529,0
-0.087758,-0.051965,0,-5.93517,0.932529,0
-0.087758,-0.051965,0,-5.93517,0.932529,0
-0.087684,-0.052029,0,-5.92853,0.936893,0
-0.087677,-0.052034,0,-5.92976,0.935846,0
-0.087679,-0.052032,0,-5.92976,0.935496,0
-0.087679,-0.052033,0,-5.92976,0.935496,0
-0.087928,-0.052094,0,-5.89049,0.957139,0
-0.088009,-0.052094,0,-5.86099,0.973894,0
-0.088024,-0.052094,0,-5.85907,0.974766,0
-0.088022,-0.052095,0,-5.85942,0.97529,0
-0.088023,-0.052095,0,-5.85924,0.97529,0
-0.088023,-0.052096,0,-5.85924,0.974941,0
-0.088023,-0.052096,0,-5.85924,0.974941,0
-0.087891,-0.05243,0,-5.81631,1.00025,0
-0.087886,-0.052441,0,-5.81614,1.00042,0
-0.087886,-0.052441,0,-5.81631,1.0006,0
-0.087886,-0.052441,0,-5.81631,1.0006,0
-0.088102,-0.051634,0,-5.84668,0.976337,0
-0.088535,-0.050616,0,-5.86762,0.957662,0
-0.088537,-0.050606,0,-5.8678,0.957662,0
-0.088537,-0.050606,0,-5.8678,0.957488,0
-0.088537,-0.050606,0,-5.8678,0.957488,0
-0.088879,-0.04926,0,-5.86413,0.957837,0
-0.088879,-0.049249,0,-5.86413,0.957837,0
-0.08888,-0.049249,0,-5.86413,0.957837,0
-0.08888,-0.04925,0,-5.86413,0.957837,0
-0.08888,-0.049251,0,-5.86396,0.957837,0
-0.08888,-0.049251,0,-5.86413,0.957837,0
-0.08888,-0.049253,0,-5.86413,0.957837,0
-0.08888,-0.049253,0,-5.86413,0.957837,0
-0.08888,-0.049253,0,-5.86413,0.958011,0
-0.08888,-0.049253,0,-5.86413,0.958011,0
-0.088974,-0.048114,0,-5.828,0.988205,0
-0.088865,-0.047556,0,-5.79345,1.02049,0
-0.088864,-0.047546,0,-5.79327,1.02049,0
-0.088865,-0.047545,0,-5.79327,1.02067,0
-0.088865,-0.047545,0,-5.79327,1.02067,0
-0.088866,-0.047546,0,-5.79327,1.02067,0
-0.088866,-0.047546,0,-5.79292,1.02067,0
-0.088867,-0.047546,0,-5.7931,1.02067,0
-0.088867,-0.047546,0,-5.7931,1.02067,0
-0.089483,-0.04647,0,-5.77547,1.0376,0
-0.089485,-0.04646,0,-5.77547,1.0376,0
-0.089485,-0.046463,0,-5.77529,1.0376,0
-0.089485,-0.046463,0,-5.77529,1.0376,0
-0.089485,-0.046462,0,-5.77547,1.0376,0
-0.089485,-0.046462,0,-5.77529,1.0376,0
-0.089485,-0.046462,0,-5.77547,1.0376,0
-0.089485,-0.046462,0,-5.77529,1.0376,0
-0.089048,-0.046793,0,-5.74213,1.07408,0
-0.089036,-0.046798,0,-5.74213,1.07442,0
-0.088848,-0.046081,0,-5.71264,1.10567,0
-0.088847,-0.046069,0,-5.71246,1.10567,0
-0.088847,-0.046072,0,-5.71264,1.10584,0
-0.088847,-0.046071,0,-5.71264,1.10584,0
-0.088848,-0.046072,0,-5.71264,1.10584,0
-0.088848,-0.046072,0,-5.71264,1.10584,0
-0.088848,-0.046072,0,-5.71264,1.10584,0
-0.088925,-0.045997,0,-5.71787,1.09903,0
-0.088937,-0.045983,0,-5.71648,1.10148,0
-0.089502,-0.045377,0,-5.74353,1.07041,0
-0.089515,-0.045366,0,-5.74353,1.07041,0
-0.089516,-0.045366,0,-5.7437,1.07024,0
-0.089516,-0.045366,0,-5.7437,1.07024,0
-0.089515,-0.045367,0,-5.7437,1.07024,0
-0.089515,-0.045367,0,-5.7437,1.07024,0
-0.089515,-0.045367,0,-5.74353,1.07024,0
-0.089515,-0.045367,0,-5.7437,1.07024,0
-0.089515,-0.045367,0,-5.7437,1.07024,0
-0.089515,-0.045367,0,-5.7437,1.07024,0
-0.089515,-0.045367,0,-5.7437,1.07024,0
-0.089515,-0.045367,0,-5.7437,1.07024,0
-0.089515,-0.045367,0,-5.7437,1.07024,0
-0.089515,-0.045367,0,-5.7437,1.07024,0
-0.089788,-0.04411,0,-5.71054,1.11108,0
-0.089788,-0.0441,0,-5.71054,1.11125,0
-0.089546,-0.043973,0,-5.67476,1.15977,0
-0.089533,-0.043971,0,-5.67459,1.16099,0
-0.089532,-0.043971,0,-5.67459,1.16117,0
-0.089534,-0.043971,0,-5.67459,1.16117,0
-0.089534,-0.043971,0,-5.67441,1.16099,0
-0.089534,-0.043971,0,-5.67459,1.16099,0
-0.089534,-0.043971,0,-5.67459,1.16099,0
-0.089467,-0.043668,0,-5.63637,1.213,0
-0.089467,-0.043658,0,-5.63602,1.21353,0
-0.089466,-0.043658,0,-5.63602,1.21405,0
-0.089466,-0.043658,0,-5.63602,1.21405,0
-0.089548,-0.043606,0,-5.64021,1.20672,0
-0.089563,-0.043602,0,-5.63864,1.20986,0
-0.09009,-0.042623,0,-5.65714,1.18351,0
-0.090092,-0.042613,0,-5.65714,1.18351,0
-0.090092,-0.042613,0,-5.65714,1.18351,0
-0.090092,-0.042614,0,-5.65731,1.18351,0
-0.090092,-0.042614,0,-5.65714,1.18351,0
-0.090092,-0.042614,0,-5.65731,1.18351,0
-0.090092,-0.042614,0,-5.65731,1.18351,0
-0.090092,-0.042614,0,-5.65731,1.18351,0
-0.090092,-0.042614,0,-5.65731,1.18351,0
-0.090092,-0.042614,0,-5.65714,1.18351,0
-0.090092,-0.042614,0,-5.65731,1.18351,0
-0.090092,-0.042614,0,-5.65731,1.18351,0
-0.090092,-0.042614,0,-5.65714,1.18351,0
-0.090092,-0.042614,0,-5.65714,1.18351,0
-0.090092,-0.042614,0,-5.65714,1.18351,0
-0.090092,-0.042614,0,-5.65714,1.18351,0
-0.090092,-0.042614,0,-5.65714,1.18351,0
-0.090092,-0.042614,0,-5.65714,1.18351,0
-0.090092,-0.042614,0,-5.65714,1.18351,0
-0.090092,-0.042614,0,-5.65714,1.18351,0
-0.090092,-0.042614,0,-5.65714,1.18351,0
-0.090238,-0.040831,0,-5.64073,1.20986,0
-0.090238,-0.040818,0,-5.64073,1.20986,0
-0.090238,-0.040816,0,-5.64073,1.20986,0
-0.090238,-0.040817,0,-5.64073,1.20986,0
-0.090238,-0.040817,0,-5.64073,1.20986,0
-0.090238,-0.040817,0,-5.64073,1.20986,0
-0.090238,-0.040817,0,-5.64073,1.20986,0
-0.090238,-0.040817,0,-5.64073,1.20986,0
-0.090238,-0.040817,0,-5.64073,1.21004,0
-0.090238,-0.040817,0,-5.64073,1.21004,0
-0.090238,-0.040817,0,-5.64073,1.21004,0
-0.090238,-0.040817,0,-5.64056,1.21004,0
-0.090268,-0.039467,0,-5.61944,1.25088,0
-0.090268,-0.039455,0,-5.61944,1.25088,0
-0.090268,-0.039455,0,-5.61944,1.25105,0
-0.090268,-0.039455,0,-5.61944,1.25105,0
-0.090268,-0.039455,0,-5.61944,1.25105,0
-0.090268,-0.039455,0,-5.61944,1.25105,0
-0.090268,-0.039455,0,-5.61944,1.25105,0
-0.090268,-0.039455,0,-5.61944,1.25105,0
-0.090268,-0.039455,0,-5.61944,1.25105,0
-0.090268,-0.039455,0,-5.61961,1.25105,0
-0.090268,-0.039455,0,-5.61944,1.25105,0
-0.090256,-0.039084,0,-5.59867,1.2973,0
-0.090256,-0.039073,0,-5.59849,1.29748,0
-0.090256,-0.039074,0,-5.59867,1.29783,0
-0.090256,-0.039074,0,-5.59867,1.29783,0
-0.090256,-0.039074,0,-5.59867,1.29783,0
-0.090256,-0.039074,0,-5.59849,1.29783,0
-0.090256,-0.039074,0,-5.59849,1.29783,0
-0.090256,-0.039074,0,-5.59849,1.29783,0
-0.090256,-0.039074,0,-5.59849,1.29783,0
-0.090256,-0.039074,0,-5.59849,1.29783,0
-0.090256,-0.039074,0,-5.59849,1.29783,0
-0.090256,-0.039074,0,-5.59849,1.29783,0
-0.090256,-0.039074,0,-5.59832,1.29783,0
-0.090256,-0.039074,0,-5.59832,1.29783,0
-0.090256,-0.039074,0,-5.59832,1.29783,0
-0.090256,-0.039074,0,-5.59832,1.29783,0
-0.090256,-0.039074,0,-5.59832,1.29783,0
-0.090256,-0.039074,0,-5.59832,1.29783,0
-0.090256,-0.039074,0,-5.59832,1.29783,0
-0.090256,-0.039074,0,-5.59814,1.29783,0
-0.090256,-0.039074,0,-5.59849,1.29783,0
-0.090436,-0.037585,0,-5.59081,1.31755,0
-0.090436,-0.037572,0,-5.59081,1.31755,0
-0.090436,-0.037572,0,-5.59081,1.31755,0
-0.090436,-0.037573,0,-5.59081,1.31755,0
-0.090436,-0.037573,0,-5.59099,1.31755,0
-0.090437,-0.037573,0,-5.59081,1.31755,0
-0.090437,-0.037573,0,-5.59099,1.31755,0
-0.090437,-0.037573,0,-5.59099,1.31755,0
-0.090437,-0.037573,0,-5.59099,1.31755,0
-0.090437,-0.037573,0,-5.59099,1.31755,0
-0.090437,-0.037573,0,-5.59099,1.31755,0
-0.090437,-0.037573,0,-5.59099,1.31755,0
-0.090437,-0.037573,0,-5.59116,1.31755,0
-0.090437,-0.037573,0,-5.59116,1.31755,0
-0.090437,-0.037573,0,-5.59116,1.31755,0
-0.090437,-0.037573,0,-5.59116,1.31755,0
-0.090437,-0.037573,0,-5.59134,1.31755,0
-0.090437,-0.037573,0,-5.59134,1.31755,0
-0.090437,-0.037573,0,-5.59134,1.31755,0
-0.090437,-0.037573,0,-5.59134,1.31755,0
-0.090437,-0.037573,0,-5.59151,1.31755,0
-0.090437,-0.037573,0,-5.59151,1.31755,0
-0.090695,-0.036126,0,-5.56551,1.38771,0
-0.090695,-0.036116,0,-5.56533,1.38789,0
-0.090695,-0.036115,0,-5.56533,1.38789,0
-0.090696,-0.036115,0,-5.56533,1.38789,0
-0.090696,-0.036116,0,-5.56516,1.38789,0
-0.090696,-0.036116,0,-5.56516,1.38789,0
-0.090696,-0.036116,0,-5.56516,1.38789,0
-0.090696,-0.036116,0,-5.56498,1.38789,0
-0.090696,-0.036116,0,-5.56498,1.38789,0
-0.090696,-0.036116,0,-5.56481,1.38789,0
-0.090696,-0.036116,0,-5.56481,1.38789,0
-0.090696,-0.036116,0,-5.56481,1.38789,0
-0.090696,-0.036116,0,-5.56463,1.38789,0
-0.090696,-0.036116,0,-5.56463,1.38789,0
-0.090696,-0.036116,0,-5.56463,1.38789,0
-0.090696,-0.036116,0,-5.56463,1.38789,0
-0.090696,-0.036116,0,-5.56446,1.38789,0
-0.090696,-0.036116,0,-5.56446,1.38789,0
-0.090696,-0.036116,0,-5.56428,1.38789,0
-0.090696,-0.036116,0,-5.56428,1.38789,0
-0.090696,-0.036116,0,-5.56411,1.38789,0
-0.090696,-0.036116,0,-5.56428,1.38789,0
-0.090696,-0.036116,0,-5.56394,1.38789,0
-0.090696,-0.036116,0,-5.56394,1.38789,0
-0.090696,-0.036116,0,-5.56376,1.38789,0
-0.090696,-0.036116,0,-5.56376,1.38789,0
-0.090696,-0.036116,0,-5.56359,1.38789,0
-0.090696,-0.036116,0,-5.56359,1.38789,0
-0.090915,-0.035099,0,-5.54264,1.4556,0
-0.090915,-0.035089,0,-5.54264,1.45578,0
-0.090916,-0.035091,0,-5.54264,1.45578,0
-0.090916,-0.035091,0,-5.54282,1.45595,0
-0.090917,-0.035091,0,-5.54282,1.45595,0
-0.090917,-0.035091,0,-5.54282,1.45595,0
-0.090918,-0.035091,0,-5.54264,1.45595,0
-0.090918,-0.035091,0,-5.54264,1.45595,0
-0.090919,-0.035091,0,-5.54282,1.45595,0
-0.090919,-0.035091,0,-5.54282,1.45595,0
-0.090921,-0.035091,0,-5.54299,1.45595,0
-0.090921,-0.035091,0,-5.54264,1.45595,0
-0.090921,-0.035091,0,-5.54264,1.45595,0
-0.090921,-0.035091,0,-5.54264,1.45595,0
-0.090921,-0.035091,0,-5.54264,1.45595,0
-0.090921,-0.035091,0,-5.54264,1.45595,0
-0.090921,-0.035091,0,-5.54264,1.45595,0
-0.090921,-0.035091,0,-5.54264,1.45595,0
-0.090921,-0.035091,0,-5.54264,1.45595,0
-0.090921,-0.035091,0,-5.54264,1.45595,0
-0.090921,-0.035091,0,-5.54264,1.45595,0
-0.090921,-0.035091,0,-5.54264,1.45595,0
-0.090921,-0.035091,0,-5.54264,1.45595,0
-0.090921,-0.035091,0,-5.54264,1.45595,0
-0.090921,-0.035091,0,-5.54264,1.45595,0
-0.090921,-0.035091,0,-5.54264,1.45595,0
-0.090921,-0.035091,0,-5.54264,1.45595,0
-0.090921,-0.035091,0,-5.54264,1.45595,0
-0.090921,-0.035091,0,-5.54247,1.45595,0
-0.090921,-0.035091,0,-5.54264,1.45595,0
-0.091065,-0.03408,0,-5.52484,1.52332,0
-0.091065,-0.034068,0,-5.52501,1.52332,0
-0.091065,-0.034068,0,-5.52484,1.52332,0
-0.091065,-0.034068,0,-5.52484,1.52332,0
-0.091065,-0.034068,0,-5.52501,1.52332,0
-0.091065,-0.034068,0,-5.52467,1.52332,0
-0.091065,-0.034068,0,-5.52467,1.52332,0
-0.091065,-0.034068,0,-5.52467,1.52332,0
-0.091065,-0.034068,0,-5.52467,1.52332,0
-0.091065,-0.034068,0,-5.52467,1.52332,0
-0.091065,-0.034068,0,-5.52449,1.52332,0
-0.091065,-0.034068,0,-5.52467,1.52332,0
-0.091065,-0.034068,0,-5.52467,1.52332,0
-0.091065,-0.034068,0,-5.52449,1.52332,0
-0.091065,-0.034068,0,-5.52449,1.52332,0
-0.091065,-0.034068,0,-5.52432,1.52332,0
-0.091065,-0.034068,0,-5.52449,1.52332,0
-0.091065,-0.034068,0,-5.52414,1.52332,0
-0.091065,-0.034068,0,-5.52449,1.52332,0
-0.091065,-0.034068,0,-5.52414,1.52332,0
-0.091065,-0.034068,0,-5.52432,1.52332,0
-0.091065,-0.034068,0,-5.52432,1.52332,0
-0.091065,-0.034068,0,-5.52432,1.52332,0
-0.091065,-0.034068,0,-5.52414,1.52332,0
-0.091065,-0.034068,0,-5.52414,1.52332,0
-0.091065,-0.034068,0,-5.52414,1.52332,0
-0.091065,-0.034068,0,-5.52397,1.52332,0
-0.091065,-0.034068,0,-5.52414,1.52332,0
-0.091065,-0.034068,0,-5.52414,1.52332,0
-0.091065,-0.034068,0,-5.52414,1.52332,0
-0.091096,-0.033502,0,-5.50948,1.58947,0
-0.091096,-0.033491,0,-5.50948,1.58965,0
-0.091096,-0.03349,0,-5.50948,1.58999,0
-0.091096,-0.033491,0,-5.50948,1.58999,0
-0.091096,-0.033491,0,-5.50931,1.58999,0
-0.091096,-0.033491,0,-5.50931,1.58999,0
-0.091097,-0.033491,0,-5.50948,1.58999,0
-0.091097,-0.033491,0,-5.50948,1.58999,0
-0.091097,-0.033491,0,-5.50931,1.58999,0
-0.091097,-0.033491,0,-5.50931,1.58999,0
-0.091097,-0.033491,0,-5.50931,1.58999,0
-0.091097,-0.033491,0,-5.50913,1.58999,0
-0.091097,-0.033491,0,-5.50931,1.58999,0
-0.091097,-0.033491,0,-5.50913,1.58999,0
-0.091097,-0.033491,0,-5.50913,1.58999,0
-0.091097,-0.033491,0,-5.50913,1.58999,0
-0.091097,-0.033491,0,-5.50913,1.58999,0
-0.091097,-0.033491,0,-5.50931,1.58999,0
-0.091097,-0.033491,0,-5.50913,1.58999,0
-0.091097,-0.033491,0,-5.50931,1.58999,0
-0.091097,-0.033491,0,-5.50931,1.58999,0
-0.091097,-0.033491,0,-5.50948,1.58999,0
-0.091097,-0.033491,0,-5.50931,1.58999,0
-0.091097,-0.033491,0,-5.50931,1.58999,0
-0.091097,-0.033491,0,-5.50931,1.58999,0
-0.091097,-0.033491,0,-5.50931,1.58999,0
-0.091097,-0.033491,0,-5.50931,1.58999,0
-0.091097,-0.033491,0,-5.50931,1.58999,0
-0.091097,-0.033491,0,-5.50931,1.58999,0
-0.091097,-0.033491,0,-5.50913,1.58999,0
-0.091097,-0.033491,0,-5.50931,1.58999,0
-0.091042,-0.033159,0,-5.49569,1.65736,0
-0.091042,-0.033147,0,-5.49587,1.65771,0
-0.091041,-0.033147,0,-5.49569,1.65789,0
-0.091041,-0.033147,0,-5.49587,1.65789,0
-0.091041,-0.033147,0,-5.49552,1.65789,0
-0.091041,-0.033147,0,-5.49587,1.65789,0
-0.091041,-0.033147,0,-5.49569,1.65789,0
-0.091041,-0.033147,0,-5.49569,1.65789,0
-0.091041,-0.033147,0,-5.49569,1.65789,0
-0.091041,-0.033147,0,-5.49569,1.65789,0
-0.091041,-0.033147,0,-5.49569,1.65789,0
-0.091041,-0.033147,0,-5.49569,1.65789,0
-0.091041,-0.033147,0,-5.49569,1.65789,0
-0.091165,-0.032612,0,-5.48819,1.70676,0
-0.091166,-0.0326,0,-5.48819,1.70693,0
-0.091167,-0.0326,0,-5.48819,1.70711,0
-0.091167,-0.0326,0,-5.48801,1.70711,0
-0.091168,-0.0326,0,-5.48801,1.70711,0
-0.091168,-0.0326,0,-5.48819,1.70711,0
-0.091169,-0.0326,0,-5.48819,1.70711,0
-0.091169,-0.0326,0,-5.48819,1.70711,0
-0.091169,-0.0326,0,-5.48801,1.70711,0
-0.091169,-0.0326,0,-5.48801,1.70711,0
-0.09117,-0.0326,0,-5.48801,1.70711,0
-0.09117,-0.0326,0,-5.48801,1.70711,0
-0.09117,-0.0326,0,-5.48801,1.70711,0
-0.09117,-0.0326,0,-5.48801,1.70711,0
-0.091171,-0.0326,0,-5.48801,1.70711,0
-0.091171,-0.0326,0,-5.48801,1.70711,0
-0.091171,-0.0326,0,-5.48801,1.70711,0
-0.091171,-0.0326,0,-5.48819,1.70711,0
-0.091172,-0.0326,0,-5.48801,1.70711,0
-0.091172,-0.0326,0,-5.48801,1.70711,0
-0.091172,-0.0326,0,-5.48819,1.70711,0
-0.091172,-0.0326,0,-5.48801,1.70711,0
-0.091172,-0.0326,0,-5.48819,1.70711,0
-0.091172,-0.0326,0,-5.48801,1.70711,0
-0.091172,-0.0326,0,-5.48819,1.70711,0
-0.091172,-0.0326,0,-5.48819,1.70711,0
-0.091172,-0.0326,0,-5.48819,1.70711,0
-0.091172,-0.0326,0,-5.48819,1.70711,0
-0.091172,-0.0326,0,-5.48819,1.70711,0
-0.091172,-0.0326,0,-5.48819,1.70711,0
-0.091113,-0.032405,0,-5.4751,1.77779,0
-0.091111,-0.032394,0,-5.4751,1.77936,0
-0.091112,-0.032399,0,-5.4751,1.77954,0
-0.091112,-0.032397,0,-5.4751,1.77884,0
-0.091113,-0.032397,0,-5.4751,1.77884,0
-0.091113,-0.032397,0,-5.4751,1.77884,0
-0.091114,-0.032397,0,-5.4751,1.77884,0
-0.091114,-0.032397,0,-5.4751,1.77884,0
-0.091115,-0.032397,0,-5.47527,1.77884,0
-0.091115,-0.032397,0,-5.47527,1.77884,0
-0.091116,-0.032397,0,-5.47527,1.77884,0
-0.091116,-0.032397,0,-5.47527,1.77884,0
-0.091116,-0.032397,0,-5.47527,1.77884,0
-0.091116,-0.032397,0,-5.4751,1.77884,0
-0.091117,-0.032397,0,-5.4751,1.77884,0
-0.091108,-0.031413,0,-5.47108,1.82177,0
-0.091108,-0.031402,0,-5.47108,1.82177,0
-0.091108,-0.031402,0,-5.47126,1.82195,0
-0.091108,-0.031403,0,-5.47108,1.82195,0
-0.091108,-0.031403,0,-5.47108,1.82195,0
-0.091108,-0.031403,0,-5.47108,1.82195,0
-0.091108,-0.031403,0,-5.47108,1.82195,0
-0.091108,-0.031403,0,-5.47108,1.82195,0
-0.091108,-0.031403,0,-5.47108,1.82195,0
-0.091108,-0.031403,0,-5.47091,1.82195,0
-0.091108,-0.031403,0,-5.47108,1.82195,0
-0.091108,-0.031403,0,-5.47108,1.82195,0
-0.091108,-0.031403,0,-5.47091,1.82195,0
-0.091108,-0.031403,0,-5.47108,1.82195,0
-0.091108,-0.031403,0,-5.47108,1.82195,0
-0.091108,-0.031403,0,-5.47108,1.82195,0
-0.091108,-0.031403,0,-5.47108,1.82195,0
-0.091108,-0.031403,0,-5.47126,1.82195,0
-0.091108,-0.031403,0,-5.47091,1.82195,0
-0.091108,-0.031403,0,-5.47108,1.82195,0
-0.091108,-0.031403,0,-5.47108,1.82195,0
-0.091108,-0.031403,0,-5.47108,1.82195,0
-0.091108,-0.031403,0,-5.47108,1.82195,0
-0.091108,-0.031403,0,-5.47091,1.82195,0
-0.091108,-0.031403,0,-5.47091,1.82195,0
-0.091108,-0.031403,0,-5.47108,1.82195,0
-0.091108,-0.031403,0,-5.47091,1.82195,0
-0.091108,-0.031403,0,-5.47108,1.82195,0
-0.090957,-0.032598,0,-5.46061,1.90101,0
-0.090957,-0.032609,0,-5.46061,1.90101,0
-0.090957,-0.032606,0,-5.46061,1.90119,0
-0.090957,-0.032606,0,-5.46079,1.90119,0
-0.090957,-0.032608,0,-5.46061,1.90119,0
-0.090957,-0.032607,0,-5.46061,1.90119,0
-0.090957,-0.032607,0,-5.46061,1.90119,0
-0.090957,-0.032607,0,-5.46061,1.90119,0
-0.090957,-0.032607,0,-5.46079,1.90119,0
-0.090957,-0.032607,0,-5.46079,1.90119,0
-0.090957,-0.032607,0,-5.46079,1.90119,0
-0.090957,-0.032607,0,-5.46061,1.90119,0
-0.090352,-0.033397,0,-5.45363,1.95355,0
-0.090347,-0.033406,0,-5.45363,1.95355,0
-0.090346,-0.033408,0,-5.45363,1.95372,0
-0.090346,-0.033407,0,-5.45346,1.95372,0
-0.090347,-0.033407,0,-5.45363,1.95372,0
-0.090347,-0.033407,0,-5.45346,1.95372,0
-0.090347,-0.033407,0,-5.45346,1.95372,0
-0.090347,-0.033407,0,-5.45346,1.95372,0
-0.090347,-0.033407,0,-5.45346,1.95372,0
-0.090347,-0.033407,0,-5.45328,1.95372,0
-0.090347,-0.033407,0,-5.45328,1.95372,0
-0.090167,-0.033718,0,-5.44211,2.00905,0
-0.09016,-0.033732,0,-5.44211,2.00975,0
-0.090162,-0.033731,0,-5.44194,2.01027,0
-0.090162,-0.033731,0,-5.44194,2.00992,0
-0.090161,-0.033731,0,-5.44176,2.00992,0
-0.090161,-0.033731,0,-5.44194,2.00992,0
-0.090161,-0.033731,0,-5.44159,2.00992,0
-0.090161,-0.033731,0,-5.44176,2.00992,0
-0.090161,-0.033731,0,-5.44176,2.00992,0
-0.090161,-0.033731,0,-5.44176,2.00992,0
-0.090161,-0.033731,0,-5.44176,2.00992,0
-0.090161,-0.033731,0,-5.44176,2.00992,0
-0.090161,-0.033731,0,-5.44176,2.00992,0
-0.089962,-0.034793,0,-5.42815,2.06996,0
-0.089961,-0.034804,0,-5.42797,2.06996,0
-0.089961,-0.034802,0,-5.42815,2.07014,0
-0.089961,-0.034803,0,-5.42797,2.07014,0
-0.089961,-0.034803,0,-5.42815,2.07014,0
-0.089961,-0.034803,0,-5.42815,2.07014,0
-0.089961,-0.034803,0,-5.4278,2.07014,0
-0.089961,-0.034803,0,-5.42815,2.07014,0
-0.089961,-0.034803,0,-5.42797,2.07014,0
-0.089961,-0.034803,0,-5.42815,2.07014,0
-0.089961,-0.034803,0,-5.42815,2.07014,0
-0.089961,-0.034803,0,-5.42815,2.07014,0
-0.089961,-0.034803,0,-5.42815,2.07014,0
-0.089961,-0.034803,0,-5.42797,2.07014,0
-0.089961,-0.034803,0,-5.42815,2.07014,0
-0.089961,-0.034803,0,-5.42797,2.07014,0
-0.089961,-0.034803,0,-5.42815,2.07014,0
-0.089961,-0.034803,0,-5.42815,2.07014,0
-0.089961,-0.034803,0,-5.42797,2.07014,0
-0.089961,-0.034803,0,-5.42797,2.07014,0
-0.089961,-0.034803,0,-5.42815,2.07014,0
-0.089961,-0.034803,0,-5.42797,2.07014,0
-0.089961,-0.034803,0,-5.42797,2.07014,0
-0.089961,-0.034803,0,-5.42815,2.07014,0
-0.089961,-0.034803,0,-5.42815,2.07014,0
-0.089961,-0.034803,0,-5.42832,2.07014,0
-0.089961,-0.034803,0,-5.42832,2.07014,0
-0.089961,-0.034803,0,-5.42832,2.07014,0
-0.089961,-0.034803,0,-5.42832,2.07014,0
-0.089961,-0.034803,0,-5.42832,2.07014,0
-0.089547,-0.035551,0,-5.39848,2.15705,0
-0.089544,-0.035555,0,-5.39848,2.15723,0
-0.089545,-0.035555,0,-5.39848,2.15723,0
-0.089545,-0.035554,0,-5.3983,2.1574,0
-0.089545,-0.035554,0,-5.39865,2.1574,0
-0.089545,-0.035554,0,-5.3983,2.1574,0
-0.089545,-0.035554,0,-5.39813,2.1574,0
-0.089545,-0.035554,0,-5.3983,2.1574,0
-0.089545,-0.035554,0,-5.39813,2.1574,0
-0.089545,-0.035554,0,-5.39848,2.1574,0
-0.089545,-0.035554,0,-5.3983,2.1574,0
-0.089545,-0.035554,0,-5.39865,2.1574,0
-0.089545,-0.035554,0,-5.39848,2.1574,0
-0.089545,-0.035554,0,-5.39883,2.1574,0
-0.089545,-0.035554,0,-5.39883,2.1574,0
-0.089545,-0.035554,0,-5.39883,2.1574,0
-0.089545,-0.035554,0,-5.39883,2.1574,0
-0.089545,-0.035554,0,-5.39883,2.1574,0
-0.089545,-0.035554,0,-5.399,2.1574,0
-0.089545,-0.035554,0,-5.399,2.1574,0
-0.089545,-0.035554,0,-5.39883,2.1574,0
-0.089545,-0.035554,0,-5.39883,2.1574,0
-0.089545,-0.035554,0,-5.399,2.1574,0
-0.089545,-0.035554,0,-5.399,2.1574,0
-0.089545,-0.035554,0,-5.399,2.1574,0
-0.089545,-0.035554,0,-5.399,2.1574,0
-0.089545,-0.035554,0,-5.399,2.1574,0
-0.089545,-0.035554,0,-5.399,2.1574,0
-0.089545,-0.035554,0,-5.399,2.1574,0
-0.089095,-0.037235,0,-5.35572,2.25706,0
-0.089094,-0.037237,0,-5.35589,2.25723,0
-0.089094,-0.037237,0,-5.35607,2.25723,0
-0.089131,-0.037185,0,-5.36252,2.24955,0
-0.089127,-0.037185,0,-5.36008,2.2513,0
-0.089126,-0.037187,0,-5.36043,2.2513,0
-0.089126,-0.037187,0,-5.3606,2.2513,0
-0.089127,-0.037186,0,-5.3606,2.25113,0
-0.089127,-0.037186,0,-5.3606,2.25113,0
-0.089127,-0.037187,0,-5.3606,2.25113,0
-0.089127,-0.037187,0,-5.3606,2.25113,0
-0.089127,-0.037187,0,-5.3606,2.25113,0
-0.089127,-0.037187,0,-5.3606,2.25113,0
-0.089127,-0.037187,0,-5.3606,2.25113,0
-0.089127,-0.037187,0,-5.3606,2.25113,0
-0.089127,-0.037187,0,-5.3606,2.25113,0
-0.089127,-0.037187,0,-5.3606,2.25113,0
-0.089127,-0.037187,0,-5.3606,2.25113,0
-0.089127,-0.037187,0,-5.3606,2.25113,0
-0.089127,-0.037187,0,-5.3606,2.25113,0
-0.089127,-0.037187,0,-5.3606,2.25113,0
-0.089127,-0.037187,0,-5.3606,2.25113,0
-0.089127,-0.037187,0,-5.3606,2.25113,0
-0.089127,-0.037187,0,-5.3606,2.25113,0
-0.089127,-0.037187,0,-5.3606,2.25113,0
-0.089127,-0.037187,0,-5.36078,2.25113,0
-0.089127,-0.037187,0,-5.3606,2.25113,0
-0.088603,-0.038318,0,-5.31348,2.33036,0
-0.088602,-0.038321,0,-5.31365,2.33054,0
-0.088602,-0.038321,0,-5.31348,2.33054,0
-0.088602,-0.03832,0,-5.31365,2.33054,0
-0.088602,-0.03832,0,-5.31365,2.33071,0
-0.088602,-0.03832,0,-5.31365,2.33071,0
-0.088602,-0.03832,0,-5.31365,2.33071,0
-0.088602,-0.03832,0,-5.31365,2.33071,0
-0.088602,-0.03832,0,-5.31348,2.33071,0
-0.088602,-0.03832,0,-5.31348,2.33071,0
-0.088602,-0.03832,0,-5.31348,2.33071,0
-0.088602,-0.03832,0,-5.31348,2.33071,0
-0.088602,-0.03832,0,-5.31331,2.33071,0
-0.088602,-0.03832,0,-5.31348,2.33071,0
-0.088602,-0.03832,0,-5.31331,2.33071,0
-0.088602,-0.03832,0,-5.31348,2.33071,0
-0.088602,-0.03832,0,-5.31331,2.33071,0
-0.088602,-0.03832,0,-5.31331,2.33071,0
-0.088602,-0.03832,0,-5.31331,2.33071,0
-0.088602,-0.03832,0,-5.31331,2.33071,0
-0.088602,-0.03832,0,-5.31348,2.33071,0
-0.088602,-0.03832,0,-5.31331,2.33071,0
-0.088602,-0.03832,0,-5.31313,2.33071,0
-0.088602,-0.03832,0,-5.31365,2.33071,0
-0.088602,-0.03832,0,-5.31331,2.33071,0
-0.087933,-0.040176,0,-5.24663,2.41693,0
-0.087932,-0.04019,0,-5.24663,2.41693,0
-0.087916,-0.040654,0,-5.29463,2.37592,0
-0.087915,-0.040657,0,-5.29481,2.37557,0
-0.087915,-0.040657,0,-5.29481,2.37557,0
-0.087915,-0.040656,0,-5.29481,2.37557,0
-0.087915,-0.040656,0,-5.29481,2.37557,0
-0.087915,-0.040656,0,-5.29498,2.37557,0
-0.087915,-0.040656,0,-5.29498,2.37557,0
-0.087476,-0.042258,0,-5.23389,2.4288,0
-0.087475,-0.042263,0,-5.23389,2.4288,0
-0.087475,-0.042262,0,-5.23389,2.4288,0
-0.087477,-0.042262,0,-5.23389,2.4288,0
-0.087477,-0.042262,0,-5.23389,2.4288,0
-0.087477,-0.042262,0,-5.23389,2.4288,0
-0.087477,-0.042262,0,-5.23389,2.4288,0
-0.087477,-0.042262,0,-5.23372,2.4288,0
-0.087477,-0.042262,0,-5.23389,2.4288,0
-0.087477,-0.042262,0,-5.23372,2.4288,0
-0.087477,-0.042262,0,-5.23389,2.4288,0
-0.087041,-0.043718,0,-5.16617,2.47575,0
-0.08704,-0.043728,0,-5.166,2.47575,0
-0.08704,-0.043726,0,-5.166,2.47592,0
-0.08704,-0.043726,0,-5.16617,2.47592,0
-0.08704,-0.043727,0,-5.16617,2.47592,0
-0.08704,-0.043727,0,-5.16617,2.47592,0
-0.08704,-0.043727,0,-5.16635,2.47592,0
-0.08704,-0.043727,0,-5.16617,2.47592,0
-0.08704,-0.043727,0,-5.16635,2.47592,0
-0.08704,-0.043727,0,-5.16635,2.47592,0
-0.08704,-0.043727,0,-5.16635,2.47592,0
-0.08704,-0.043727,0,-5.16635,2.47592,0
-0.08704,-0.043727,0,-5.16635,2.47592,0
-0.08704,-0.043727,0,-5.16635,2.47592,0
-0.08704,-0.043727,0,-5.16635,2.47592,0
-0.08704,-0.043727,0,-5.16635,2.47592,0
-0.08704,-0.043727,0,-5.16617,2.47592,0
-0.08704,-0.043727,0,-5.16635,2.47592,0
-0.086824,-0.045041,0,-5.10142,2.5138,0
-0.086824,-0.045051,0,-5.1016,2.5138,0
-0.086824,-0.045051,0,-5.1016,2.5138,0
-0.086824,-0.045051,0,-5.1016,2.5138,0
-0.086747,-0.045096,0,-5.09078,2.52043,0
-0.086739,-0.0451,0,-5.09444,2.51799,0
-0.086742,-0.045099,0,-5.09409,2.51834,0
-0.086741,-0.045099,0,-5.09409,2.51834,0
-0.086741,-0.045101,0,-5.09409,2.51834,0
-0.086741,-0.045101,0,-5.09409,2.51834,0
-0.086741,-0.0451,0,-5.09409,2.51834,0
-0.086741,-0.045101,0,-5.09409,2.51834,0
-0.086741,-0.045101,0,-5.09409,2.51834,0
-0.086741,-0.045102,0,-5.09409,2.51834,0
-0.086741,-0.045102,0,-5.09409,2.51834,0
-0.086741,-0.045102,0,-5.09409,2.51834,0
-0.086741,-0.045102,0,-5.09409,2.51834,0
-0.086741,-0.045103,0,-5.09409,2.51834,0
-0.086741,-0.045103,0,-5.09409,2.51834,0
-0.086232,-0.046383,0,-5.00683,2.56319,0
-0.086232,-0.046396,0,-5.007,2.56319,0
-0.08623,-0.046396,0,-5.00683,2.56337,0
-0.086231,-0.046396,0,-5.00683,2.56337,0
-0.086231,-0.046396,0,-5.00665,2.56337,0
-0.086121,-0.047259,0,-5.03091,2.54958,0
-0.086121,-0.047274,0,-5.03126,2.54958,0
-0.086198,-0.047366,0,-5.03632,2.54556,0
-0.086204,-0.047374,0,-5.03562,2.54696,0
-0.086202,-0.04737,0,-5.03545,2.54696,0
-0.086202,-0.047371,0,-5.03545,2.54696,0
-0.086203,-0.047372,0,-5.0351,2.54696,0
-0.086203,-0.047371,0,-5.0351,2.54696,0
-0.086204,-0.047371,0,-5.03493,2.54696,0
-0.086204,-0.047371,0,-5.03493,2.54696,0
-0.086204,-0.047371,0,-5.03475,2.54696,0
-0.086204,-0.047371,0,-5.03475,2.54696,0
-0.086204,-0.047371,0,-5.03458,2.54696,0
-0.086204,-0.047371,0,-5.03458,2.54696,0
-0.086204,-0.047371,0,-5.03458,2.54696,0
-0.086204,-0.047371,0,-5.03458,2.54696,0
-0.086204,-0.047371,0,-5.03458,2.54696,0
-0.086204,-0.047371,0,-5.03458,2.54696,0
-0.085708,-0.047821,0,-4.95115,2.57942,0
-0.085696,-0.047828,0,-4.9508,2.5796,0
-0.085582,-0.047919,0,-4.94277,2.58379,0
-0.085573,-0.047926,0,-4.94382,2.58221,0
-0.085576,-0.047924,0,-4.94399,2.58239,0
-0.085575,-0.047924,0,-4.94382,2.58239,0
-0.085575,-0.047925,0,-4.94382,2.58239,0
-0.085575,-0.047925,0,-4.94382,2.58239,0
-0.085575,-0.047925,0,-4.94382,2.58239,0
-0.085575,-0.047925,0,-4.94382,2.58239,0
-0.085575,-0.047925,0,-4.94382,2.58239,0
-0.085575,-0.047925,0,-4.94365,2.58239,0
-0.08539,-0.048556,0,-4.89303,2.60002,0
-0.085389,-0.048567,0,-4.89303,2.60002,0
-0.085389,-0.048566,0,-4.89286,2.60019,0
-0.085389,-0.048566,0,-4.89286,2.60019,0
-0.085389,-0.048566,0,-4.89286,2.60019,0
-0.085389,-0.048566,0,-4.89286,2.60019,0
-0.085389,-0.048566,0,-4.89286,2.60019,0
-0.085389,-0.048566,0,-4.89286,2.60019,0
-0.085389,-0.048566,0,-4.89286,2.60019,0
-0.085389,-0.048566,0,-4.89268,2.60019,0
-0.085389,-0.048566,0,-4.89286,2.60019,0
-0.085389,-0.048566,0,-4.89268,2.60019,0
-0.08515,-0.04904,0,-4.8192,2.62585,0
-0.085147,-0.049044,0,-4.81903,2.62602,0
-0.085147,-0.049043,0,-4.81903,2.62602,0
-0.085149,-0.049042,0,-4.81903,2.62602,0
-0.085149,-0.049042,0,-4.81903,2.62602,0
-0.085149,-0.049043,0,-4.81903,2.62602,0
-0.085149,-0.049043,0,-4.81903,2.62602,0
-0.085149,-0.049044,0,-4.81903,2.62602,0
-0.085149,-0.049044,0,-4.81903,2.62602,0
-0.085149,-0.049044,0,-4.81903,2.62602,0
-0.085149,-0.049044,0,-4.81903,2.62602,0
-0.085149,-0.049044,0,-4.81903,2.62602,0
-0.085149,-0.049044,0,-4.8192,2.62602,0
-0.085149,-0.049044,0,-4.81903,2.62602,0
-0.085149,-0.049044,0,-4.81903,2.62602,0
-0.085149,-0.049044,0,-4.81903,2.62602,0
-0.085149,-0.049044,0,-4.81903,2.62602,0
-0.085149,-0.049044,0,-4.81903,2.62602,0
-0.085149,-0.049044,0,-4.81903,2.62602,0
-0.085149,-0.049044,0,-4.81903,2.62602,0
-0.085149,-0.049044,0,-4.8192,2.62602,0
-0.085232,-0.049029,0,-4.81048,2.62934,0
-0.085243,-0.049032,0,-4.81327,2.62847,0
-0.085241,-0.049033,0,-4.81309,2.62829,0
-0.085241,-0.049033,0,-4.81292,2.62829,0
-0.085242,-0.049032,0,-4.81292,2.62864,0
-0.085242,-0.049032,0,-4.81292,2.62864,0
-0.085242,-0.049032,0,-4.81275,2.62864,0
-0.085242,-0.049032,0,-4.81275,2.62864,0
-0.085779,-0.048188,0,-4.78901,2.63318,0
-0.085783,-0.048178,0,-4.78901,2.63318,0
-0.085784,-0.048177,0,-4.78901,2.63318,0
-0.085784,-0.048177,0,-4.78901,2.63318,0
-0.085784,-0.048178,0,-4.78901,2.63318,0
-0.085785,-0.048178,0,-4.78901,2.63318,0
-0.085785,-0.048178,0,-4.78901,2.63318,0
-0.085785,-0.048178,0,-4.78901,2.63318,0
-0.085785,-0.048178,0,-4.78901,2.63318,0
-0.085785,-0.048178,0,-4.78901,2.63318,0
-0.085786,-0.048178,0,-4.78918,2.63318,0
-0.085786,-0.048178,0,-4.78901,2.63318,0
-0.085787,-0.048178,0,-4.78918,2.63318,0
-0.085787,-0.048178,0,-4.78901,2.63318,0
-0.086536,-0.04647,0,-4.77976,2.6337,0
-0.086537,-0.046456,0,-4.77976,2.6337,0
-0.086521,-0.046392,0,-4.77854,2.63492,0
-0.086524,-0.046389,0,-4.77889,2.63492,0
-0.086525,-0.046392,0,-4.77889,2.6344,0
-0.086524,-0.04639,0,-4.77889,2.6344,0
-0.086524,-0.046391,0,-4.77889,2.63457,0
-0.086524,-0.046391,0,-4.77889,2.63457,0
-0.086655,-0.044534,0,-4.75951,2.64487,0
-0.086655,-0.044523,0,-4.75951,2.64505,0
-0.086656,-0.044523,0,-4.75951,2.64505,0
-0.086656,-0.044524,0,-4.75951,2.64505,0
-0.086656,-0.044524,0,-4.75951,2.64505,0
-0.086656,-0.044524,0,-4.75951,2.64505,0
-0.086656,-0.044524,0,-4.75951,2.64505,0
-0.086656,-0.044524,0,-4.75951,2.64505,0
-0.086656,-0.044524,0,-4.75951,2.64505,0
-0.086656,-0.044524,0,-4.75951,2.64505,0
-0.086656,-0.044524,0,-4.75951,2.64505,0
-0.086656,-0.044524,0,-4.75951,2.64505,0
-0.08674,-0.043044,0,-4.74956,2.65203,0
-0.08674,-0.043033,0,-4.74956,2.65203,0
-0.08674,-0.043035,0,-4.74939,2.65203,0
-0.08674,-0.043035,0,-4.74904,2.65203,0
-0.08674,-0.043035,0,-4.74922,2.65203,0
-0.08674,-0.043035,0,-4.74887,2.65203,0
-0.08674,-0.043035,0,-4.74887,2.65203,0
-0.08674,-0.043035,0,-4.74887,2.65203,0
-0.08674,-0.043035,0,-4.74887,2.65203,0
-0.08674,-0.043035,0,-4.74887,2.65203,0
-0.08674,-0.043035,0,-4.74887,2.65203,0
-0.087003,-0.041277,0,-4.72967,2.66843,0
-0.087003,-0.041267,0,-4.72967,2.66843,0
-0.087004,-0.041266,0,-4.72967,2.66843,0
-0.087004,-0.041266,0,-4.72967,2.66843,0
-0.087005,-0.041267,0,-4.72984,2.66843,0
-0.087005,-0.041267,0,-4.72984,2.66843,0
-0.087006,-0.041267,0,-4.73002,2.66843,0
-0.087006,-0.041267,0,-4.73002,2.66843,0
-0.087007,-0.041267,0,-4.73002,2.66843,0
-0.087007,-0.041267,0,-4.73002,2.66843,0
-0.087399,-0.038786,0,-4.74031,2.65814,0
-0.087399,-0.038776,0,-4.74031,2.65814,0
-0.087399,-0.038776,0,-4.74031,2.65814,0
-0.087399,-0.038776,0,-4.74031,2.65814,0
-0.087399,-0.038776,0,-4.74014,2.65814,0
-0.087399,-0.038776,0,-4.74014,2.65814,0
-0.087399,-0.038776,0,-4.74031,2.65814,0
-0.087399,-0.038776,0,-4.74014,2.65814,0
-0.087399,-0.038776,0,-4.74014,2.65814,0
-0.087399,-0.038776,0,-4.74014,2.65814,0
-0.087746,-0.035578,0,-4.74084,2.66128,0
-0.087746,-0.035569,0,-4.74084,2.66128,0
-0.087838,-0.033872,0,-4.73997,2.67454,0
-0.088339,-0.032182,0,-4.73211,2.71207,0
-0.08834,-0.032171,0,-4.73194,2.71207,0
-0.088341,-0.032174,0,-4.73176,2.71207,0
-0.088341,-0.032173,0,-4.73211,2.71207,0
-0.088341,-0.032173,0,-4.73194,2.71207,0
-0.088341,-0.032173,0,-4.73194,2.71207,0
-0.088341,-0.032173,0,-4.73211,2.71207,0
-0.088341,-0.032173,0,-4.73211,2.71207,0
-0.088341,-0.032173,0,-4.73211,2.71207,0
-0.088341,-0.032173,0,-4.73211,2.71207,0
-0.088901,-0.031128,0,-4.73857,2.72394,0
-0.088903,-0.031116,0,-4.73857,2.72394,0
-0.088904,-0.031116,0,-4.73839,2.72394,0
-0.088903,-0.031117,0,-4.73839,2.72394,0
-0.088903,-0.031117,0,-4.73857,2.72394,0
-0.088903,-0.031117,0,-4.73857,2.72394,0
-0.088903,-0.031117,0,-4.73857,2.72394,0
-0.088903,-0.031117,0,-4.73857,2.72394,0
-0.088903,-0.031117,0,-4.73892,2.72394,0
-0.088903,-0.031117,0,-4.73857,2.72394,0
-0.088903,-0.031117,0,-4.73874,2.72394,0
-0.088903,-0.031117,0,-4.73874,2.72394,0
-0.08905,-0.030602,0,-4.74346,2.74767,0
-0.089052,-0.030589,0,-4.74328,2.74767,0
-0.089281,-0.030078,0,-4.79669,2.74383,0
-0.089287,-0.030053,0,-4.79739,2.74383,0
-0.089377,-0.030014,0,-4.83317,2.7447,0
-0.089378,-0.030014,0,-4.83002,2.7447,0
-0.089323,-0.030003,0,-4.86476,2.75832,0
-0.089311,-0.030002,0,-4.87017,2.75954,0
-0.089312,-0.030001,0,-5.16286,2.8208,0
-0.089387,-0.030001,0,-5.47527,2.88276,0
-0.089388,-0.030001,0,-5.47754,2.88276,0
-0.089147,-0.030001,0,-5.48644,2.94053,0
-0.089134,-0.030001,0,-5.48662,2.9414,0
-0.089133,-0.030001,0,-5.48662,2.94158,0
-0.089133,-0.030001,0,-5.48679,2.94158,0
-0.089161,-0.030001,0,-5.53584,2.96985,0
-0.089156,-0.030001,0,-5.53671,2.97038,0
-0.089136,-0.030001,0,-5.62659,2.9997,0
-0.089136,-0.030001,0,-5.62904,3.00005,0
-0.089252,-0.032746,0,-5.78577,3.09726,0
-0.089252,-0.032758,0,-5.78577,3.09726,0
-0.089252,-0.032758,0,-5.78577,3.09726,0
-0.089252,-0.032758,0,-5.78577,3.09726,0
-0.089252,-0.032758,0,-5.78594,3.09726,0
-0.089252,-0.032758,0,-5.78577,3.09726,0
-0.089252,-0.032758,0,-5.78594,3.09726,0
-0.089252,-0.032758,0,-5.78594,3.09726,0
-0.089252,-0.032758,0,-5.78594,3.09726,0
-0.089252,-0.032758,0,-5.78594,3.09726,0
-0.089252,-0.032758,0,-5.78594,3.09726,0
-0.089252,-0.032758,0,-5.78594,3.09726,0
-0.089252,-0.032758,0,-5.78594,3.09726,0
-0.089253,-0.032758,0,-5.78594,3.09726,0
-0.089253,-0.032758,0,-5.78594,3.09726,0
-0.089253,-0.032758,0,-5.78594,3.09726,0
-0.089253,-0.032758,0,-5.78594,3.09726,0
-0.089253,-0.032758,0,-5.78594,3.09726,0
-0.089254,-0.032758,0,-5.78594,3.09726,0
-0.089063,-0.030717,0,-5.78088,3.12222,0
-0.089063,-0.030707,0,-5.78088,3.12222,0
-0.089063,-0.03071,0,-5.78088,3.12222,0
-0.089063,-0.03071,0,-5.78088,3.12222,0
-0.089063,-0.030709,0,-5.78088,3.12222,0
-0.089063,-0.030709,0,-5.78071,3.12222,0
-0.089063,-0.030709,0,-5.78088,3.12222,0
-0.089063,-0.030709,0,-5.78071,3.12222,0
-0.089722,-0.034259,0,-5.78908,3.19238,0
-0.089723,-0.034263,0,-5.78908,3.19238,0
-0.089723,-0.034263,0,-5.78908,3.19238,0
-0.089723,-0.034261,0,-5.78908,3.19238,0
-0.089724,-0.034261,0,-5.78908,3.19238,0
-0.089724,-0.034262,0,-5.78908,3.19238,0
-0.089725,-0.034262,0,-5.78908,3.19238,0
-0.089725,-0.034262,0,-5.78908,3.19238,0
-0.089725,-0.034262,0,-5.78908,3.19238,0
-0.089726,-0.034262,0,-5.78908,3.19238,0
-0.089059,-0.034262,0,-5.81195,3.26621,0
-0.089045,-0.034255,0,-5.81195,3.26638,0
-0.088499,-0.033503,0,-5.81544,3.29413,0
-0.088492,-0.03349,0,-5.81544,3.29413,0
-0.089157,-0.036146,0,-5.81997,3.32799,0
-0.089157,-0.036162,0,-5.81997,3.32799,0
-0.089119,-0.036269,0,-5.81945,3.32974,0
-0.089124,-0.036286,0,-5.81963,3.32922,0
-0.089103,-0.036285,0,-5.81893,3.33114,0
-0.089103,-0.036285,0,-5.8191,3.33061,0
-0.089105,-0.036286,0,-5.8191,3.33009,0
-0.089105,-0.036286,0,-5.8191,3.33026,0
-0.089104,-0.036285,0,-5.8191,3.33061,0
-0.089104,-0.036285,0,-5.8191,3.33061,0
-0.089104,-0.036285,0,-5.8191,3.33061,0
-0.089104,-0.036285,0,-5.8191,3.33061,0
-0.089104,-0.036285,0,-5.8191,3.33061,0
-0.089105,-0.036285,0,-5.8191,3.33061,0
-0.088948,-0.036412,0,-5.84057,3.39589,0
-0.088929,-0.036419,0,-5.84092,3.39955,0
-0.088917,-0.036422,0,-5.84127,3.4013,0
-0.088955,-0.037458,0,-5.85453,3.4486,0
-0.088955,-0.037472,0,-5.85453,3.4486,0
-0.088951,-0.038955,0,-5.85174,3.44319,0
-0.088951,-0.038966,0,-5.85191,3.44319,0
-0.088951,-0.038965,0,-5.85174,3.44319,0
-0.089038,-0.037466,0,-5.85436,3.45226,0
-0.089038,-0.037455,0,-5.85436,3.45226,0
-0.089038,-0.037458,0,-5.85453,3.45226,0
-0.089038,-0.037457,0,-5.85453,3.45226,0
-0.089038,-0.037457,0,-5.85453,3.45226,0
-0.089038,-0.037457,0,-5.85453,3.45244,0
-0.089038,-0.037457,0,-5.85453,3.45244,0
-0.089039,-0.037457,0,-5.85453,3.45244,0
-0.089039,-0.037457,0,-5.85453,3.45244,0
-0.089039,-0.037457,0,-5.85453,3.45244,0
-0.089039,-0.037457,0,-5.85453,3.45244,0
-0.089039,-0.037457,0,-5.85453,3.45244,0
-0.089039,-0.037457,0,-5.85453,3.45244,0
-0.089355,-0.036638,0,-5.86623,3.49328,0
-0.089356,-0.036626,0,-5.86623,3.49328,0
-0.089356,-0.036625,0,-5.86605,3.49345,0
-0.089356,-0.036625,0,-5.86605,3.49345,0
-0.089355,-0.036626,0,-5.86605,3.49345,0
-0.089355,-0.036626,0,-5.86605,3.49345,0
-0.089355,-0.036626,0,-5.86605,3.49345,0
-0.089355,-0.036626,0,-5.86605,3.49345,0
-0.089355,-0.036626,0,-5.86605,3.49345,0
-0.089355,-0.036626,0,-5.86605,3.49345,0
-0.089355,-0.036626,0,-5.86605,3.49345,0
-0.089355,-0.036626,0,-5.86605,3.49345,0
-0.089355,-0.036626,0,-5.86605,3.49345,0
-0.089427,-0.036041,0,-5.87705,3.53447,0
-0.089427,-0.036029,0,-5.87705,3.53464,0
-0.089428,-0.036031,0,-5.87722,3.53482,0
-0.089428,-0.03603,0,-5.87722,3.53482,0
-0.089428,-0.03603,0,-5.87705,3.53482,0
-0.089428,-0.03603,0,-5.87705,3.53482,0
-0.089428,-0.03603,0,-5.87705,3.53482,0
-0.089428,-0.03603,0,-5.87705,3.53482,0
-0.089428,-0.03603,0,-5.87705,3.53482,0
-0.089428,-0.03603,0,-5.87705,3.53482,0
-0.089428,-0.03603,0,-5.87722,3.53482,0
-0.089428,-0.03603,0,-5.87705,3.53482,0
-0.089428,-0.03603,0,-5.87722,3.53482,0
-0.089547,-0.035719,0,-5.9048,3.57374,0
-0.08956,-0.035712,0,-5.9048,3.57705,0
-0.089573,-0.035633,0,-5.90829,3.58683,0
-0.08957,-0.035624,0,-5.90689,3.58403,0
-0.08957,-0.035627,0,-5.90689,3.58386,0
-0.08957,-0.035627,0,-5.90707,3.58403,0
-0.08957,-0.035626,0,-5.90689,3.58403,0
-0.08957,-0.035626,0,-5.90689,3.58403,0
-0.089589,-0.03555,0,-5.92452,3.62767,0
-0.089593,-0.035539,0,-5.92557,3.63168,0
-0.089685,-0.035464,0,-5.92888,3.6425,0
-0.089699,-0.035454,0,-5.92749,3.63884,0
-0.089757,-0.035505,0,-5.92836,3.64058,0
-0.089762,-0.035508,0,-5.92819,3.64006,0
-0.08976,-0.035506,0,-5.92819,3.63971,0
-0.08976,-0.035506,0,-5.92819,3.63971,0
-0.089761,-0.035507,0,-5.92819,3.64006,0
-0.089761,-0.035507,0,-5.92819,3.64006,0
-0.089761,-0.035507,0,-5.92836,3.64006,0
-0.089761,-0.035507,0,-5.92836,3.64006,0
-0.089761,-0.035507,0,-5.92819,3.64006,0
-0.089761,-0.035507,0,-5.92819,3.64006,0
-0.089761,-0.035507,0,-5.92819,3.64006,0
-0.089761,-0.035507,0,-5.92836,3.64006,0
-0.089761,-0.035507,0,-5.92836,3.64006,0
-0.089761,-0.035507,0,-5.92836,3.64006,0
-0.089761,-0.035507,0,-5.92836,3.64006,0
-0.089761,-0.035507,0,-5.92836,3.64006,0
-0.089761,-0.035507,0,-5.92836,3.64006,0
-0.089761,-0.035507,0,-5.92836,3.64006,0
-0.089761,-0.035507,0,-5.92836,3.64006,0
-0.089761,-0.035507,0,-5.92836,3.64006,0
-0.089761,-0.035507,0,-5.92836,3.64006,0
-0.089761,-0.035507,0,-5.92836,3.64006,0
-0.089761,-0.035507,0,-5.92836,3.64006,0
-0.089761,-0.035507,0,-5.92836,3.64006,0
-0.089761,-0.035507,0,-5.92836,3.64006,0
-0.089761,-0.035507,0,-5.92836,3.64006,0
-0.089761,-0.035507,0,-5.92836,3.64006,0
-0.089761,-0.035507,0,-5.92836,3.64006,0
-0.089372,-0.034008,0,-5.95576,3.7069,0
-0.089372,-0.033995,0,-5.95576,3.70708,0
-0.089625,-0.031534,0,-5.97374,3.75001,0
-0.089566,-0.030049,0,-6.0926,3.72052,0
-0.089566,-0.030033,0,-6.0926,3.72052,0
-0.089618,-0.030031,0,-6.09923,3.72034,0
-0.089602,-0.030032,0,-6.09766,3.72034,0
-0.089816,-0.030009,0,-6.1926,3.79592,0
-0.089826,-0.030009,0,-6.19452,3.79731,0
-0.089978,-0.030003,0,-6.46243,3.81529,0
-0.08998,-0.030003,0,-6.46557,3.81529,0
-0.089557,-0.039279,0,-7.03263,3.66292,0
-0.089557,-0.039312,0,-7.03263,3.66292,0
-0.086946,-0.043858,0,-7.90372,2.46755,0
-0.08738,-0.047883,0,-7.61766,2.46336,0
-0.08738,-0.0479,0,-7.61766,2.46336,0
-0.087546,-0.049512,0,-7.53354,2.42304,0
-0.087651,-0.049735,0,-7.5201,2.41938,0
-0.087655,-0.04975,0,-7.51993,2.41938,0
-0.087722,-0.050269,0,-7.481,2.38761,0
-0.087722,-0.050279,0,-7.48083,2.38744,0
-0.087723,-0.05028,0,-7.481,2.38726,0
-0.087723,-0.05028,0,-7.481,2.38726,0
-0.087723,-0.050279,0,-7.481,2.38726,0
-0.087723,-0.050279,0,-7.481,2.38726,0
-0.087724,-0.050279,0,-7.481,2.38726,0
-0.087724,-0.050279,0,-7.481,2.38726,0
-0.087724,-0.050279,0,-7.481,2.38726,0
-0.087724,-0.050279,0,-7.481,2.38726,0
-0.087724,-0.050279,0,-7.481,2.38726,0
-0.087725,-0.050279,0,-7.481,2.38726,0
-0.087725,-0.050279,0,-7.481,2.38726,0
-0.087725,-0.050279,0,-7.481,2.38726,0
-0.087725,-0.050279,0,-7.481,2.38726,0
-0.087725,-0.050279,0,-7.481,2.38726,0
-0.087726,-0.050279,0,-7.481,2.38726,0
-0.087229,-0.051108,0,-7.50387,2.41239,0
-0.087223,-0.051123,0,-7.50387,2.41239,0
-0.087223,-0.050852,0,-7.51591,2.43491,0
-0.087226,-0.050838,0,-7.51556,2.43473,0
-0.087413,-0.050668,0,-7.56094,2.47627,0
-0.087427,-0.05066,0,-7.56181,2.47732,0
-0.087578,-0.050429,0,-7.61417,2.5213,0
-0.087585,-0.050414,0,-7.61522,2.522,0
-0.087541,-0.050883,0,-7.67927,2.56947,0
-0.087541,-0.050897,0,-7.67945,2.56982,0
-0.087526,-0.051837,0,-7.71366,2.59408,0
-0.087526,-0.05185,0,-7.71383,2.59408,0
-0.087162,-0.0511,0,-7.63948,2.56686,0
-0.086889,-0.050833,0,-7.55082,2.52165,0
-0.086871,-0.05082,0,-7.5496,2.5213,0
-0.086613,-0.052115,0,-7.47437,2.49163,0
-0.086613,-0.052127,0,-7.47437,2.49163,0
-0.086613,-0.052128,0,-7.4742,2.49163,0
-0.086613,-0.052128,0,-7.4742,2.49163,0
-0.086613,-0.052127,0,-7.4742,2.49163,0
-0.086613,-0.052127,0,-7.4742,2.49163,0
-0.086613,-0.052127,0,-7.4742,2.49163,0
-0.086613,-0.052127,0,-7.4742,2.49163,0
-0.086613,-0.052127,0,-7.4742,2.49163,0
-0.086613,-0.052127,0,-7.4742,2.49163,0
-0.086613,-0.052127,0,-7.4742,2.49163,0
-0.086613,-0.052127,0,-7.4742,2.49163,0
-0.086613,-0.052127,0,-7.4742,2.49163,0
-0.086613,-0.052127,0,-7.4742,2.49163,0
-0.086613,-0.052127,0,-7.4742,2.49163,0
-0.086613,-0.052127,0,-7.4742,2.49163,0
-0.086613,-0.052127,0,-7.4742,2.49163,0
-0.086613,-0.052127,0,-7.4742,2.49163,0
-0.086613,-0.052127,0,-7.47437,2.49163,0
-0.086613,-0.052127,0,-7.4742,2.49163,0
-0.086613,-0.052127,0,-7.47437,2.49163,0
-0.086613,-0.052127,0,-7.47437,2.49163,0
-0.086613,-0.052127,0,-7.47437,2.49163,0
-0.086613,-0.052127,0,-7.47437,2.49163,0
-0.086685,-0.052199,0,-7.47717,2.49582,0
-0.086692,-0.05221,0,-7.47647,2.49442,0
-0.086484,-0.053027,0,-7.50736,2.52375,0
-0.086483,-0.053038,0,-7.50736,2.52375,0
-0.086431,-0.05313,0,-7.53563,2.54905,0
-0.086428,-0.053136,0,-7.5372,2.55045,0
-0.086491,-0.053139,0,-7.58014,2.58361,0
-0.0865,-0.053116,0,-7.58293,2.58623,0
-0.086585,-0.052626,0,-7.64158,2.62724,0
-0.086696,-0.052342,0,-7.70755,2.66756,0
-0.086699,-0.052327,0,-7.70825,2.66808,0
-0.08668,-0.052478,0,-7.76706,2.69985,0
-0.08668,-0.05249,0,-7.76898,2.70055,0
-0.086605,-0.052218,0,-7.84351,2.73319,0
-0.086602,-0.052205,0,-7.84491,2.73388,0
-0.086443,-0.051395,0,-7.97389,2.77228,0
-0.086442,-0.051383,0,-7.97406,2.77228,0
-0.086886,-0.050551,0,-7.82309,2.76844,0
-0.086905,-0.05055,0,-7.82239,2.76844,0
-0.086452,-0.051529,0,-7.57403,2.76513,0
-0.08645,-0.051545,0,-7.57368,2.76513,0
-0.08576,-0.052044,0,-7.41695,2.73511,0
-0.086023,-0.050945,0,-7.38693,2.72638,0
-0.086024,-0.050934,0,-7.38693,2.72638,0
-0.086024,-0.050936,0,-7.38693,2.7262,0
-0.086024,-0.050936,0,-7.38693,2.7262,0
-0.086024,-0.050935,0,-7.38693,2.7262,0
-0.086024,-0.050935,0,-7.38693,2.7262,0
-0.086024,-0.050935,0,-7.38693,2.7262,0
-0.086024,-0.050935,0,-7.38693,2.7262,0
-0.086024,-0.050935,0,-7.38693,2.7262,0
-0.086024,-0.050935,0,-7.38693,2.7262,0
-0.086024,-0.050935,0,-7.38693,2.7262,0
-0.086024,-0.050935,0,-7.38693,2.7262,0
-0.086024,-0.050935,0,-7.38693,2.7262,0
-0.086024,-0.050935,0,-7.38693,2.7262,0
-0.086024,-0.050935,0,-7.38693,2.7262,0
-0.086024,-0.050935,0,-7.38693,2.7262,0
-0.086024,-0.050935,0,-7.38693,2.7262,0
-0.086089,-0.051964,0,-7.36564,2.71887,0
-0.086089,-0.051974,0,-7.36564,2.71887,0
-0.08609,-0.051972,0,-7.36564,2.71887,0
-0.08609,-0.051972,0,-7.36564,2.71887,0
-0.08609,-0.051972,0,-7.36564,2.71887,0
-0.08609,-0.051972,0,-7.36564,2.71887,0
-0.086091,-0.051972,0,-7.36564,2.71887,0
-0.086091,-0.051972,0,-7.36564,2.71887,0
-0.086091,-0.051972,0,-7.36564,2.71887,0
-0.086091,-0.051972,0,-7.36564,2.71887,0
-0.086092,-0.051972,0,-7.36564,2.71887,0
-0.086092,-0.051972,0,-7.36564,2.71887,0
-0.086092,-0.051972,0,-7.36564,2.71887,0
-0.085544,-0.052823,0,-7.37419,2.73231,0
-0.08554,-0.052837,0,-7.37419,2.73231,0
-0.085806,-0.052013,0,-7.41049,2.77961,0
-0.085809,-0.051999,0,-7.41084,2.77979,0
-0.085914,-0.051065,0,-7.45343,2.82639,0
-0.085914,-0.051052,0,-7.45343,2.82656,0
-0.085498,-0.051159,0,-7.51783,2.86653,0
-0.08549,-0.051182,0,-7.51801,2.86653,0
-0.085193,-0.051743,0,-7.54558,2.88677,0
-0.085189,-0.051755,0,-7.54558,2.88677,0
-0.084676,-0.05111,0,-7.59916,2.91662,0
-0.084673,-0.051098,0,-7.59916,2.91662,0
-0.085166,-0.05187,0,-7.50771,2.90109,0
-0.084834,-0.052245,0,-7.46163,2.8948,0
-0.084818,-0.052262,0,-7.46128,2.89463,0
-0.08471,-0.05243,0,-7.41713,2.88747,0
-0.084703,-0.052444,0,-7.41573,2.88747,0
-0.084704,-0.052443,0,-7.41608,2.88712,0
-0.084704,-0.052443,0,-7.4159,2.88712,0
-0.084705,-0.052443,0,-7.41608,2.88712,0
-0.084705,-0.052443,0,-7.4159,2.88712,0
-0.084705,-0.052443,0,-7.4159,2.88712,0
-0.084705,-0.052443,0,-7.4159,2.88712,0
-0.084705,-0.052443,0,-7.4159,2.88712,0
-0.084705,-0.052443,0,-7.4159,2.88712,0
-0.084705,-0.052443,0,-7.4159,2.88712,0
-0.084705,-0.052443,0,-7.4159,2.88712,0
-0.084705,-0.052443,0,-7.4159,2.88712,0
-0.084705,-0.052443,0,-7.4159,2.88712,0
-0.084705,-0.052443,0,-7.4159,2.88695,0
-0.084705,-0.052443,0,-7.4159,2.88695,0
-0.084705,-0.052443,0,-7.4159,2.88695,0
-0.084705,-0.052443,0,-7.4159,2.88695,0
-0.084705,-0.052443,0,-7.4159,2.88695,0
-0.084705,-0.052443,0,-7.4159,2.88695,0
-0.084705,-0.052443,0,-7.4159,2.88695,0
-0.084705,-0.052443,0,-7.4159,2.88695,0
-0.084705,-0.052443,0,-7.4159,2.88695,0
-0.084705,-0.052443,0,-7.41573,2.88695,0
-0.084705,-0.052443,0,-7.4159,2.88695,0
-0.084705,-0.052443,0,-7.41608,2.88695,0
-0.084705,-0.052443,0,-7.41573,2.88695,0
-0.084029,-0.052662,0,-7.43563,2.90789,0
-0.084016,-0.052663,0,-7.43563,2.90789,0
-0.084019,-0.052664,0,-7.43563,2.90807,0
-0.084019,-0.052664,0,-7.43545,2.90807,0
-0.084018,-0.052664,0,-7.43563,2.90807,0
-0.084018,-0.052664,0,-7.43563,2.90807,0
-0.084019,-0.052664,0,-7.43563,2.90807,0
-0.084019,-0.052664,0,-7.43563,2.90807,0
-0.084019,-0.052664,0,-7.43563,2.90807,0
-0.08402,-0.052664,0,-7.43563,2.90807,0
-0.08402,-0.052664,0,-7.4358,2.90807,0
-0.08402,-0.052664,0,-7.43563,2.90807,0
-0.083795,-0.053314,0,-7.45186,2.92884,0
-0.083794,-0.05333,0,-7.45186,2.92884,0
-0.083875,-0.053423,0,-7.44557,2.93093,0
-0.083886,-0.053434,0,-7.4468,2.93023,0
-0.083887,-0.053431,0,-7.4468,2.93006,0
-0.083886,-0.053431,0,-7.4468,2.93006,0
-0.083902,-0.053139,0,-7.48327,2.95938,0
-0.083902,-0.053125,0,-7.48362,2.95973,0
-0.083814,-0.052725,0,-7.5304,2.99062,0
-0.083812,-0.052711,0,-7.53075,2.99097,0
-0.083422,-0.052883,0,-7.57962,3.01994,0
-0.083216,-0.053121,0,-7.59916,3.04159,0
-0.083193,-0.053153,0,-7.60231,3.0545,0
-0.083189,-0.053158,0,-7.60265,3.05694,0
-0.083344,-0.053173,0,-7.57805,3.07108,0
-0.083358,-0.053173,0,-7.57752,3.07143,0
-0.08342,-0.053241,0,-7.54523,3.0826,0
-0.083426,-0.053249,0,-7.54419,3.08295,0
-0.08337,-0.053317,0,-7.53127,3.10145,0
-0.083362,-0.053323,0,-7.53197,3.10093,0
-0.08336,-0.053323,0,-7.53214,3.1004,0
-0.083361,-0.053323,0,-7.53197,3.10075,0
-0.083361,-0.053322,0,-7.53214,3.10093,0
-0.083361,-0.053322,0,-7.53214,3.10093,0
-0.083361,-0.053322,0,-7.53197,3.10093,0
-0.083361,-0.053322,0,-7.53197,3.10093,0
-0.083361,-0.053322,0,-7.53197,3.10093,0
-0.083361,-0.053322,0,-7.53197,3.10093,0
-0.083361,-0.053322,0,-7.53179,3.10093,0
-0.083361,-0.053322,0,-7.53197,3.10093,0
-0.083361,-0.053322,0,-7.53162,3.10093,0
-0.083343,-0.052867,0,-7.56722,3.12641,0
-0.08315,-0.053061,0,-7.5941,3.14805,0
-0.083137,-0.053075,0,-7.59463,3.14822,0
-0.083109,-0.053103,0,-7.59044,3.18086,0
-0.083108,-0.053104,0,-7.58782,3.18296,0
-0.083106,-0.053106,0,-7.57421,3.2032,0
-0.083106,-0.053106,0,-7.57438,3.2025,0
-0.083105,-0.052972,0,-7.60039,3.22258,0
-0.083105,-0.052957,0,-7.60108,3.22327,0
-0.083105,-0.052955,0,-7.60091,3.22362,0
-0.083105,-0.052956,0,-7.60108,3.22345,0
-0.083105,-0.052957,0,-7.60091,3.22327,0
-0.083105,-0.052957,0,-7.60091,3.22327,0
-0.083105,-0.052957,0,-7.60091,3.22327,0
-0.083105,-0.052957,0,-7.60073,3.22327,0
-0.083105,-0.052958,0,-7.60073,3.22327,0
-0.083105,-0.052958,0,-7.60073,3.22327,0
-0.083105,-0.052958,0,-7.60073,3.22327,0
-0.083105,-0.052958,0,-7.60073,3.22327,0
-0.083332,-0.053029,0,-7.55379,3.23951,0
-0.083345,-0.05303,0,-7.55309,3.23951,0
-0.083434,-0.053138,0,-7.51347,3.25329,0
-0.08344,-0.05315,0,-7.51225,3.25417,0
-0.083441,-0.053153,0,-7.51225,3.25452,0
-0.08344,-0.053152,0,-7.51225,3.25452,0
-0.08344,-0.053152,0,-7.51225,3.25434,0
-0.08344,-0.053152,0,-7.51242,3.25434,0
-0.08344,-0.053152,0,-7.51225,3.25434,0
-0.08344,-0.053152,0,-7.51242,3.25434,0
-0.08344,-0.053152,0,-7.51225,3.25434,0
-0.08344,-0.053152,0,-7.51225,3.25434,0
-0.08344,-0.053152,0,-7.51225,3.25434,0
-0.08344,-0.053152,0,-7.51225,3.25434,0
-0.08344,-0.053152,0,-7.51207,3.25434,0
-0.08344,-0.053152,0,-7.51225,3.25434,0
-0.08344,-0.053152,0,-7.51225,3.25434,0
-0.08344,-0.053152,0,-7.51225,3.25434,0
-0.08344,-0.053152,0,-7.51225,3.25434,0
-0.08344,-0.053152,0,-7.51225,3.25434,0
-0.08344,-0.053152,0,-7.51242,3.25434,0
-0.08344,-0.053152,0,-7.51225,3.25434,0
-0.083733,-0.052776,0,-7.45343,3.26726,0
-0.083741,-0.052763,0,-7.45325,3.26743,0
-0.084183,-0.051846,0,-7.39723,3.27755,0
-0.084183,-0.051832,0,-7.39723,3.27755,0
-0.084107,-0.048086,0,-7.34679,3.29221,0
-0.084107,-0.048073,0,-7.34679,3.29221,0
-0.084417,-0.048116,0,-7.22095,3.27494,0
-0.08443,-0.048129,0,-7.21973,3.27476,0
-0.084505,-0.04839,0,-7.13456,3.25225,0
-0.084507,-0.048403,0,-7.13368,3.25207,0
-0.084508,-0.048405,0,-7.13368,3.25172,0
-0.084508,-0.048405,0,-7.13368,3.25172,0
-0.08449,-0.04895,0,-7.07295,3.24439,0
-0.084491,-0.048962,0,-7.07277,3.24439,0
-0.084098,-0.0487,0,-7.02652,3.22799,0
-0.084096,-0.047252,0,-7.03123,3.23759,0
-0.084096,-0.047242,0,-7.03141,3.23759,0
-0.084096,-0.047239,0,-7.03123,3.23759,0
-0.084796,-0.047944,0,-7.01937,3.23549,0
-0.084802,-0.04795,0,-7.01937,3.23549,0
-0.084801,-0.047949,0,-7.01937,3.23549,0
-0.084823,-0.047058,0,-7.06003,3.26446,0
-0.084823,-0.047048,0,-7.06003,3.26446,0
-0.084823,-0.047046,0,-7.06003,3.26446,0
-0.084823,-0.047047,0,-7.06003,3.26446,0
-0.084823,-0.047048,0,-7.06003,3.26464,0
-0.084823,-0.047048,0,-7.06003,3.26464,0
-0.084823,-0.047048,0,-7.06003,3.26464,0
-0.084823,-0.047048,0,-7.06003,3.26464,0
-0.084823,-0.047048,0,-7.06003,3.26464,0
-0.084823,-0.047048,0,-7.06003,3.26464,0
-0.084823,-0.047048,0,-7.06003,3.26464,0
-0.084823,-0.047048,0,-7.06021,3.26464,0
-0.084964,-0.048469,0,-7.01849,3.24649,0
-0.084964,-0.048482,0,-7.01849,3.24649,0
-0.084901,-0.048438,0,-7.02198,3.25033,0
-0.084891,-0.048433,0,-7.02111,3.24928,0
-0.084348,-0.048687,0,-6.98202,3.2327,0
-0.084334,-0.048689,0,-6.98202,3.23252,0
-0.084255,-0.048761,0,-6.97119,3.22624,0
-0.084248,-0.04877,0,-6.97486,3.22851,0
-0.084252,-0.048767,0,-6.97451,3.22851,0
-0.08425,-0.048768,0,-6.97468,3.22851,0
-0.08425,-0.048768,0,-6.97451,3.22834,0
-0.08425,-0.048768,0,-6.97468,3.22834,0
-0.08425,-0.048768,0,-6.97451,3.22834,0
-0.08425,-0.048768,0,-6.97451,3.22834,0
-0.08425,-0.048769,0,-6.97468,3.22834,0
-0.084469,-0.049403,0,-6.9328,3.20879,0
-0.084471,-0.049416,0,-6.9328,3.20879,0
-0.084465,-0.04951,0,-6.92494,3.20355,0
-0.084467,-0.049517,0,-6.92774,3.2053,0
-0.084391,-0.050352,0,-6.87834,3.17912,0
-0.084391,-0.050366,0,-6.87834,3.17912,0
-0.084472,-0.050444,0,-6.87241,3.17563,0
-0.084486,-0.050452,0,-6.87468,3.17667,0
-0.084484,-0.050449,0,-6.87433,3.17685,0
-0.084484,-0.05045,0,-6.87433,3.17685,0
-0.084485,-0.050451,0,-6.8745,3.1765,0
-0.084485,-0.05045,0,-6.87433,3.1765,0
-0.084485,-0.05045,0,-6.8745,3.1765,0
-0.084485,-0.05045,0,-6.8745,3.1765,0
-0.084485,-0.05045,0,-6.8745,3.1765,0
-0.084485,-0.05045,0,-6.8745,3.1765,0
-0.084485,-0.05045,0,-6.8745,3.1765,0
-0.084485,-0.05045,0,-6.8745,3.1765,0
-0.084485,-0.05045,0,-6.8745,3.1765,0
-0.084485,-0.05045,0,-6.8745,3.1765,0
-0.084485,-0.05045,0,-6.8745,3.1765,0
-0.084485,-0.05045,0,-6.8745,3.1765,0
-0.084485,-0.05045,0,-6.8745,3.1765,0
-0.084485,-0.05045,0,-6.8745,3.1765,0
-0.084485,-0.05045,0,-6.8745,3.1765,0
-0.084485,-0.05045,0,-6.8745,3.1765,0
-0.084485,-0.05045,0,-6.8745,3.1765,0
-0.084485,-0.05045,0,-6.8745,3.1765,0
-0.084485,-0.05045,0,-6.8745,3.1765,0
-0.084621,-0.051443,0,-6.86717,3.18749,0
-0.084622,-0.051454,0,-6.86717,3.18749,0
-0.084892,-0.050196,0,-6.88986,3.21158,0
-0.08526,-0.051754,0,-6.85391,3.1943,0
-0.08526,-0.051769,0,-6.85391,3.1943,0
-0.084654,-0.05244,0,-6.86298,3.21769,0
-0.084645,-0.052451,0,-6.86298,3.21786,0
-0.084765,-0.051455,0,-6.86595,3.23008,0
-0.084765,-0.051442,0,-6.8656,3.23008,0
-0.084995,-0.051802,0,-6.82843,3.2149,0
-0.085003,-0.051817,0,-6.82808,3.2149,0
-0.085204,-0.052707,0,-6.8115,3.22223,0
-0.085204,-0.05272,0,-6.8115,3.22223,0
-0.084647,-0.05282,0,-6.76263,3.20041,0
-0.084633,-0.05282,0,-6.76263,3.20041,0
-0.084635,-0.05282,0,-6.76263,3.20006,0
-0.084634,-0.05282,0,-6.7628,3.20006,0
-0.084634,-0.05282,0,-6.76263,3.20006,0
-0.084634,-0.05282,0,-6.76263,3.20006,0
-0.084634,-0.05282,0,-6.76263,3.20006,0
-0.084634,-0.05282,0,-6.76263,3.20006,0
-0.084634,-0.05282,0,-6.76263,3.20006,0
-0.084634,-0.05282,0,-6.76263,3.20006,0
-0.084634,-0.05282,0,-6.76263,3.20006,0
-0.084634,-0.05282,0,-6.76263,3.20006,0
-0.084634,-0.05282,0,-6.76263,3.20006,0
-0.084634,-0.05282,0,-6.76263,3.20006,0
-0.084634,-0.05282,0,-6.76263,3.20006,0
-0.084634,-0.05282,0,-6.76263,3.20006,0
-0.084634,-0.05282,0,-6.76263,3.20006,0
-0.084634,-0.05282,0,-6.76263,3.20006,0
-0.084634,-0.05282,0,-6.76263,3.20006,0
-0.084634,-0.05282,0,-6.76245,3.20006,0
-0.084634,-0.05282,0,-6.76245,3.20006,0
-0.084634,-0.05282,0,-6.76245,3.20006,0
-0.084634,-0.05282,0,-6.76245,3.20006,0
-0.084634,-0.05282,0,-6.76245,3.20006,0
-0.084648,-0.05374,0,-6.7265,3.1847,0
-0.084648,-0.053755,0,-6.7265,3.1847,0
-0.085005,-0.053123,0,-6.73069,3.20652,0
-0.085009,-0.053111,0,-6.73069,3.20652,0
-0.085186,-0.052789,0,-6.76158,3.23619,0
-0.085191,-0.052775,0,-6.76158,3.23636,0
-0.085523,-0.052559,0,-6.79945,3.2704,0
-0.085538,-0.052553,0,-6.7998,3.27057,0
-0.085477,-0.052819,0,-6.83192,3.29937,0
-0.085476,-0.052833,0,-6.83209,3.29954,0
-0.085355,-0.0532,0,-6.8567,3.32328,0
-0.085353,-0.053212,0,-6.8567,3.32328,0
-0.08529,-0.053637,0,-6.88044,3.34667,0
-0.085281,-0.053561,0,-6.91255,3.37198,0
-0.085281,-0.053545,0,-6.91377,3.37355,0
-0.085281,-0.053549,0,-6.9136,3.3732,0
-0.085281,-0.053548,0,-6.9136,3.3732,0
-0.085281,-0.053548,0,-6.91342,3.3732,0
-0.085281,-0.053548,0,-6.91342,3.3732,0
-0.085281,-0.053548,0,-6.9136,3.3732,0
-0.085281,-0.053548,0,-6.9136,3.3732,0
-0.085281,-0.053548,0,-6.9136,3.3732,0
-0.085281,-0.053548,0,-6.91342,3.3732,0
-0.085281,-0.053548,0,-6.9136,3.3732,0
-0.085281,-0.053548,0,-6.91342,3.3732,0
-0.085281,-0.053548,0,-6.91342,3.3732,0
-0.085281,-0.053548,0,-6.91342,3.3732,0
-0.085281,-0.053548,0,-6.91342,3.3732,0
-0.085281,-0.053548,0,-6.91342,3.37302,0
-0.085281,-0.053548,0,-6.91342,3.37302,0
-0.085281,-0.053548,0,-6.91342,3.37302,0
-0.085281,-0.053548,0,-6.91342,3.37302,0
-0.085281,-0.053548,0,-6.91342,3.37302,0
-0.085281,-0.053548,0,-6.91342,3.37302,0
-0.085281,-0.053548,0,-6.9136,3.37302,0
-0.085281,-0.053548,0,-6.91342,3.37302,0
-0.085281,-0.053548,0,-6.91342,3.37302,0
-0.085281,-0.053548,0,-6.91342,3.37302,0
-0.085281,-0.053548,0,-6.91342,3.37302,0
-0.085281,-0.053548,0,-6.91342,3.37302,0
-0.085281,-0.053548,0,-6.91342,3.37302,0
-0.085281,-0.053548,0,-6.91342,3.37302,0
-0.085281,-0.053548,0,-6.91342,3.37302,0
-0.085281,-0.053548,0,-6.91342,3.37302,0
-0.085281,-0.053548,0,-6.91342,3.37302,0
-0.085281,-0.053548,0,-6.91342,3.37302,0
-0.085281,-0.053548,0,-6.91342,3.37302,0
-0.085281,-0.053548,0,-6.91342,3.37302,0
-0.085281,-0.053548,0,-6.91342,3.37302,0
-0.085281,-0.053548,0,-6.9136,3.37302,0
-0.085281,-0.053548,0,-6.91342,3.37302,0
-0.084881,-0.054253,0,-6.88079,3.37145,0
-0.084876,-0.054268,0,-6.88079,3.37145,0
-0.084731,-0.054674,0,-6.72004,3.34684,0
-0.084718,-0.054711,0,-6.71533,3.34632,0
-0.084716,-0.054713,0,-6.71498,3.34632,0
-0.084715,-0.054715,0,-6.58111,3.36622,0
-0.084715,-0.054715,0,-6.57815,3.36639,0
-0.084715,-0.054715,0,-6.50763,3.35871,0
-0.084715,-0.054715,0,-6.50362,3.35836,0
-0.084715,-0.054715,0,-6.40728,3.37198,0
-0.084715,-0.054715,0,-6.26224,3.46029,0
-0.084715,-0.054715,0,-6.25997,3.46169,0
-0.085021,-0.053946,0,-6.2406,3.45436,0
-0.085184,-0.053196,0,-6.20779,3.43481,0
-0.085186,-0.05317,0,-6.20779,3.43481,0
-0.08728,-0.048657,0,-6.30343,3.57356,0
-0.08728,-0.048644,0,-6.30361,3.57356,0
-0.085753,-0.049053,0,-6.33031,3.60323,0
-0.084889,-0.049791,0,-6.34689,3.62645,0
-0.084877,-0.049796,0,-6.34689,3.62662,0
-0.08487,-0.0498,0,-6.34706,3.62662,0
-0.085384,-0.048662,0,-6.29383,3.5891,0
-0.085317,-0.049891,0,-6.25631,3.56641,0
-0.08501,-0.050639,0,-6.2577,3.57583,0
-0.085008,-0.050651,0,-6.25753,3.57583,0
-0.085072,-0.050597,0,-6.25369,3.57269,0
-0.085076,-0.050591,0,-6.25456,3.57339,0
-0.085071,-0.050593,0,-6.25439,3.57443,0
-0.085074,-0.050593,0,-6.25439,3.57374,0
-0.085151,-0.051809,0,-6.24706,3.57217,0
-0.08547,-0.052391,0,-6.18964,3.54075,0
-0.085474,-0.052408,0,-6.18946,3.54057,0
-0.085287,-0.05207,0,-6.22227,3.57409,0
-0.085271,-0.052069,0,-6.22227,3.57409,0
-0.085449,-0.051755,0,-6.22611,3.58944,0
-0.085449,-0.051736,0,-6.22611,3.58944,0
-0.085499,-0.051795,0,-6.26765,3.62714,0
-0.085515,-0.051808,0,-6.27027,3.63116,0
-0.085473,-0.051837,0,-6.31181,3.66781,0
-0.085468,-0.051842,0,-6.31425,3.6713,0
-0.085347,-0.052073,0,-6.35719,3.70917,0
-0.085135,-0.05282,0,-6.3907,3.73954,0
-0.085134,-0.05283,0,-6.39052,3.73954,0
-0.085133,-0.052829,0,-6.39052,3.73972,0
-0.085134,-0.052828,0,-6.39052,3.73972,0
-0.084821,-0.052983,0,-6.36085,3.74583,0
-0.084806,-0.052984,0,-6.36085,3.746,0
-0.084813,-0.052948,0,-6.30326,3.7364,0
-0.084738,-0.052766,0,-6.25194,3.72488,0
-0.084731,-0.052742,0,-6.24967,3.72436,0
-0.084335,-0.053248,0,-6.17166,3.69992,0
-0.084327,-0.053264,0,-6.17148,3.69992,0
-0.084754,-0.053676,0,-6.13413,3.68195,0
-0.084758,-0.053679,0,-6.13396,3.68195,0
-0.084758,-0.053679,0,-6.13396,3.68195,0
-0.084757,-0.053678,0,-6.13396,3.68195,0
-0.084757,-0.053678,0,-6.13396,3.68195,0
-0.084758,-0.053678,0,-6.13379,3.68195,0
-0.084758,-0.053678,0,-6.13379,3.68195,0
-0.084759,-0.053678,0,-6.13379,3.68195,0
-0.084759,-0.053678,0,-6.13379,3.68195,0
-0.08476,-0.053678,0,-6.13379,3.68195,0
-0.08476,-0.053678,0,-6.13379,3.68195,0
-0.084761,-0.053678,0,-6.13379,3.68195,0
-0.084761,-0.053678,0,-6.13379,3.68195,0
-0.084761,-0.053678,0,-6.13361,3.68195,0
-0.084761,-0.053678,0,-6.13361,3.68195,0
-0.084761,-0.053678,0,-6.13361,3.68195,0
-0.084761,-0.053678,0,-6.13361,3.68195,0
-0.084761,-0.053678,0,-6.13361,3.68195,0
-0.084761,-0.053678,0,-6.13361,3.68195,0
-0.084761,-0.053678,0,-6.13379,3.68195,0
-0.084761,-0.053678,0,-6.13379,3.68195,0
-0.084761,-0.053678,0,-6.13361,3.68195,0
-0.084761,-0.053678,0,-6.13361,3.68195,0
-0.084761,-0.053678,0,-6.13361,3.68195,0
-0.084761,-0.053678,0,-6.13379,3.68195,0
-0.084761,-0.053678,0,-6.13379,3.68195,0
-0.084761,-0.053678,0,-6.13379,3.68195,0
-0.084761,-0.053678,0,-6.13379,3.68195,0
-0.084761,-0.053678,0,-6.13379,3.68195,0
-0.084761,-0.053678,0,-6.13379,3.68195,0
-0.084761,-0.053678,0,-6.13379,3.68195,0
-0.084761,-0.053678,0,-6.13379,3.68195,0
-0.084761,-0.053678,0,-6.13379,3.68195,0
-0.084444,-0.05436,0,-6.12122,3.68055,0
-0.084441,-0.054377,0,-6.12122,3.68038,0
-0.08515,-0.053765,0,-6.16119,3.73448,0
-0.08551,-0.053827,0,-6.18021,3.76817,0
-0.085525,-0.053828,0,-6.18056,3.76834,0
-0.085199,-0.054088,0,-6.22559,3.82227,0
-0.085182,-0.054096,0,-6.22594,3.82245,0
-0.084856,-0.054429,0,-6.3146,3.88493,0
-0.084838,-0.054439,0,-6.31565,3.88563,0
-0.084472,-0.053773,0,-6.40693,3.94252,0
-0.084469,-0.05376,0,-6.4071,3.94252,0
-0.084955,-0.053064,0,-6.35631,3.93834,0
-0.08496,-0.053051,0,-6.35631,3.93851,0
-0.084922,-0.052549,0,-6.22332,3.89296,0
-0.084904,-0.052534,0,-6.22245,3.89278,0
-0.084454,-0.053047,0,-6.10848,3.86119,0
-0.084443,-0.053063,0,-6.10778,3.86119,0
-0.083831,-0.053636,0,-6.01493,3.83082,0
-0.083818,-0.053644,0,-6.01475,3.83082,0
-0.084458,-0.053118,0,-6.00533,3.84077,0
-0.084471,-0.053112,0,-6.00515,3.84077,0
-0.084914,-0.053741,0,-6.03291,3.86922,0
-0.08492,-0.053753,0,-6.03308,3.86939,0
-0.084922,-0.053858,0,-6.07183,3.90256,0
-0.084915,-0.053873,0,-6.07375,3.905,0
-0.085006,-0.053523,0,-6.12942,3.9502,0
-0.085007,-0.053509,0,-6.1296,3.95038,0
-0.08483,-0.052394,0,-6.14775,3.98424,0
-0.084829,-0.052389,0,-6.14775,3.98424,0
-0.084829,-0.052391,0,-6.14775,3.98424,0
-0.084657,-0.053101,0,-6.12139,3.97935,0
-0.084657,-0.053113,0,-6.12139,3.97935,0
-0.084656,-0.05311,0,-6.12139,3.97918,0
-0.084656,-0.053111,0,-6.12139,3.97918,0
-0.084656,-0.053111,0,-6.12139,3.97918,0
-0.084656,-0.053111,0,-6.12139,3.97918,0
-0.084656,-0.053111,0,-6.12139,3.97918,0
-0.084656,-0.05311,0,-6.12139,3.97918,0
-0.084075,-0.053757,0,-6.13256,4.00989,0
-0.084066,-0.053768,0,-6.13274,4.00989,0
-0.083974,-0.053683,0,-6.09469,4.00204,0
-0.083844,-0.053898,0,-6.04198,3.98563,0
-0.08384,-0.053912,0,-6.04146,3.98546,0
-0.083868,-0.053883,0,-6.00725,3.97586,0
-0.083871,-0.053881,0,-6.00515,3.97586,0
-0.083876,-0.053876,0,-5.97147,3.96417,0
-0.083876,-0.053876,0,-5.96868,3.96399,0
-0.083877,-0.053876,0,-5.90864,4.0167,0
-0.083877,-0.053876,0,-5.90672,4.0188,0
-0.083877,-0.053876,0,-5.9027,4.02089,0
-0.083877,-0.053876,0,-5.90393,4.02054,0
-0.083877,-0.053876,0,-5.9034,4.01932,0
-0.083877,-0.053876,0,-5.90375,4.01984,0
-0.083877,-0.053876,0,-5.90358,4.02019,0
-0.083877,-0.053876,0,-5.90375,4.02019,0
-0.083877,-0.053876,0,-5.90375,4.02019,0
-0.083877,-0.053876,0,-5.90375,4.02019,0
-0.083877,-0.053876,0,-5.90375,4.02019,0
-0.083877,-0.053876,0,-5.90375,4.02019,0
-0.083877,-0.053876,0,-5.90375,4.02019,0
-0.083877,-0.053876,0,-5.90375,4.02019,0
-0.083877,-0.053876,0,-5.90375,4.02019,0
-0.083877,-0.053876,0,-5.90375,4.02019,0
-0.083877,-0.053877,0,-5.83272,4.1092,0
-0.083877,-0.053877,0,-5.78385,4.17553,0
-0.083877,-0.053877,0,-5.7828,4.17727,0
-0.083877,-0.053877,0,-5.78297,4.17779,0
-0.083877,-0.053877,0,-5.78297,4.1771,0
-0.083877,-0.053877,0,-5.78297,4.1771,0
-0.083877,-0.053877,0,-5.78297,4.1771,0
-0.083877,-0.053877,0,-5.78297,4.1771,0
-0.083877,-0.053877,0,-5.78297,4.1771,0
-0.083877,-0.053877,0,-5.78315,4.1771,0
-0.083877,-0.053877,0,-5.78297,4.1771,0
-0.083877,-0.053877,0,-5.78315,4.1771,0
-0.083877,-0.053877,0,-5.78297,4.1771,0
-0.083877,-0.053877,0,-5.791,4.1942,0
-0.083877,-0.053877,0,-5.7924,4.19525,0
-0.083877,-0.053877,0,-5.7903,4.20834,0
-0.083877,-0.053877,0,-5.78978,4.2141,0
-0.083877,-0.053877,0,-5.78664,4.22998,0
-0.083877,-0.053877,0,-5.78961,4.23173,0
-0.083877,-0.053877,0,-5.78908,4.2312,0
-0.083877,-0.053206,0,-5.81264,4.25773,0
-0.083877,-0.053193,0,-5.81247,4.25773,0
-0.084216,-0.051381,0,-5.78472,4.26052,0
-0.084217,-0.051365,0,-5.78472,4.26052,0
-0.084566,-0.049196,0,-5.82818,4.31742,0
-0.084566,-0.049187,0,-5.82818,4.31742,0
-0.084068,-0.049562,0,-5.79484,4.30189,0
-0.084055,-0.049568,0,-5.79484,4.30171,0
-0.083146,-0.050217,0,-5.77861,4.29787,0
-0.083133,-0.050221,0,-5.77861,4.29787,0
-0.083177,-0.05014,0,-5.77948,4.30328,0
-0.083181,-0.050132,0,-5.77931,4.30136,0
-0.08318,-0.050136,0,-5.77931,4.30154,0
-0.08318,-0.050134,0,-5.77931,4.30154,0
-0.08318,-0.050134,0,-5.77948,4.30154,0
-0.08318,-0.050134,0,-5.77948,4.30154,0
-0.08318,-0.050134,0,-5.77948,4.30154,0
-0.08318,-0.050134,0,-5.77948,4.30154,0
-0.08318,-0.050134,0,-5.77948,4.30154,0
-0.082805,-0.051537,0,-5.77215,4.3059,0
-0.082805,-0.051551,0,-5.77215,4.3059,0
-0.082725,-0.051596,0,-5.76692,4.30782,0
-0.082716,-0.051587,0,-5.76796,4.30712,0
-0.082718,-0.051585,0,-5.76796,4.30677,0
-0.082718,-0.051586,0,-5.76796,4.30695,0
-0.082718,-0.051586,0,-5.76796,4.30695,0
-0.082718,-0.051586,0,-5.76796,4.30695,0
-0.082718,-0.051586,0,-5.76779,4.30695,0
-0.082718,-0.051586,0,-5.76779,4.30695,0
-0.082493,-0.052025,0,-5.79013,4.33295,0
-0.082491,-0.052039,0,-5.79013,4.33295,0
-0.08307,-0.051104,0,-5.77285,4.34779,0
-0.083075,-0.051092,0,-5.77285,4.34779,0
-0.08334,-0.050407,0,-5.80444,4.37833,0
-0.083342,-0.050394,0,-5.80462,4.37833,0
-0.082947,-0.05076,0,-5.83586,4.40643,0
-0.08254,-0.050964,0,-5.87024,4.43628,0
-0.082526,-0.050967,0,-5.87041,4.43645,0
-0.08204,-0.05225,0,-5.86867,4.44954,0
-0.08204,-0.052261,0,-5.86867,4.44954,0
-0.082128,-0.052174,0,-5.81369,4.44221,0
-0.082135,-0.052167,0,-5.81177,4.44204,0
-0.082151,-0.051951,0,-5.76953,4.4382,0
-0.082151,-0.051937,0,-5.76919,4.4382,0
-0.08212,-0.051864,0,-5.72154,4.42738,0
-0.082111,-0.051862,0,-5.71944,4.4272,0
-0.082164,-0.051876,0,-5.68384,4.41952,0
-0.082169,-0.051876,0,-5.68209,4.41935,0
-0.082198,-0.051814,0,-5.67389,4.41603,0
-0.082192,-0.051813,0,-5.67529,4.41708,0
-0.082077,-0.051949,0,-5.63881,4.40765,0
-0.082062,-0.051966,0,-5.63759,4.40713,0
-0.08202,-0.05201,0,-5.60338,4.39736,0
-0.082018,-0.052012,0,-5.60111,4.39666,0
-0.082016,-0.052015,0,-5.59605,4.39858,0
-0.082016,-0.052015,0,-5.59692,4.39823,0
-0.082017,-0.052014,0,-5.59692,4.39771,0
-0.082017,-0.052014,0,-5.59692,4.39771,0
-0.082017,-0.052014,0,-5.59692,4.39806,0
-0.082017,-0.052014,0,-5.59675,4.39806,0
-0.082016,-0.052014,0,-5.59692,4.39806,0
-0.082016,-0.052014,0,-5.59692,4.39806,0
-0.082016,-0.052014,0,-5.59692,4.39806,0
-0.082016,-0.052014,0,-5.59692,4.39806,0
-0.082016,-0.052014,0,-5.59692,4.39806,0
-0.082016,-0.052014,0,-5.59692,4.39806,0
-0.082016,-0.052014,0,-5.59692,4.39806,0
-0.082016,-0.052014,0,-5.59692,4.39806,0
-0.082016,-0.052014,0,-5.59692,4.39806,0
-0.082016,-0.052015,0,-5.60635,4.41516,0
-0.082016,-0.052015,0,-5.6067,4.41603,0
-0.082016,-0.052016,0,-5.59587,4.44692,0
-0.082016,-0.052016,0,-5.59622,4.44745,0
-0.082016,-0.052016,0,-5.59622,4.44762,0
-0.082016,-0.052016,0,-5.59587,4.44762,0
-0.082017,-0.052016,0,-5.60111,4.45827,0
-0.082017,-0.052016,0,-5.60181,4.46106,0
-0.082017,-0.052017,0,-5.60827,4.47729,0
-0.082017,-0.052017,0,-5.60844,4.47764,0
-0.082017,-0.052017,0,-5.60844,4.47782,0
-0.082017,-0.052017,0,-5.60844,4.47764,0
-0.081917,-0.051751,0,-5.58017,4.55845,0
-0.081914,-0.051737,0,-5.57999,4.55967,0
-0.081827,-0.051345,0,-5.61577,4.59458,0
-0.081827,-0.05133,0,-5.61595,4.59475,0
-0.082247,-0.048935,0,-5.61944,4.62565,0
-0.082249,-0.048923,0,-5.61944,4.62565,0
-0.081957,-0.048845,0,-5.72416,4.69389,0
-0.081942,-0.048843,0,-5.7259,4.69441,0
-0.081674,-0.047811,0,-5.84999,4.75498,0
-0.081674,-0.0478,0,-5.84999,4.75498,0
-0.081876,-0.048203,0,-5.765,4.74572,0
-0.081879,-0.048215,0,-5.76465,4.74555,0
-0.081721,-0.048385,0,-5.71613,4.73962,0
-0.081705,-0.048397,0,-5.71473,4.73962,0
-0.081382,-0.048918,0,-5.69763,4.7445,0
-0.081377,-0.04893,0,-5.6978,4.74468,0
-0.081084,-0.047652,0,-5.69623,4.75759,0
-0.08134,-0.046394,0,-5.66324,4.75602,0
