0
10
10
11
77
11
98
11
102
12
50
12
47
46
46
45
11
45
12
98
10
10
10
175
11
77
12
96
10
56
10
11
94
10
99
10
10
12
46
11
47
335
11
72
11
97
10
92
11
51
102
10
11
46
50
11
276
11
76
12
92
12
103
11
46
10
10
10
10
10
97
12
267
12
88
10
97
11
97
97
12
50
11
102
10
11
47
292
103
102
11
102
10
11
46
47
50
11
99
12
51
12
276
12
78
12
83
11
46
97
12
97
12
102
10
11
50
12
201
12
79
53
102
10
46
47
98
11
48
97
12
51
98
11
200
11
102
12
97
11
104
10
47
99
12
47
99
12
46
225
11
71
11
102
11
46
47
51
10
11
46
98
12
99
10
11
46
224
12
76
11
46
46
46
46
46
46
45
11
45
10
98
10
97
10
216
11
87
11
45
13
47
45
45
10
10
45
45
11
97
11
102
11
206
12
92
10
47
46
50
11
99
12
47
46
98
10
50
12
45
10
47
205
10
41
41
92
11
102
11
46
45
11
46
10
11
98
12
97
12
167
12
87
12
46
97
11
50
11
47
48
99
12
97
10
12
50
13
165
12
86
10
46
98
11
50
12
47
97
10
10
10
10
12
103
11
144
102
12
103
12
51
12
46
10
10
46
10
12
98
10
12
98
12
159
10
38
37
92
12
46
10
99
12
46
99
10
46
47
46
46
47
154
12
92
11
50
101
10
10
10
10
11
50
10
12
51
12
45
10
10
10
186
61
12
47
99
12
47
48
48
47
97
10
10
10
10
10
11
102
12
141
56
11
102
11
48
97
10
10
11
104
10
10
10
10
12
46
46
190
58
12
47
99
12
51
12
46
98
12
47
48
46
10
10
10
11
99
15
148
12
48
97
12
103
12
46
12
48
47
50
11
47
46
46
45
11
46
180
11
66
11
103
10
99
10
45
10
45
12
45
10
11
97
10
10
12
148
12
103
14
45
11
46
98
10
46
50
11
46
50
12
47
46
12
46
178
12
72
12
99
10
45
12
99
12
46
46
12
99
10
10
10
12
183
63
12
102
11
46
45
11
46
46
45
11
46
10
10
10
10
10
46
179
12
67
12
102
11
97
12
102
11
46
45
10
10
10
10
10
10
11
179
11
66
11
102
11
50
11
46
47
46
45
12
45
10
11
46
99
11
179
11
67
12
103
11
99
12
46
98
10
10
11
102
10
10
11
176
10
71
12
47
98
10
11
98
12
50
12
103
10
10
12
46
10
11
181
11
66
11
47
46
97
11
103
11
46
47
47
47
51
12
45
10
10
13
139
103
11
102
12
101
11
97
11
102
12
51
10
10
10
10
12
134
63
12
98
12
98
11
50
10
10
11
103
12
51
11
45
10
10
11
123
11
72
12
102
12
45
10
10
10
10
10
10
12
98
10
10
10
12
176
10
72
11
102
12
97
12
12
97
10
10
10
10
10
10
10
10
14
131
12
68
12
103
11
96
10
50
11
51
12
46
10
10
11
99
10
12
124
12
76
11
46
12
46
10
11
45
10
10
11
45
11
45
11
46
10
10
10
13
141
12
103
12
99
12
51
12
51
13
45
10
12
46
12
10
12
45
10
10
12
119
11
77
12
102
12
98
12
46
50
12
45
10
10
11
99
10
11
179
68
11
102
12
50
10
10
10
97
10
10
10
11
50
10
10
10
11
175
12
71
12
102
12
50
10
10
10
10
10
10
11
46
46
99
10
10
13
138
61
11
97
12
51
10
10
10
99
12
45
12
46
10
45
12
98
14
144
12
104
12
97
11
55
10
10
99
10
99
10
50
12
99
14
122
11
76
12
97
12
99
12
103
10
97
10
50
12
48
48
177
12
72
11
50
11
98
12
45
10
10
11
13
103
12
98
10
10
10
14
127
12
73
12
98
12
45
10
10
10
10
12
45
12
45
11
43
96
10
12
130
12
72
12
97
11
50
10
47
46
97
10
101
10
103
10
97
13
127
12
72
12
97
11
102
12
47
99
11
97
10
10
10
11
50
11
128
11
71
11
97
11
55
10
11
11
10
10
46
11
98
10
97
12
144
109
12
98
10
46
97
11
51
12
47
51
11
46
46
46
45
11
45
11
118
12
77
11
50
11
102
12
46
92
10
10
10
102
12
99
14
150
12
107
11
97
12
50
10
11
46
99
10
11
99
10
10
11
51
16
120
10
77
12
98
12
51
10
10
12
48
99
12
102
12
45
11
46
176
12
72
12
97
12
103
10
10
12
98
10
45
10
12
47
45
10
14
124
12
74
12
47
102
10
10
12
46
10
10
45
10
11
93
12
51
98
16
144
103
12
103
12
98
12
103
10
10
12
47
51
12
98
13
140
104
12
107
11
45
12
41
46
12
46
10
11
94
11
102
12
50
13
124
12
73
12
103
10
45
11
98
12
46
46
46
50
10
10
10
10
10
12
116
12
81
11
97
12
103
12
45
11
46
46
10
10
11
46
10
10
10
14
108
11
87
12
102
11
97
12
47
104
12
46
45
10
12
46
47
158
10
92
10
50
12
97
10
11
50
12
46
47
50
11
98
12
99
13
128
11
71
11
97
12
99
12
104
12
99
12
46
48
47
47
96
16
129
11
72
12
98
11
50
10
50
11
48
97
12
50
11
50
10
10
10
11
131
11
72
12
98
12
45
12
45
10
11
47
46
46
99
10
10
11
48
164
10
82
10
10
11
46
48
102
10
11
46
50
11
45
11
46
47
45
10
10
15
113
12
86
11
46
99
12
45
11
46
99
12
98
12
102
12
45
16
114
12
83
12
98
12
102
12
46
12
99
10
10
10
10
10
10
10
14
110
12
87
12
51
12
99
10
11
46
12
46
45
12
47
50
10
10
11
46
163
11
82
12
51
12
47
97
12
50
10
10
10
11
48
50
11
50
10
10
14
115
11
82
11
50
11
96
10
12
102
10
11
47
46
50
10
10
46
165
12
87
12
42
97
12
98
11
51
10
11
45
11
45
10
10
10
10
11
164
11
82
11
102
11
46
46
46
98
11
97
12
103
11
46
50
11
124
12
72
11
102
12
46
99
12
50
10
10
10
10
10
10
11
46
12
159
12
87
12
51
12
48
94
12
11
57
12
46
46
10
10
12
99
12
46
12
129
68
12
104
12
93
12
103
10
10
10
10
10
12
48
48
46
164
12
83
12
97
10
51
12
51
10
10
10
11
51
12
46
99
11
45
12
113
11
86
11
92
56
11
50
10
10
10
10
10
10
11
46
50
10
10
10
10
11
114
12
86
11
93
10
10
13
97
56
10
10
10
10
10
10
10
11
97
12
118
11
83
11
96
12
50
10
12
46
51
12
45
10
10
10
10
11
97
14
113
12
87
12
46
102
12
97
12
46
12
98
10
50
12
51
14
115
12
83
11
97
12
50
10
10
10
10
11
50
12
51
10
10
10
10
12
99
11
112
12
87
12
93
10
10
10
10
10
57
11
50
10
11
97
12
102
12
129
10
72
12
42
41
41
46
10
11
97
11
46
45
10
46
46
46
98
11
113
12
87
12
51
12
97
10
10
10
10
10
10
10
10
10
10
10
97
11
130
11
71
11
96
12
50
12
51
12
47
47
102
10
10
10
10
10
10
12
109
12
88
11
92
10
10
10
10
10
10
10
10
10
10
10
57
10
10
10
12
129
71
11
97
12
102
12
41
46
12
98
12
46
99
12
47
158
12
92
11
97
12
46
11
47
93
10
10
11
56
10
10
10
10
11
47
164
11
83
12
51
12
45
11
48
46
47
47
51
10
11
46
99
10
10
10
13
117
11
82
10
92
103
11
50
12
46
12
11
103
10
10
10
10
10
11
112
12
88
11
97
12
92
10
56
10
10
10
10
10
10
10
11
47
46
164
11
84
12
99
12
102
10
10
11
96
10
10
10
10
10
11
50
12
129
10
71
11
96
11
46
97
12
10
10
10
10
10
10
10
10
10
10
10
11
115
12
92
11
96
11
47
46
47
48
97
10
10
11
102
10
11
48
162
11
87
11
97
11
99
12
51
10
51
10
10
10
12
51
10
11
46
158
11
89
12
98
10
46
51
10
10
10
11
51
10
10
10
11
97
16
130
12
72
12
93
12
56
13
42
99
10
10
10
10
12
45
12
98
16
123
11
76
11
97
12
51
10
10
11
50
11
50
12
47
99
12
51
10
11
156
12
92
12
51
12
92
10
10
10
10
12
52
50
12
102
10
10
10
14
124
12
72
10
46
12
46
10
11
98
11
51
10
12
104
12
46
45
10
11
122
12
79
12
92
12
46
12
51
50
10
12
50
10
10
10
11
50
11
50
11
108
11
88
11
48
101
11
47
50
10
10
12
46
46
46
46
46
46
50
10
10
14
109
11
86
10
45
11
97
10
10
11
102
10
11
51
11
51
12
45
11
109
12
87
12
50
12
97
10
10
51
10
10
10
10
10
10
10
10
10
10
10
11
113
12
89
11
98
11
47
48
47
97
11
102
11
50
10
50
12
46
157
12
92
12
98
12
47
48
47
50
11
46
47
50
11
45
10
10
10
10
13
123
11
72
12
102
11
46
12
46
98
10
10
11
97
12
102
12
114
11
83
11
50
11
98
10
10
10
10
11
102
11
51
12
45
10
10
10
11
108
12
87
12
103
10
51
10
10
12
46
46
45
10
10
10
10
10
10
11
159
12
86
11
51
12
46
98
10
10
10
10
11
47
46
97
10
10
10
10
12
124
12
77
11
97
10
104
10
10
10
11
99
10
10
10
10
10
10
13
130
68
11
98
12
48
98
10
102
10
11
97
10
11
51
10
10
14
113
12
87
10
102
11
45
12
45
11
46
46
45
10
10
10
10
10
10
10
13
113
10
82
12
104
10
11
98
10
11
48
51
10
10
10
11
97
12
114
12
83
11
99
10
10
10
10
11
50
10
11
102
11
46
46
46
46
163
12
82
10
102
10
12
11
11
45
11
12
10
12
96
11
52
12
48
48
163
12
84
11
51
12
102
12
45
11
46
46
46
46
98
11
51
12
46
15
110
11
89
11
97
10
51
12
50
10
10
12
46
45
11
97
10
10
11
162
12
87
12
46
10
11
97
12
103
10
10
12
46
46
46
50
11
47
160
10
86
11
98
10
10
10
10
10
10
10
10
11
11
10
10
11
10
11
102
13
115
12
83
11
50
12
46
50
11
98
10
10
11
46
46
102
10
10
11
109
10
88
12
98
10
10
11
98
10
12
50
10
10
10
10
10
10
10
13
113
12
87
11
97
12
50
10
10
10
11
10
10
10
10
10
10
11
11
11
14
113
11
86
10
51
11
45
10
10
10
10
10
10
10
10
10
10
10
10
10
10
11
111
12
86
11
50
11
46
98
12
97
10
10
10
11
102
12
97
11
114
11
36
89
11
46
45
11
45
10
10
11
48
12
46
98
10
10
10
10
12
110
14
110
12
78
12
46
96
12
50
10
10
10
10
10
12
103
10
11
103
12
97
10
45
11
46
10
98
10
10
11
98
12
50
12
98
11
98
12
116
13
134
11
98
11
107
11
45
10
11
10
11
11
11
11
11
155
10
93
12
93
12
50
12
50
10
10
10
10
10
10
10
12
51
10
11
175
12
21
21
71
12
102
12
99
12
47
99
11
50
11
46
46
47
104
11
98
10
41
99
11
45
10
10
12
10
10
10
10
11
11
10
12
11
10
18
122
11
76
11
45
12
97
10
10
10
12
48
48
47
46
46
50
10
10
46
46
123
11
77
12
97
11
10
10
10
11
45
10
10
10
11
12
10
10
10
10
12
107
12
145
12
99
12
97
11
46
11
11
10
10
11
12
10
10
10
12
104
14
93
10
102
11
99
12
11
11
11
46
10
11
10
10
11
10
10
11
15
111
12
87
10
46
11
10
11
10
10
11
46
99
12
10
12
48
12
11
10
13
115
12
83
12
47
48
48
47
48
51
10
10
10
10
10
10
10
10
10
11
98
16
113
12
83
11
102
10
12
11
10
10
11
11
11
12
10
10
10
11
47
160
12
88
11
51
12
46
10
10
10
11
46
46
10
10
10
12
46
45
11
46
160
12
88
10
51
11
46
10
10
12
46
10
10
10
12
45
12
99
10
10
19
111
12
87
10
98
10
51
12
47
46
46
11
10
10
11
12
10
12
10
10
12
110
12
89
10
12
45
10
11
99
10
10
11
46
46
11
46
46
45
10
10
12
110
12
87
10
50
10
10
10
11
47
47
46
46
46
46
46
47
98
10
10
14
147
10
102
10
46
10
45
10
10
11
47
47
46
99
10
11
50
11
45
13
105
11
93
11
50
10
47
98
12
11
97
10
11
102
12
51
12
11
12
12
107
11
93
12
97
11
98
10
50
10
10
10
10
10
10
10
10
10
10
14
144
12
104
12
102
12
45
11
11
10
10
10
10
11
11
10
11
11
10
13
124
11
21
72
12
51
10
10
10
10
10
10
10
10
10
10
10
10
10
10
11
46
142
12
56
11
101
11
97
10
50
10
10
10
10
11
46
46
46
46
154
11
92
11
51
10
51
12
47
10
10
10
11
47
48
50
10
10
10
10
10
10
16
127
11
72
11
97
11
51
10
10
10
10
10
10
10
10
10
10
11
47
46
152
12
97
11
97
11
103
12
46
46
46
99
10
10
10
10
10
10
15
127
11
73
11
97
11
97
11
51
50
10
10
10
10
10
11
50
10
10
11
180
12
17
16
16
17
16
16
16
10
11
10
12
16
15
12
15
11
15
10
10
13
69
11
46
97
11
52
12
45
10
12
98
10
10
10
10
10
10
12
12
10
10
14
122
11
73
12
51
12
51
10
10
10
10
10
10
10
10
10
10
10
10
10
10
14
124
11
71
12
50
12
50
10
50
11
97
10
10
10
10
102
11
50
14
121
10
26
26
26
26
25
11
25
10
10
10
10
11
26
26
26
77
12
50
10
11
166
11
81
10
101
11
45
10
10
11
46
45
10
46
10
11
46
96
18
132
11
66
11
101
11
50
10
10
10
10
96
10
50
50
101
10
10
10
162
11
87
11
46
99
10
50
10
10
12
45
10
10
10
45
10
45
10
10
14
115
12
84
12
45
10
10
10
10
46
46
46
46
10
46
45
45
12
46
45
10
10
16
123
11
73
12
51
12
45
10
46
10
46
45
46
45
45
45
45
45
10
10
10
14
131
68
11
97
11
102
12
45
45
11
45
45
45
10
45
45
45
45
161
11
87
10
96
11
50
10
51
10
50
10
10
10
10
10
10
10
10
10
10
14
126
12
73
11
51
10
45
46
45
10
10
45
10
10
10
45
45
45
10
10
10
22
143
11
102
12
98
12
102
10
10
10
10
10
10
10
96
10
51
18
111
11
87
12
50
50
10
51
10
10
10
50
10
10
10
10
10
46
45
10
45
45
105
11
93
10
50
10
45
96
10
51
10
10
10
10
10
45
10
10
10
10
187
62
11
46
45
45
10
46
10
46
10
10
10
45
45
96
10
50
10
50
14
106
12
94
12
46
12
46
10
10
10
10
12
46
46
10
10
10
10
10
10
10
97
21
138
63
12
98
10
50
10
51
10
10
10
10
96
10
10
101
14
126
11
77
12
96
11
101
10
101
10
50
10
10
10
10
10
10
10
10
180
68
12
97
11
96
11
55
10
10
10
10
10
10
45
45
45
45
156
11
92
12
97
12
51
10
10
10
51
10
10
10
10
10
10
10
10
45
18
128
68
12
103
10
92
10
51
10
10
10
10
10
10
10
50
10
50
10
10
15
106
15
93
12
104
12
99
12
45
10
10
45
10
10
10
11
45
10
45
14
100
14
97
11
98
12
97
12
102
10
50
10
10
10
11
45
10
10
17
128
12
72
11
45
97
10
51
10
10
11
46
46
46
45
10
10
10
10
10
15
119
11
81
12
45
10
40
10
46
10
10
45
10
10
10
10
10
10
12
46
10
18
128
68
12
97
11
96
11
51
50
52
10
45
11
45
10
10
10
10
45
172
11
76
11
97
10
46
10
10
50
10
10
10
50
10
10
101
10
45
16
118
12
78
12
102
10
10
10
10
10
10
10
10
50
10
45
10
10
10
10
45
159
11
87
12
102
10
45
10
10
10
46
45
45
97
10
102
10
96
15
129
12
71
11
102
12
45
10
10
10
10
10
10
10
10
12
98
16
112
11
86
11
51
12
46
46
50
11
46
46
46
45
12
45
10
11
45
12
94
19
114
11
87
11
97
12
50
12
104
12
98
10
10
10
10
10
10
10
15
113
12
88
11
97
11
97
11
50
11
51
51
10
10
50
11
46
46
46
23
109
14
88
12
97
12
102
12
47
97
11
50
10
10
10
10
10
10
10
15
127
12
71
10
51
12
50
12
46
46
45
10
10
10
11
50
11
46
46
46
161
12
87
10
102
11
45
10
10
11
45
11
45
10
10
10
10
10
10
10
10
18
108
12
88
11
102
12
99
12
46
12
46
10
10
12
45
10
11
46
20
108
12
88
12
51
12
46
47
46
47
47
46
12
47
46
98
12
50
10
11
46
20
108
13
88
12
102
12
99
12
51
12
45
10
11
98
10
11
46
157
12
89
11
51
12
50
10
10
11
50
10
12
47
45
11
45
10
11
45
10
11
159
12
89
12
46
97
12
51
12
97
10
10
10
50
10
10
10
11
102
19
106
12
92
10
10
11
41
11
50
11
40
10
10
10
11
46
45
10
10
